invasiveSpecies/multiSpecies/data/biophysical_var/2050_85/kenya_srtm30meters_conservancies_final.asc
ncols         347
nrows         295
xllcorner     36.068012264173
yllcorner     0.13039239511974
cellsize      0.0083333333333333
NODATA_value  -9999
[rows 148 to 184 of 295, columns 84 to 167 of 347]
-9999 -9999 -9999 -9999 -9999 -9999 -9999 -9999 -9999 -9999 -9999 -9999 -9999 -9999 -9999 -9999 -9999 -9999 -9999 -9999 -9999 -9999 -9999 -9999 -9999 -9999 -9999 -9999 -9999 -9999 -9999 -9999 -9999 -9999 -9999 -9999 -9999 -9999 -9999 -9999 -9999 844 879 910 994 978 1075 1186 1275 1306 1166 1121 1211 1396 1662 1615 1704 1713 1376 1205 1167 1055 1057 934 892 863 839 821 805 802 785 784 776 783 784 782 776 763 761 760 785 776 751 764
-9999 -9999 -9999 -9999 -9999 -9999 -9999 -9999 -9999 -9999 -9999 -9999 -9999 -9999 -9999 -9999 -9999 -9999 -9999 -9999 -9999 -9999 -9999 -9999 -9999 -9999 -9999 -9999 -9999 -9999 -9999 -9999 -9999 -9999 -9999 -9999 -9999 -9999 -9999 -9999 -9999 849 889 909 938 1037 1171 1241 1292 1333 1269 1158 1197 1320 1522 1487 1747 1665 1637 1334 1237 1078 1031 995 924 879 847 828 807 794 793 788 783 785 801 798 776 780 778 771 777 762 759 768
-9999 -9999 -9999 -9999 -9999 -9999 -9999 -9999 -9999 -9999 -9999 -9999 -9999 -9999 -9999 -9999 -9999 -9999 -9999 -9999 -9999 -9999 -9999 -9999 -9999 -9999 -9999 -9999 -9999 -9999 -9999 -9999 -9999 -9999 -9999 -9999 -9999 -9999 -9999 -9999 -9999 857 971 938 982 1053 1166 1337 1322 1364 1328 1181 1161 1197 1319 1350 1388 1435 1574 1436 1276 1202 1202 1188 997 1011 902 843 814 800 802 812 817 810 813 805 791 789 780 778 780 787 775 781
-9999 -9999 -9999 -9999 -9999 -9999 -9999 -9999 -9999 -9999 -9999 -9999 -9999 -9999 -9999 -9999 -9999 -9999 -9999 -9999 -9999 -9999 -9999 -9999 -9999 -9999 -9999 -9999 -9999 -9999 -9999 -9999 -9999 -9999 -9999 -9999 -9999 -9999 -9999 -9999 -9999 861 982 978 1023 1098 1241 1433 1367 1443 1396 1219 1207 1206 1219 1262 1388 1419 1633 1686 1384 1370 1354 1361 1119 1211 958 858 825 819 804 810 828 810 822 805 798 813 796 782 791 793 782 770
-9999 -9999 -9999 -9999 -9999 -9999 -9999 -9999 -9999 -9999 -9999 -9999 -9999 -9999 -9999 -9999 -9999 -9999 -9999 -9999 -9999 -9999 -9999 -9999 -9999 -9999 -9999 -9999 -9999 -9999 -9999 -9999 -9999 -9999 -9999 -9999 -9999 -9999 -9999 -9999 -9999 862 991 972 1068 1180 1174 1298 1274 1319 1367 1286 1314 1232 1358 1506 1572 1761 1833 1974 1526 1683 1476 1544 1217 1337 1135 903 840 824 828 830 830 832 841 821 815 806 800 800 790 785 767 755
-9999 -9999 -9999 -9999 -9999 -9999 -9999 -9999 -9999 -9999 -9999 -9999 -9999 -9999 -9999 -9999 -9999 -9999 -9999 -9999 -9999 -9999 -9999 -9999 -9999 -9999 -9999 -9999 -9999 -9999 -9999 -9999 -9999 -9999 -9999 -9999 -9999 -9999 -9999 -9999 -9999 862 919 933 1075 1175 1447 1365 1337 1429 1579 1354 1416 1297 1418 1662 1501 1786 2100 2255 1925 2030 1656 1792 1584 1516 1259 1026 868 837 856 838 850 864 883 829 829 816 807 794 788 775 781 763
-9999 -9999 -9999 -9999 -9999 -9999 -9999 -9999 -9999 -9999 -9999 -9999 -9999 -9999 -9999 -9999 -9999 -9999 -9999 -9999 -9999 -9999 -9999 -9999 -9999 -9999 -9999 -9999 -9999 -9999 -9999 -9999 -9999 -9999 -9999 -9999 -9999 -9999 -9999 -9999 -9999 -9999 904 915 1022 1182 1216 1354 1354 1379 1613 1501 1435 1428 1455 1611 1723 2042 2097 2201 1849 1954 2231 2107 1770 1412 1078 931 887 855 874 882 868 890 858 845 845 832 820 807 795 785 768 758
-9999 -9999 -9999 -9999 -9999 -9999 -9999 -9999 -9999 -9999 -9999 -9999 -9999 -9999 -9999 -9999 -9999 -9999 -9999 -9999 -9999 -9999 -9999 -9999 -9999 -9999 -9999 -9999 -9999 -9999 -9999 -9999 -9999 -9999 -9999 -9999 -9999 -9999 -9999 -9999 -9999 -9999 882 936 1023 1210 1468 1376 1381 1469 1727 1665 1540 1635 1525 1650 1983 2203 2278 1999 1842 1742 1977 1782 1372 1194 1074 981 912 882 883 1037 899 881 886 874 865 851 828 811 799 788 774 767
-9999 -9999 -9999 -9999 -9999 -9999 -9999 -9999 -9999 -9999 -9999 -9999 -9999 -9999 -9999 -9999 -9999 -9999 -9999 -9999 -9999 -9999 -9999 -9999 -9999 -9999 -9999 -9999 -9999 -9999 -9999 -9999 -9999 -9999 -9999 -9999 -9999 -9999 -9999 -9999 -9999 -9999 933 961 1056 1225 1406 1315 1365 1422 1636 1749 1549 1796 1611 1831 2107 2234 2261 2032 1750 1614 1857 1987 1713 1399 1160 1132 1004 937 950 1010 936 934 926 915 893 867 842 816 797 784 777 781
-9999 -9999 -9999 -9999 -9999 -9999 -9999 -9999 -9999 -9999 -9999 -9999 -9999 -9999 -9999 -9999 -9999 -9999 -9999 -9999 -9999 -9999 -9999 -9999 -9999 -9999 -9999 -9999 -9999 -9999 -9999 -9999 -9999 -9999 -9999 -9999 -9999 -9999 -9999 -9999 -9999 -9999 906 978 1097 1274 1417 1293 1335 1477 1436 1620 1446 1616 1790 2093 2174 2253 2258 2245 1977 1554 1701 1789 2199 1703 1312 1123 1057 1099 990 1140 1125 1217 1181 962 931 925 859 827 818 796 791 796
-9999 -9999 -9999 -9999 -9999 -9999 -9999 -9999 -9999 -9999 -9999 -9999 -9999 -9999 -9999 -9999 -9999 -9999 -9999 -9999 -9999 -9999 -9999 -9999 -9999 -9999 -9999 -9999 -9999 -9999 -9999 -9999 -9999 -9999 -9999 -9999 -9999 -9999 -9999 -9999 -9999 869 916 969 1057 1283 1367 1296 1317 1313 1320 1401 1410 1512 1823 2089 2278 2263 2271 2274 1937 1560 1515 1746 2027 2041 1571 1392 1129 1141 1144 1271 1202 1302 1386 1364 1392 1096 883 842 816 798 803 793
-9999 -9999 -9999 -9999 -9999 -9999 -9999 -9999 -9999 -9999 -9999 -9999 -9999 -9999 -9999 -9999 -9999 -9999 -9999 -9999 -9999 -9999 -9999 -9999 -9999 -9999 -9999 -9999 -9999 -9999 -9999 -9999 -9999 -9999 -9999 -9999 -9999 -9999 -9999 -9999 -9999 886 901 1006 1071 1213 1381 1226 1290 1285 1305 1300 1369 1555 1892 2134 2241 2086 2229 2249 2116 1686 1428 1511 1701 1849 1595 1566 1262 1245 1291 1413 1201 1013 1044 982 1271 975 875 841 822 811 801 794
-9999 -9999 -9999 -9999 -9999 -9999 -9999 -9999 -9999 -9999 -9999 -9999 -9999 -9999 -9999 -9999 -9999 -9999 -9999 -9999 -9999 -9999 -9999 -9999 -9999 -9999 -9999 -9999 -9999 -9999 -9999 -9999 -9999 -9999 -9999 -9999 -9999 -9999 -9999 -9999 886 893 912 968 1080 1228 1188 1145 1167 1232 1297 1394 1485 1539 1792 2057 2175 1956 2035 2261 2043 1736 1442 1474 1762 2044 2175 2022 1679 1530 1453 1328 1186 1064 933 907 958 888 864 839 819 811 802 797
-9999 -9999 -9999 -9999 -9999 -9999 -9999 -9999 -9999 -9999 -9999 -9999 -9999 -9999 -9999 -9999 -9999 -9999 -9999 -9999 -9999 -9999 -9999 -9999 -9999 -9999 -9999 -9999 -9999 -9999 -9999 -9999 -9999 -9999 -9999 -9999 -9999 -9999 -9999 -9999 899 904 942 1021 1041 1193 1112 1177 1215 1309 1363 1376 1570 1587 1907 1967 2097 1993 1951 2165 2066 1936 1479 1460 1641 1931 2143 2063 1723 1569 1223 1162 1139 951 909 887 867 854 839 832 822 814 804 799
-9999 -9999 -9999 -9999 -9999 -9999 -9999 -9999 -9999 -9999 -9999 -9999 -9999 -9999 -9999 -9999 -9999 -9999 -9999 -9999 -9999 -9999 -9999 -9999 -9999 -9999 -9999 -9999 -9999 -9999 -9999 -9999 -9999 -9999 -9999 -9999 -9999 -9999 -9999 -9999 898 948 927 980 1061 1098 1162 1232 1188 1246 1303 1335 1438 1552 1780 1900 2080 1924 1726 2084 2052 1821 1480 1373 1497 1818 1849 1879 1836 1305 1168 1174 1008 923 896 883 868 848 846 836 829 815 805 808
-9999 -9999 -9999 -9999 -9999 -9999 -9999 -9999 -9999 -9999 -9999 -9999 -9999 -9999 -9999 -9999 -9999 -9999 -9999 -9999 -9999 -9999 -9999 -9999 -9999 -9999 -9999 -9999 -9999 -9999 -9999 -9999 -9999 -9999 -9999 -9999 -9999 -9999 -9999 -9999 -9999 943 951 996 1112 1230 1429 1298 1281 1308 1326 1351 1724 1651 1715 1904 1768 2007 1596 1901 2036 1925 1570 1368 1434 1617 1770 1826 1841 1298 1157 1119 1141 1003 938 907 885 880 861 850 832 821 822 813
-9999 -9999 -9999 -9999 -9999 -9999 -9999 -9999 -9999 -9999 -9999 -9999 -9999 -9999 -9999 -9999 -9999 -9999 -9999 -9999 -9999 -9999 -9999 -9999 -9999 -9999 -9999 -9999 -9999 -9999 -9999 -9999 -9999 -9999 -9999 -9999 -9999 -9999 -9999 -9999 -9999 960 974 1061 1181 1240 1544 1350 1313 1347 1409 1514 1820 1546 1573 1893 1589 1817 1620 1659 2043 1822 1627 1363 1333 1447 1515 1665 1785 1683 1410 1377 1159 1034 1000 991 901 876 864 850 834 829 826 822
-9999 -9999 -9999 -9999 -9999 -9999 -9999 -9999 -9999 -9999 -9999 -9999 -9999 -9999 -9999 -9999 -9999 -9999 -9999 -9999 -9999 -9999 -9999 -9999 -9999 -9999 -9999 -9999 -9999 -9999 -9999 -9999 -9999 -9999 -9999 -9999 -9999 -9999 -9999 -9999 -9999 929 986 1033 1200 1214 1378 1286 1317 1343 1463 1581 1839 1520 1449 1739 1625 1630 1669 1515 1802 1729 1596 1425 1324 1434 1549 1577 1628 1607 1332 1321 1217 1076 944 910 908 910 897 860 846 836 829 822
-9999 -9999 -9999 -9999 -9999 -9999 -9999 -9999 -9999 -9999 -9999 -9999 -9999 -9999 -9999 -9999 -9999 -9999 -9999 -9999 -9999 -9999 -9999 -9999 -9999 -9999 -9999 -9999 -9999 -9999 -9999 -9999 -9999 -9999 -9999 -9999 -9999 -9999 -9999 -9999 -9999 937 969 1041 1140 1202 1185 1213 1280 1310 1344 1394 1682 1524 1390 1531 1611 1535 1597 1385 1592 1699 1678 1535 1334 1315 1396 1485 1574 1680 1377 1134 1008 969 1000 1001 973 971 903 854 848 837 833 829
-9999 -9999 -9999 -9999 -9999 -9999 -9999 -9999 -9999 -9999 -9999 -9999 -9999 -9999 -9999 -9999 -9999 -9999 -9999 -9999 -9999 -9999 -9999 -9999 -9999 -9999 -9999 -9999 -9999 -9999 -9999 -9999 -9999 -9999 -9999 -9999 -9999 -9999 -9999 -9999 -9999 934 958 1020 1143 1158 1257 1286 1272 1318 1360 1540 1605 1460 1384 1418 1575 1394 1541 1302 1408 1430 1523 1434 1300 1337 1479 1643 1775 1477 1262 1236 1047 1111 1005 929 898 918 903 941 872 862 847 843
-9999 -9999 -9999 -9999 -9999 -9999 -9999 -9999 -9999 -9999 -9999 -9999 -9999 -9999 -9999 -9999 -9999 -9999 -9999 -9999 -9999 -9999 -9999 -9999 -9999 -9999 -9999 -9999 -9999 -9999 -9999 -9999 -9999 -9999 -9999 -9999 -9999 -9999 -9999 -9999 -9999 -9999 981 1034 1155 1235 1248 1366 1335 1316 1357 1398 1436 1423 1372 1360 1513 1458 1374 1299 1300 1358 1328 1459 1311 1324 1409 1623 1500 1436 1438 1215 1071 1043 985 980 956 1079 1097 1092 929 890 863 861
-9999 -9999 -9999 -9999 -9999 -9999 -9999 -9999 -9999 -9999 -9999 -9999 -9999 -9999 -9999 -9999 -9999 -9999 -9999 -9999 -9999 -9999 -9999 -9999 -9999 -9999 -9999 -9999 -9999 -9999 -9999 -9999 -9999 -9999 -9999 -9999 -9999 -9999 -9999 -9999 -9999 -9999 986 1082 1183 1255 1279 1274 1290 1335 1354 1386 1440 1516 1389 1324 1550 1364 1335 1320 1289 1304 1270 1286 1319 1325 1355 1387 1388 1408 1292 1306 1380 1193 1047 1059 1154 1242 1366 1313 1055 1020 889 878
-9999 -9999 -9999 -9999 -9999 -9999 -9999 -9999 -9999 -9999 -9999 -9999 -9999 -9999 -9999 -9999 -9999 -9999 -9999 -9999 -9999 -9999 -9999 -9999 -9999 -9999 -9999 -9999 -9999 -9999 -9999 -9999 -9999 -9999 -9999 -9999 -9999 -9999 -9999 -9999 -9999 944 985 1038 1161 1179 1223 1314 1345 1373 1360 1387 1465 1338 1355 1288 1332 1338 1295 1274 1285 1264 1283 1351 1483 1382 1438 1454 1401 1454 1517 1540 1890 1485 1217 1200 1207 1404 1337 1115 1005 996 949 908
-9999 -9999 -9999 -9999 -9999 -9999 -9999 -9999 -9999 -9999 -9999 -9999 -9999 -9999 -9999 -9999 -9999 -9999 -9999 -9999 -9999 -9999 -9999 -9999 -9999 -9999 -9999 -9999 -9999 -9999 -9999 -9999 -9999 -9999 -9999 -9999 -9999 -9999 -9999 -9999 -9999 1034 1033 1062 1192 1188 1237 1264 1400 1426 1399 1370 1302 1339 1320 1290 1311 1287 1267 1267 1270 1293 1316 1485 1634 1527 1554 1656 1408 1757 1843 1683 1995 1760 1663 1610 1566 1546 1270 1208 1323 1288 1181 934
-9999 -9999 -9999 -9999 -9999 -9999 -9999 -9999 -9999 -9999 -9999 -9999 -9999 -9999 -9999 -9999 -9999 -9999 -9999 -9999 -9999 -9999 -9999 -9999 -9999 -9999 -9999 -9999 -9999 -9999 -9999 -9999 -9999 -9999 -9999 -9999 -9999 -9999 -9999 -9999 -9999 981 1057 1061 1169 1228 1232 1300 1328 1551 1382 1395 1297 1315 1295 1246 1251 1254 1223 1265 1291 1308 1343 1463 1659 1810 1625 1892 1568 1720 1968 1839 1972 1670 1339 1392 1367 1169 1338 1358 1478 1408 1122 940
-9999 -9999 -9999 -9999 -9999 -9999 -9999 -9999 -9999 -9999 -9999 -9999 -9999 -9999 -9999 -9999 -9999 -9999 -9999 -9999 -9999 -9999 -9999 -9999 -9999 -9999 -9999 -9999 -9999 -9999 -9999 -9999 -9999 -9999 -9999 -9999 -9999 -9999 -9999 -9999 1002 1014 1079 1060 1122 1224 1255 1250 1292 1318 1349 1305 1307 1257 1281 1242 1233 1264 1361 1300 1270 1312 1394 1547 1880 1818 1772 1972 1852 1707 2005 1831 1937 1541 1227 1226 1257 1041 1125 1107 1287 1235 1181 1000
-9999 -9999 -9999 -9999 -9999 -9999 -9999 -9999 -9999 -9999 -9999 -9999 -9999 -9999 -9999 -9999 -9999 -9999 -9999 -9999 -9999 -9999 -9999 -9999 -9999 -9999 -9999 -9999 -9999 -9999 -9999 -9999 -9999 -9999 -9999 -9999 -9999 -9999 -9999 -9999 1014 1019 1093 1080 1099 1188 1192 1217 1251 1263 1267 1281 1257 1245 1231 1198 1254 1273 1321 1418 1346 1331 1448 1540 1736 2086 2019 2015 2028 1797 1968 1918 1831 1400 1173 1057 1074 963 951 972 1342 1547 1296 1117
-9999 -9999 -9999 -9999 -9999 -9999 -9999 -9999 -9999 -9999 -9999 -9999 -9999 -9999 -9999 -9999 -9999 -9999 -9999 -9999 -9999 -9999 -9999 -9999 -9999 -9999 -9999 -9999 -9999 -9999 -9999 -9999 -9999 -9999 -9999 -9999 -9999 -9999 -9999 -9999 1051 1030 1029 1088 1138 1175 1167 1213 1209 1205 1248 1261 1242 1217 1211 1230 1270 1290 1458 1621 1378 1380 1425 1507 1614 1864 2014 1999 2232 2012 1728 1791 1508 1342 1081 994 979 935 918 928 1064 1394 1042 921
-9999 -9999 -9999 -9999 -9999 -9999 -9999 -9999 -9999 -9999 -9999 -9999 -9999 -9999 -9999 -9999 -9999 -9999 -9999 -9999 -9999 -9999 -9999 -9999 -9999 -9999 -9999 -9999 -9999 -9999 -9999 -9999 -9999 -9999 -9999 -9999 -9999 -9999 -9999 -9999 -9999 1081 1022 1087 1131 1200 1140 1170 1198 1169 1189 1240 1179 1254 1183 1286 1324 1307 1578 1743 1574 1435 1446 1511 1531 1554 1799 2048 2021 1735 1590 1501 1531 1399 1135 970 927 918 893 888 914 956 965 874
-9999 -9999 -9999 -9999 -9999 -9999 -9999 -9999 -9999 -9999 -9999 -9999 -9999 -9999 -9999 -9999 -9999 -9999 -9999 -9999 -9999 -9999 -9999 -9999 -9999 -9999 -9999 -9999 -9999 -9999 -9999 -9999 -9999 -9999 -9999 -9999 -9999 -9999 -9999 -9999 -9999 1092 1053 1061 1079 1055 1120 1152 1158 1125 1175 1149 1129 1138 1185 1254 1282 1298 1352 1388 1604 1625 1471 1454 1475 1627 1718 1835 2055 1619 1634 1192 1223 1291 1205 1004 902 884 877 869 862 866 876 845
-9999 -9999 -9999 -9999 -9999 -9999 -9999 -9999 -9999 -9999 -9999 -9999 -9999 -9999 -9999 -9999 -9999 -9999 -9999 -9999 -9999 -9999 -9999 -9999 -9999 -9999 -9999 -9999 -9999 -9999 -9999 -9999 -9999 -9999 1052 1074 -9999 -9999 -9999 -9999 -9999 1135 1100 1079 1088 1058 1097 1084 1100 1095 1129 1151 1219 1179 1201 1262 1267 1282 1316 1351 1404 1428 1436 1657 1584 1536 1604 1706 2060 1562 1386 1176 1059 1003 1292 1063 919 880 862 847 842 828 822 814
-9999 -9999 -9999 -9999 -9999 -9999 -9999 -9999 -9999 -9999 -9999 -9999 -9999 -9999 -9999 -9999 -9999 -9999 -9999 -9999 -9999 -9999 -9999 -9999 -9999 -9999 -9999 -9999 -9999 -9999 -9999 -9999 -9999 1051 1066 1100 1123 -9999 -9999 -9999 -9999 1168 1114 1123 1110 1100 1085 1119 1122 1148 1166 1166 1187 1221 1212 1234 1271 1271 1291 1319 1354 1353 1398 1523 1670 1572 1640 1763 1608 1356 1296 1216 999 953 1080 1097 927 881 857 857 844 828 819 808
-9999 -9999 -9999 -9999 -9999 -9999 -9999 -9999 -9999 -9999 -9999 -9999 -9999 -9999 -9999 -9999 -9999 -9999 -9999 -9999 -9999 -9999 -9999 -9999 -9999 -9999 -9999 -9999 -9999 -9999 -9999 -9999 -9999 1073 1101 1125 1119 1145 -9999 -9999 -9999 1177 1165 1173 1137 1138 1111 1130 1142 1175 1196 1186 1212 1251 1254 1255 1259 1271 1269 1289 1299 1334 1417 1473 1524 1610 1642 1579 1285 1305 1106 1172 965 927 948 1328 989 879 857 837 849 832 817 811
-9999 -9999 -9999 -9999 -9999 -9999 -9999 -9999 -9999 -9999 -9999 -9999 -9999 -9999 -9999 -9999 -9999 -9999 -9999 -9999 -9999 -9999 -9999 -9999 -9999 -9999 -9999 -9999 -9999 -9999 -9999 -9999 -9999 1069 1154 1129 1135 1166 -9999 -9999 1152 1186 1196 1186 1168 1141 1152 1151 1161 1176 1216 1239 1229 1269 1259 1275 1277 1292 1287 1325 1345 1391 1347 1468 1637 1683 1658 1459 1203 1148 1038 994 938 911 900 1142 959 879 845 846 824 832 817 813
-9999 -9999 -9999 -9999 -9999 -9999 -9999 -9999 -9999 -9999 -9999 -9999 -9999 -9999 -9999 -9999 -9999 -9999 -9999 -9999 -9999 -9999 -9999 -9999 -9999 -9999 -9999 -9999 -9999 -9999 -9999 -9999 -9999 1079 1128 1168 1151 1170 1214 -9999 -9999 1187 1216 1188 1191 1194 1155 1170 1199 1175 1230 1273 1277 1277 1292 1299 1293 1333 1310 1349 1520 1527 1421 1529 1529 1729 1848 1465 1195 1058 961 962 934 897 887 900 889 859 841 832 827 822 818 819
-9999 -9999 -9999 -9999 -9999 -9999 -9999 -9999 -9999 -9999 -9999 -9999 -9999 -9999 -9999 -9999 -9999 -9999 -9999 -9999 -9999 -9999 -9999 -9999 -9999 -9999 -9999 -9999 -9999 -9999 -9999 -9999 -9999 1095 1139 1150 1196 1184 1195 -9999 1180 1187 1231 1204 1232 1213 1184 1188 1232 1206 1225 1249 1295 1300 1306 1313 1302 1319 1300 1329 1447 1380 1440 1552 1509 1644 1838 1605 1323 1071 949 924 903 889 879 870 859 850 839 840 830 833 824 828
-9999 -9999 -9999 -9999 -9999 -9999 -9999 -9999 -9999 -9999 -9999 -9999 -9999 -9999 -9999 -9999 -9999 -9999 -9999 -9999 -9999 -9999 -9999 -9999 -9999 -9999 -9999 -9999 -9999 -9999 -9999 -9999 -9999 1118 1123 1153 1192 1213 1215 1229 1195 1196 1218 1248 1266 1243 1215 1199 1227 1228 1216 1244 1289 1283 1294 1304 1289 1304 1293 1295 1322 1338 1342 1341 1340 1357 1473 1544 1248 1145 1031 914 901 884 872 862 856 848 847 840 836 830 833 841
