invasiveSpecies/multiSpecies/data/biophysical_var/2050_85/kenya_srtm30meters_conservancies_final.asc
ncols         347
nrows         295
xllcorner     36.068012264173
yllcorner     0.13039239511974
cellsize      0.0083333333333333
NODATA_value  -9999
[rows 74 to 110 of 295, columns 168 to 251 of 347]
-9999 -9999 -9999 -9999 -9999 -9999 -9999 -9999 -9999 -9999 -9999 -9999 -9999 -9999 -9999 -9999 -9999 -9999 -9999 -9999 -9999 -9999 -9999 -9999 -9999 -9999 -9999 -9999 -9999 -9999 544 540 542 535 537 534 527 525 520 511 507 511 513 501 494 492 483 465 458 456 454 455 455 457 458 451 453 453 446 447 447 438 436 428 429 426 421 426 420 420 419 418 414 411 418 411 453 436 408 404 404 405 402 393
-9999 -9999 -9999 -9999 -9999 -9999 -9999 -9999 -9999 -9999 -9999 -9999 -9999 -9999 -9999 -9999 -9999 -9999 -9999 -9999 -9999 -9999 -9999 -9999 -9999 -9999 -9999 -9999 -9999 537 537 532 531 523 533 528 522 514 513 501 501 507 508 497 483 487 471 463 457 456 453 455 456 450 456 453 451 448 443 441 444 436 436 432 432 430 427 427 425 423 422 419 417 415 413 413 409 407 403 407 404 402 402 397
-9999 -9999 -9999 -9999 -9999 -9999 -9999 -9999 -9999 -9999 -9999 -9999 -9999 -9999 -9999 -9999 -9999 -9999 -9999 -9999 -9999 -9999 -9999 -9999 -9999 -9999 -9999 -9999 -9999 546 532 531 522 518 524 519 517 510 500 491 488 500 492 485 478 465 462 463 459 460 455 453 454 450 452 452 448 449 443 440 437 437 436 431 432 432 429 429 427 418 421 418 413 414 413 408 412 405 405 404 403 400 405 402
-9999 -9999 -9999 -9999 -9999 -9999 -9999 -9999 -9999 -9999 -9999 -9999 -9999 -9999 -9999 -9999 -9999 -9999 -9999 -9999 -9999 -9999 -9999 -9999 -9999 -9999 -9999 -9999 -9999 568 547 529 521 512 513 513 510 503 499 489 486 485 482 471 469 466 465 457 464 460 458 455 454 452 450 451 444 441 444 442 437 439 433 433 429 429 429 426 425 422 420 420 418 414 414 414 410 407 409 409 403 402 398 396
-9999 -9999 -9999 -9999 -9999 -9999 -9999 -9999 -9999 -9999 -9999 -9999 -9999 -9999 -9999 -9999 -9999 -9999 -9999 -9999 -9999 -9999 -9999 -9999 -9999 -9999 -9999 -9999 574 573 547 527 515 504 504 503 497 498 489 484 478 476 475 476 471 466 463 463 461 458 456 454 451 451 449 447 448 442 443 443 440 435 435 431 429 434 427 431 423 421 421 419 417 414 413 415 409 408 407 406 406 401 401 398
-9999 -9999 -9999 -9999 -9999 -9999 -9999 -9999 -9999 -9999 -9999 -9999 -9999 -9999 -9999 -9999 -9999 -9999 -9999 -9999 -9999 -9999 -9999 -9999 -9999 -9999 -9999 -9999 582 569 544 518 509 503 497 492 490 485 486 480 479 475 476 473 469 465 466 464 461 459 454 460 453 451 447 447 446 445 442 439 440 440 435 435 432 430 432 428 426 422 422 419 416 411 411 411 409 410 406 404 403 401 400 396
-9999 -9999 -9999 -9999 -9999 -9999 -9999 -9999 -9999 -9999 -9999 -9999 -9999 -9999 -9999 -9999 -9999 -9999 -9999 -9999 -9999 -9999 -9999 -9999 -9999 -9999 -9999 576 570 553 522 507 501 495 487 486 486 484 484 480 475 477 473 467 467 468 465 462 464 460 455 453 453 450 451 446 447 442 439 439 438 438 434 432 429 430 428 430 426 422 420 417 419 413 413 411 406 407 406 403 404 401 397 397
-9999 -9999 -9999 -9999 -9999 -9999 -9999 -9999 -9999 -9999 -9999 -9999 -9999 -9999 -9999 -9999 -9999 -9999 -9999 -9999 -9999 -9999 -9999 -9999 -9999 -9999 -9999 552 550 529 504 499 497 491 485 490 488 484 482 480 477 473 472 467 466 466 464 459 462 460 457 457 452 453 450 448 446 445 446 443 443 441 436 430 431 428 424 431 427 425 424 417 416 414 413 410 407 405 405 404 401 402 397 398
-9999 -9999 -9999 -9999 -9999 -9999 -9999 -9999 -9999 -9999 -9999 -9999 -9999 -9999 -9999 -9999 -9999 -9999 -9999 -9999 -9999 -9999 -9999 -9999 -9999 -9999 -9999 511 498 500 497 494 500 489 488 485 485 484 480 477 478 472 474 472 468 465 464 463 461 458 458 457 454 453 448 449 445 446 444 438 436 437 436 436 432 432 428 431 426 421 423 418 414 416 414 410 410 408 407 404 400 402 400 400
-9999 -9999 -9999 -9999 -9999 -9999 -9999 -9999 -9999 -9999 -9999 -9999 -9999 -9999 -9999 -9999 -9999 -9999 -9999 -9999 -9999 -9999 -9999 -9999 -9999 -9999 502 499 500 502 496 496 491 489 490 491 485 483 483 481 478 476 471 472 468 467 464 462 459 461 460 456 453 451 455 445 452 452 439 444 444 445 438 435 433 429 429 428 426 422 421 421 415 413 412 412 410 406 406 404 402 400 399 398
-9999 -9999 -9999 -9999 -9999 -9999 -9999 -9999 -9999 -9999 -9999 -9999 -9999 -9999 -9999 -9999 -9999 -9999 -9999 -9999 -9999 -9999 -9999 -9999 -9999 -9999 504 503 501 503 498 495 495 494 490 487 486 483 481 479 478 476 476 472 470 467 465 464 464 461 459 459 453 458 456 460 446 450 443 447 441 440 435 431 435 435 428 432 426 422 423 419 417 413 415 412 411 408 406 404 404 404 402 396
-9999 -9999 -9999 -9999 -9999 -9999 -9999 -9999 -9999 -9999 -9999 -9999 -9999 -9999 -9999 -9999 -9999 -9999 -9999 -9999 -9999 -9999 -9999 -9999 -9999 -9999 508 506 506 504 504 499 497 496 491 491 486 485 479 481 480 478 474 476 473 470 470 463 466 463 460 455 456 456 455 451 457 449 444 439 439 438 438 437 434 429 428 428 422 422 423 419 419 417 413 414 411 406 406 403 403 403 404 398
-9999 -9999 -9999 -9999 -9999 -9999 -9999 -9999 -9999 -9999 -9999 -9999 -9999 -9999 -9999 -9999 -9999 -9999 -9999 -9999 -9999 -9999 -9999 -9999 -9999 510 510 507 504 504 504 500 497 495 493 490 488 486 483 481 481 477 479 471 473 471 470 469 464 466 458 458 458 455 448 450 450 443 443 448 442 439 436 438 431 429 429 430 427 424 423 424 418 420 416 412 412 408 406 403 402 400 394 399
-9999 -9999 -9999 -9999 -9999 -9999 -9999 -9999 -9999 -9999 -9999 -9999 -9999 -9999 -9999 -9999 -9999 -9999 -9999 -9999 -9999 -9999 -9999 -9999 511 513 510 510 510 505 505 502 498 498 493 492 488 491 484 483 485 477 477 475 475 472 469 469 467 462 462 460 460 457 455 450 446 445 439 443 439 442 437 430 434 429 432 426 424 421 423 418 415 411 412 413 410 407 405 404 399 402 395 394
-9999 -9999 -9999 -9999 -9999 -9999 -9999 -9999 -9999 -9999 -9999 -9999 -9999 -9999 -9999 -9999 -9999 -9999 -9999 -9999 -9999 -9999 -9999 514 517 514 510 509 508 507 504 502 499 496 495 493 492 486 485 486 481 480 479 477 477 473 469 469 469 470 462 465 462 459 458 455 453 449 443 443 440 440 432 430 430 428 427 429 420 423 420 421 415 413 418 415 409 411 407 403 400 401 400 399
-9999 -9999 -9999 -9999 -9999 -9999 -9999 -9999 -9999 -9999 -9999 -9999 -9999 -9999 -9999 -9999 -9999 -9999 -9999 -9999 520 517 517 515 518 516 514 514 508 508 508 506 499 498 495 492 488 486 488 485 482 483 477 477 475 475 475 476 475 466 466 464 461 459 455 454 446 450 444 442 437 438 434 433 431 430 429 426 426 424 420 419 419 415 414 412 412 408 408 404 404 401 399 397
-9999 -9999 -9999 -9999 -9999 -9999 -9999 -9999 -9999 -9999 -9999 -9999 -9999 -9999 -9999 -9999 523 524 534 572 630 518 521 520 519 517 515 511 512 510 506 503 498 501 496 492 492 493 488 484 485 483 481 479 478 475 476 478 473 470 465 464 458 460 458 452 452 445 444 447 441 437 435 436 432 429 428 427 428 422 421 420 420 417 414 413 413 409 408 405 402 402 400 400
-9999 -9999 -9999 -9999 -9999 -9999 -9999 -9999 -9999 -9999 -9999 -9999 -9999 -9999 -9999 -9999 524 528 554 743 716 532 523 522 521 522 515 513 513 510 508 509 505 502 496 495 494 493 488 486 486 485 485 480 479 481 480 480 518 511 465 465 466 459 459 454 454 451 451 445 444 442 441 437 436 432 432 428 426 430 420 420 420 413 413 409 411 407 405 403 406 403 399 399
-9999 -9999 -9999 -9999 -9999 -9999 -9999 -9999 -9999 -9999 -9999 -9999 -9999 -9999 -9999 -9999 526 529 539 583 834 549 524 524 521 515 519 518 512 509 508 503 504 500 499 495 494 492 490 487 489 485 489 479 482 483 482 497 521 488 465 461 464 456 452 454 450 447 448 448 435 438 440 440 434 432 423 429 428 421 422 422 417 414 412 412 410 407 403 403 401 400 400 398
-9999 -9999 -9999 -9999 -9999 -9999 -9999 -9999 -9999 -9999 -9999 -9999 -9999 -9999 -9999 -9999 527 526 528 557 852 550 527 523 523 522 516 516 513 511 508 507 505 500 497 497 491 494 493 493 490 485 487 484 485 483 488 483 480 469 463 465 461 461 456 455 454 448 444 447 442 442 443 438 435 431 430 429 426 423 424 420 414 412 415 413 410 405 406 404 402 401 399 394
-9999 -9999 -9999 -9999 -9999 -9999 -9999 -9999 -9999 -9999 -9999 -9999 -9999 -9999 -9999 -9999 532 535 530 536 573 532 529 527 522 523 516 512 515 513 515 504 503 502 508 501 497 500 499 490 490 490 488 485 484 488 486 500 487 472 464 462 459 460 457 452 454 453 448 448 451 442 442 440 433 432 428 427 427 422 420 422 416 415 414 408 410 406 405 404 402 402 397 398
-9999 -9999 -9999 -9999 -9999 -9999 -9999 -9999 -9999 -9999 -9999 -9999 -9999 -9999 -9999 -9999 541 536 536 530 530 533 534 528 526 522 519 514 516 514 510 510 508 508 502 501 502 497 496 494 491 490 489 491 491 498 499 505 486 474 465 464 462 461 458 452 452 450 450 446 447 447 441 438 434 427 429 432 424 421 421 417 417 417 414 413 413 408 406 406 403 403 398 397
-9999 -9999 -9999 -9999 -9999 -9999 -9999 -9999 -9999 -9999 -9999 -9999 -9999 -9999 -9999 -9999 542 539 539 538 537 534 532 529 524 524 523 516 515 514 512 509 513 505 506 503 499 499 496 496 495 495 489 485 497 504 504 499 496 484 470 470 466 466 462 463 462 458 453 444 449 443 438 438 434 431 431 431 426 425 420 418 420 415 414 412 408 407 405 403 401 402 399 397
-9999 -9999 -9999 -9999 -9999 -9999 -9999 -9999 -9999 -9999 -9999 -9999 -9999 -9999 -9999 -9999 542 542 543 537 539 536 532 528 526 524 523 516 515 516 512 509 505 508 504 506 502 496 496 492 497 493 489 493 502 506 507 504 493 483 475 474 468 471 468 462 466 466 466 465 456 459 444 437 434 429 431 427 426 425 421 424 419 417 414 412 408 407 405 404 400 403 398 394
-9999 -9999 -9999 -9999 -9999 -9999 -9999 -9999 -9999 -9999 -9999 -9999 -9999 -9999 -9999 -9999 544 546 544 540 542 538 533 530 527 523 518 519 517 519 513 510 510 510 506 506 502 498 498 494 496 496 501 501 502 507 506 494 492 488 484 477 481 475 476 476 474 471 478 470 472 467 451 443 445 436 438 430 426 424 421 420 421 409 409 408 406 407 406 404 402 400 398 397
-9999 -9999 -9999 -9999 -9999 -9999 -9999 -9999 -9999 -9999 -9999 -9999 -9999 -9999 -9999 -9999 548 549 546 539 540 540 533 534 528 526 527 519 518 515 516 515 512 509 501 507 502 503 501 493 494 495 511 509 512 503 499 497 497 494 488 480 482 480 480 481 481 484 489 489 485 486 462 461 459 447 445 434 426 429 433 426 422 411 412 411 408 406 404 401 401 398 394 392
-9999 -9999 -9999 -9999 -9999 -9999 -9999 -9999 -9999 -9999 -9999 -9999 -9999 -9999 -9999 -9999 -9999 547 545 541 540 539 535 531 529 524 522 520 522 521 510 513 507 510 507 504 503 503 498 499 490 527 530 521 512 497 504 505 504 503 495 492 485 484 488 487 493 498 498 501 497 499 483 478 468 462 444 454 437 435 433 433 421 411 418 412 406 406 404 401 400 397 395 392
-9999 -9999 -9999 -9999 -9999 -9999 -9999 -9999 -9999 -9999 -9999 -9999 -9999 -9999 -9999 -9999 553 546 547 546 540 537 534 534 527 524 527 520 521 519 513 518 515 507 508 508 508 503 501 504 495 545 540 533 512 506 509 514 513 510 503 499 498 491 493 494 503 511 512 513 511 503 491 485 478 473 468 456 445 441 434 430 415 411 410 405 403 406 402 404 399 398 393 395
-9999 -9999 -9999 -9999 -9999 -9999 -9999 -9999 -9999 -9999 -9999 -9999 -9999 -9999 560 557 554 548 541 542 541 537 534 532 528 527 522 529 521 520 517 512 601 510 515 507 503 500 499 501 500 545 551 541 523 518 519 525 525 521 510 503 501 500 497 503 508 508 511 519 519 514 502 499 487 482 475 461 457 445 439 429 422 415 411 411 408 405 401 403 397 397 393 392
-9999 -9999 -9999 -9999 -9999 -9999 -9999 -9999 -9999 -9999 -9999 -9999 564 565 591 589 550 546 543 543 538 538 533 534 532 528 525 525 526 526 532 521 516 513 509 506 506 505 500 496 500 539 566 550 545 538 538 533 534 527 520 509 501 503 507 505 508 516 515 533 542 527 516 506 496 486 478 472 468 450 438 434 428 426 422 416 416 420 409 401 397 397 395 391
-9999 -9999 -9999 -9999 -9999 -9999 -9999 -9999 -9999 -9999 -9999 -9999 611 613 587 546 546 544 544 543 541 537 533 537 528 528 526 529 534 593 585 616 543 520 512 508 504 506 499 499 500 543 580 569 562 553 546 542 537 530 522 515 516 508 509 514 514 522 537 547 561 533 521 511 498 486 477 464 457 450 447 441 433 439 436 429 422 437 436 400 397 397 391 390
-9999 -9999 -9999 -9999 -9999 -9999 -9999 -9999 -9999 -9999 -9999 627 622 553 550 547 547 542 540 541 541 537 538 551 534 535 535 537 577 909 1024 751 570 534 510 509 505 510 502 503 506 547 559 592 572 568 560 550 548 542 529 524 517 515 522 520 528 538 548 570 565 544 527 517 498 484 480 466 462 454 446 440 446 446 462 440 439 463 439 410 401 393 391 392
-9999 -9999 -9999 -9999 -9999 -9999 -9999 -9999 -9999 -9999 645 639 565 552 555 551 548 547 545 545 543 544 556 564 540 539 538 548 587 898 981 733 718 529 513 512 502 505 502 521 552 554 558 581 589 578 567 573 575 550 546 538 528 527 527 529 535 543 556 557 550 544 530 513 501 488 477 469 461 452 444 442 446 455 497 471 447 448 417 409 403 397 395 390
-9999 -9999 -9999 -9999 -9999 -9999 -9999 -9999 -9999 -9999 653 624 564 560 554 557 553 552 553 546 550 550 557 579 542 541 540 550 585 817 693 848 557 519 517 513 508 511 511 557 560 561 563 572 596 591 580 569 558 558 555 552 540 536 535 538 546 551 558 545 547 547 534 519 509 492 480 471 461 449 444 438 450 468 493 477 447 431 419 412 407 403 401 396
-9999 -9999 -9999 -9999 -9999 -9999 -9999 -9999 -9999 664 657 578 568 563 559 559 556 558 555 550 556 560 558 592 548 546 547 556 576 609 603 576 538 521 521 516 519 517 509 511 523 571 578 577 574 585 580 572 564 566 563 564 555 542 540 546 557 568 562 547 553 548 533 514 508 494 482 470 462 448 443 446 456 472 487 459 440 427 415 413 411 406 402 399
-9999 -9999 -9999 -9999 -9999 -9999 -9999 -9999 -9999 615 598 581 567 569 566 563 564 560 561 557 561 568 585 609 587 551 556 575 597 612 582 557 538 524 524 522 523 516 515 514 508 569 572 572 563 584 573 562 567 572 577 569 554 548 547 550 558 567 558 555 554 570 533 506 500 493 482 475 456 450 446 447 455 461 472 447 437 425 425 423 416 411 404 405
-9999 -9999 -9999 -9999 -9999 -9999 -9999 -9999 693 682 627 586 578 570 572 570 568 564 567 575 577 577 614 622 625 557 560 578 625 835 637 552 535 528 527 527 525 523 519 515 518 533 563 560 564 554 571 565 575 577 583 570 552 546 548 554 551 555 550 553 545 554 530 503 495 484 480 451 451 453 448 446 447 449 453 460 456 434 433 426 419 412 409 410
