invasiveSpecies/multiSpecies/data/biophysical_var/2050_85/kenya_srtm30meters_conservancies_final.asc
ncols         347
nrows         295
xllcorner     36.068012264173
yllcorner     0.13039239511974
cellsize      0.0083333333333333
NODATA_value  -9999
[rows 185 to 221 of 295, columns 84 to 167 of 347]
-9999 -9999 -9999 -9999 -9999 -9999 -9999 -9999 -9999 -9999 -9999 -9999 -9999 -9999 -9999 -9999 -9999 -9999 -9999 -9999 -9999 -9999 -9999 -9999 -9999 -9999 -9999 -9999 -9999 -9999 -9999 -9999 1093 1170 1158 1140 1159 1185 1241 1216 1204 1213 1204 1233 1279 1271 1240 1225 1228 1274 1258 1275 1278 1280 1294 1304 1288 1289 1290 1272 1293 1301 1300 1294 1310 1351 1691 1622 1323 1230 964 919 897 883 877 862 856 862 860 852 847 839 840 844
-9999 -9999 -9999 -9999 -9999 -9999 -9999 -9999 -9999 -9999 -9999 -9999 -9999 -9999 -9999 -9999 -9999 -9999 -9999 -9999 -9999 -9999 -9999 -9999 -9999 -9999 -9999 -9999 -9999 -9999 -9999 -9999 1115 1236 1174 1167 1189 1204 1236 1238 1233 1231 1213 1220 1249 1270 1248 1244 1246 1282 1268 1268 1268 1274 1285 1287 1276 1260 1275 1265 1263 1275 1274 1287 1291 1327 1420 1674 1283 1379 993 924 900 894 882 870 864 868 873 857 856 847 849 843
-9999 -9999 -9999 -9999 -9999 -9999 -9999 -9999 -9999 -9999 -9999 -9999 -9999 -9999 -9999 -9999 -9999 -9999 -9999 -9999 -9999 -9999 -9999 -9999 -9999 -9999 -9999 -9999 -9999 -9999 -9999 1127 1114 1181 1208 1176 1227 1241 1271 1248 1237 1233 1227 1232 1257 1280 1276 1266 1265 1271 1263 1257 1253 1273 1280 1261 1262 1256 1266 1253 1259 1254 1277 1273 1277 1305 1323 1470 1173 1020 964 931 919 903 885 882 878 874 879 864 868 867 858 857
-9999 -9999 -9999 -9999 -9999 -9999 -9999 -9999 -9999 -9999 -9999 -9999 -9999 -9999 -9999 -9999 -9999 -9999 -9999 -9999 -9999 -9999 -9999 -9999 -9999 -9999 -9999 -9999 -9999 -9999 -9999 1124 1161 1298 1219 1195 1221 1234 1273 1271 1257 1249 1251 1223 1246 1259 1277 1272 1260 1263 1258 1240 1262 1260 1270 1251 1253 1231 1244 1243 1245 1247 1263 1255 1273 1278 1284 1328 1331 1141 1086 961 944 929 913 902 896 882 883 879 882 869 870 877
-9999 -9999 -9999 -9999 -9999 -9999 -9999 -9999 -9999 -9999 -9999 -9999 -9999 -9999 -9999 -9999 -9999 -9999 -9999 -9999 -9999 -9999 -9999 -9999 -9999 -9999 -9999 -9999 -9999 -9999 -9999 1126 1161 1197 1299 1250 1263 1260 1276 1274 1256 1271 1252 1232 1242 1274 1267 1259 1251 1246 1250 1233 1241 1253 1257 1236 1230 1216 1219 1226 1232 1245 1242 1252 1259 1261 1275 1285 1289 1273 1238 1235 1048 978 944 920 906 901 902 892 891 880 882 895
-9999 -9999 -9999 -9999 -9999 -9999 -9999 -9999 -9999 -9999 -9999 -9999 -9999 -9999 -9999 -9999 -9999 -9999 -9999 -9999 -9999 -9999 -9999 -9999 -9999 -9999 -9999 -9999 -9999 -9999 -9999 1136 1198 1316 1424 1418 1423 1292 1284 1284 1277 1274 1267 1238 1263 1280 1269 1250 1241 1229 1245 1224 1234 1246 1251 1244 1216 1216 1239 1235 1235 1237 1244 1250 1260 1271 1273 1290 1338 1383 1604 1543 1502 1153 994 949 947 927 925 916 905 901 892 913
-9999 -9999 -9999 -9999 -9999 -9999 -9999 -9999 -9999 -9999 -9999 -9999 -9999 -9999 -9999 -9999 -9999 -9999 -9999 -9999 -9999 -9999 -9999 -9999 -9999 -9999 -9999 -9999 -9999 -9999 1137 1196 1325 1433 1424 1394 1378 1311 1311 1294 1297 1284 1258 1248 1269 1272 1260 1252 1242 1227 1223 1220 1225 1237 1246 1223 1218 1204 1227 1251 1251 1260 1247 1256 1261 1274 1284 1296 1335 1533 1649 1791 1390 1423 1100 1040 996 965 1095 947 931 910 907 926
-9999 -9999 -9999 -9999 -9999 -9999 -9999 -9999 -9999 -9999 -9999 -9999 -9999 -9999 -9999 -9999 -9999 -9999 -9999 -9999 -9999 -9999 -9999 -9999 -9999 -9999 -9999 -9999 -9999 -9999 1139 1203 1431 1433 1429 1357 1340 1351 1330 1304 1287 1270 1268 1270 1274 1274 1265 1253 1246 1235 1215 1208 1218 1232 1236 1224 1207 1205 1228 1258 1264 1280 1268 1268 1268 1280 1286 1304 1328 1460 1624 1895 1560 1358 1362 1132 1074 1059 1052 988 955 928 925 963
-9999 -9999 -9999 -9999 -9999 -9999 -9999 -9999 -9999 -9999 -9999 -9999 -9999 -9999 -9999 -9999 -9999 -9999 -9999 -9999 -9999 -9999 -9999 -9999 -9999 -9999 -9999 -9999 -9999 -9999 1158 1393 1429 1429 1429 1378 1336 1315 1314 1299 1281 1292 1278 1281 1266 1262 1255 1250 1234 1225 1217 1197 1213 1235 1226 1216 1204 1197 1225 1252 1252 1278 1279 1268 1290 1296 1300 1331 1335 1499 1706 2055 1839 1664 1476 1288 1188 1296 1164 1080 1009 939 939 1075
-9999 -9999 -9999 -9999 -9999 -9999 -9999 -9999 -9999 -9999 -9999 -9999 -9999 -9999 -9999 -9999 -9999 -9999 -9999 -9999 -9999 -9999 -9999 -9999 -9999 -9999 -9999 -9999 -9999 1169 1285 1430 1423 1404 1432 1427 1428 1364 1313 1295 1294 1303 1284 1312 1276 1251 1239 1246 1243 1223 1209 1196 1197 1219 1206 1207 1190 1209 1212 1234 1249 1303 1299 1286 1293 1298 1289 1334 1331 1434 1773 2141 2185 2040 1542 1420 1385 1449 1581 1472 1299 982 950 1197
-9999 -9999 -9999 -9999 -9999 -9999 -9999 -9999 -9999 -9999 -9999 -9999 -9999 -9999 -9999 -9999 -9999 -9999 -9999 -9999 -9999 -9999 -9999 -9999 -9999 -9999 -9999 -9999 -9999 1164 1377 1418 1333 1310 1426 1402 1425 1424 1330 1309 1311 1319 1295 1302 1273 1254 1237 1228 1228 1223 1205 1192 1182 1201 1189 1190 1187 1209 1238 1258 1272 1288 1334 1305 1294 1289 1293 1339 1425 1504 1740 1922 2336 2064 1756 1677 1706 1684 1702 1311 1144 1007 964 1021
-9999 -9999 -9999 -9999 -9999 -9999 -9999 -9999 -9999 -9999 -9999 -9999 -9999 -9999 -9999 -9999 -9999 -9999 -9999 -9999 -9999 -9999 -9999 -9999 -9999 -9999 -9999 -9999 -9999 1233 1216 1382 1310 1284 1323 1389 1402 1364 1340 1329 1323 1312 1312 1315 1270 1254 1260 1233 1217 1209 1219 1203 1189 1176 1174 1180 1202 1214 1228 1240 1258 1284 1311 1291 1287 1266 1287 1323 1518 1406 1738 1900 2188 2176 2123 2150 2029 2367 1932 1703 1213 1031 987 1012
-9999 -9999 -9999 -9999 -9999 -9999 -9999 -9999 -9999 -9999 -9999 -9999 -9999 -9999 -9999 -9999 -9999 -9999 -9999 -9999 -9999 -9999 -9999 -9999 -9999 -9999 -9999 -9999 1180 1301 1266 1414 1308 1273 1289 1409 1389 1401 1408 1423 1353 1322 1305 1290 1279 1272 1257 1240 1225 1208 1203 1191 1172 1165 1170 1197 1216 1237 1243 1259 1273 1267 1286 1293 1259 1265 1279 1319 1382 1567 1606 1700 1906 2257 2526 2431 2396 2206 2031 1599 1229 1058 993 970
-9999 -9999 -9999 -9999 -9999 -9999 -9999 -9999 -9999 -9999 -9999 -9999 -9999 -9999 -9999 -9999 -9999 -9999 -9999 -9999 -9999 -9999 -9999 -9999 -9999 -9999 -9999 -9999 1175 1382 1371 1417 1303 1285 1260 1279 1280 1270 1283 1280 1287 1410 1321 1320 1305 1307 1258 1236 1219 1213 1193 1193 1168 1171 1195 1208 1220 1230 1234 1228 1252 1239 1258 1295 1264 1241 1277 1312 1364 1605 1517 1786 1851 1985 2139 1949 2017 1847 1881 1409 1160 1036 989 970
-9999 -9999 -9999 -9999 -9999 -9999 -9999 -9999 -9999 -9999 -9999 -9999 -9999 -9999 -9999 -9999 -9999 -9999 -9999 -9999 -9999 -9999 -9999 -9999 -9999 -9999 -9999 -9999 1174 1388 1352 1354 1311 1296 1258 1247 1239 1236 1230 1230 1233 1255 1387 1386 1308 1299 1257 1230 1215 1202 1188 1185 1175 1152 1176 1196 1210 1216 1214 1208 1226 1221 1246 1272 1261 1236 1268 1298 1352 1451 1717 1699 1875 1942 1793 1758 1756 1509 1620 1459 1246 1014 978 964
-9999 -9999 -9999 -9999 -9999 -9999 -9999 -9999 -9999 -9999 -9999 -9999 -9999 -9999 -9999 -9999 -9999 -9999 -9999 -9999 -9999 -9999 -9999 -9999 -9999 -9999 -9999 -9999 1215 1401 1331 1311 1301 1301 1259 1240 1227 1215 1205 1200 1209 1218 1226 1239 1293 1296 1259 1230 1221 1206 1193 1169 1174 1146 1172 1176 1201 1204 1187 1193 1194 1220 1228 1253 1264 1225 1237 1266 1296 1351 1560 1489 1580 1721 1659 1660 1531 1319 1384 1257 1060 989 977 960
-9999 -9999 -9999 -9999 -9999 -9999 -9999 -9999 -9999 -9999 -9999 -9999 -9999 -9999 -9999 -9999 -9999 -9999 -9999 -9999 -9999 -9999 -9999 -9999 -9999 -9999 -9999 -9999 1210 1364 1314 1290 1287 1298 1262 1249 1226 1224 1222 1200 1200 1213 1201 1213 1227 1235 1350 1272 1260 1236 1196 1178 1156 1151 1155 1181 1189 1194 1170 1176 1171 1196 1227 1234 1243 1224 1226 1251 1274 1303 1335 1554 1426 1550 1411 1454 1440 1244 1181 1106 1006 1009 976 975
-9999 -9999 -9999 -9999 -9999 -9999 -9999 -9999 -9999 -9999 -9999 -9999 -9999 -9999 -9999 -9999 -9999 -9999 -9999 -9999 -9999 -9999 -9999 -9999 -9999 -9999 -9999 1215 1234 1414 1307 1285 1277 1284 1262 1243 1230 1229 1213 1199 1184 1198 1187 1193 1191 1203 1215 1247 1377 1236 1207 1203 1168 1137 1144 1154 1174 1161 1172 1156 1170 1195 1214 1214 1222 1218 1210 1233 1254 1275 1285 1309 1334 1316 1306 1305 1253 1215 1307 1092 1222 1270 1013 1001
-9999 -9999 -9999 -9999 -9999 -9999 -9999 -9999 -9999 -9999 -9999 -9999 -9999 -9999 -9999 -9999 -9999 -9999 -9999 -9999 -9999 -9999 -9999 -9999 -9999 -9999 -9999 1197 1261 1412 1304 1283 1269 1264 1260 1246 1246 1228 1208 1191 1186 1176 1170 1172 1171 1180 1192 1232 1315 1242 1286 1234 1176 1145 1135 1170 1167 1147 1142 1130 1151 1167 1180 1206 1202 1204 1199 1215 1225 1243 1255 1280 1294 1284 1274 1292 1640 1605 1532 1193 1188 1366 1043 1020
-9999 -9999 -9999 -9999 -9999 -9999 -9999 -9999 -9999 -9999 -9999 -9999 -9999 -9999 -9999 -9999 -9999 -9999 -9999 -9999 -9999 -9999 -9999 -9999 -9999 -9999 -9999 1220 1273 1411 1299 1281 1271 1258 1249 1246 1241 1228 1212 1210 1208 1190 1182 1168 1158 1168 1185 1220 1368 1224 1207 1202 1175 1146 1120 1149 1143 1144 1117 1120 1140 1155 1187 1201 1185 1188 1183 1192 1213 1229 1237 1256 1260 1270 1251 1276 1351 1655 1426 1214 1120 1322 1050 1029
-9999 -9999 -9999 -9999 -9999 -9999 -9999 -9999 -9999 -9999 -9999 -9999 -9999 -9999 -9999 -9999 -9999 -9999 -9999 -9999 -9999 -9999 -9999 -9999 -9999 -9999 -9999 1238 1270 1304 1292 1278 1275 1259 1251 1262 1243 1230 1219 1210 1193 1181 1171 1191 1165 1152 1170 1203 1267 1227 1187 1162 1137 1123 1109 1142 1133 1122 1119 1099 1125 1131 1161 1174 1167 1190 1177 1188 1202 1205 1216 1238 1230 1226 1231 1271 1639 1567 1531 1239 1123 1131 1058 1034
-9999 -9999 -9999 -9999 -9999 -9999 -9999 -9999 -9999 -9999 -9999 -9999 -9999 -9999 -9999 -9999 -9999 -9999 -9999 -9999 -9999 -9999 -9999 -9999 -9999 -9999 -9999 -9999 1307 1283 1280 1271 1266 1248 1236 1245 1252 1240 1224 1217 1192 1172 1159 1173 1162 1143 1163 1203 1254 1292 1189 1169 1160 1144 1098 1113 1115 1107 1096 1088 1103 1127 1145 1157 1151 1155 1172 1180 1190 1185 1190 1214 1206 1201 1211 1229 1382 1537 1380 1355 1107 1073 1051 1041
-9999 -9999 -9999 -9999 -9999 -9999 -9999 -9999 -9999 -9999 -9999 -9999 -9999 -9999 -9999 -9999 -9999 -9999 -9999 -9999 -9999 -9999 -9999 -9999 -9999 -9999 -9999 -9999 1294 1270 1262 1255 1300 1241 1223 1240 1230 1248 1239 1197 1180 1171 1153 1158 1148 1134 1155 1201 1385 1240 1212 1191 1178 1142 1118 1093 1078 1074 1081 1067 1081 1111 1123 1128 1123 1156 1164 1171 1164 1165 1175 1180 1211 1187 1192 1197 1230 1363 1213 1132 1100 1079 1067 1044
-9999 -9999 -9999 -9999 -9999 -9999 -9999 -9999 -9999 -9999 -9999 -9999 -9999 -9999 -9999 -9999 -9999 -9999 -9999 -9999 -9999 -9999 -9999 -9999 -9999 -9999 -9999 1297 1291 1272 1256 1242 1254 1233 1211 1267 1212 1235 1275 1205 1178 1162 1147 1138 1130 1133 1154 1170 1167 1189 1329 1196 1166 1143 1129 1132 1116 1094 1063 1054 1077 1095 1098 1126 1155 1148 1146 1151 1150 1150 1155 1163 1166 1170 1174 1175 1170 1170 1149 1152 1226 1113 1153 1053
-9999 -9999 -9999 -9999 -9999 -9999 -9999 -9999 -9999 -9999 -9999 -9999 -9999 -9999 -9999 -9999 -9999 -9999 -9999 -9999 -9999 -9999 -9999 -9999 -9999 -9999 -9999 -9999 1302 1287 1257 1233 1244 1240 1218 1205 1200 1224 1214 1197 1183 1173 1172 1156 1129 1118 1127 1140 1137 1156 1207 1222 1161 1154 1150 1130 1106 1101 1066 1051 1062 1074 1111 1130 1143 1144 1126 1127 1131 1135 1134 1139 1149 1152 1159 1159 1156 1164 1220 1418 1350 1189 1142 1063
-9999 -9999 -9999 -9999 -9999 -9999 -9999 -9999 -9999 -9999 -9999 -9999 -9999 -9999 -9999 -9999 -9999 -9999 -9999 -9999 -9999 -9999 -9999 -9999 -9999 -9999 -9999 -9999 1298 1276 1252 1225 1239 1229 1208 1206 1185 1217 1214 1192 1186 1170 1166 1146 1126 1125 1107 1117 1117 1140 1304 1157 1154 1138 1128 1102 1108 1075 1069 1043 1055 1071 1111 1122 1128 1123 1117 1112 1122 1114 1123 1131 1136 1146 1145 1148 1154 1181 1204 1456 1383 1112 1165 1142
-9999 -9999 -9999 -9999 -9999 -9999 -9999 -9999 -9999 -9999 -9999 -9999 -9999 -9999 -9999 -9999 -9999 -9999 -9999 -9999 -9999 -9999 -9999 -9999 -9999 -9999 -9999 -9999 1326 1260 1239 1217 1232 1214 1192 1185 1175 1204 1208 1194 1171 1160 1153 1141 1140 1130 1113 1099 1099 1110 1127 1119 1154 1135 1117 1097 1084 1069 1047 1036 1056 1064 1102 1106 1120 1128 1116 1103 1105 1106 1111 1114 1123 1144 1178 1178 1180 1217 1225 1420 1507 1102 1060 1038
-9999 -9999 -9999 -9999 -9999 -9999 -9999 -9999 -9999 -9999 -9999 -9999 -9999 -9999 -9999 -9999 -9999 -9999 -9999 -9999 -9999 -9999 -9999 -9999 -9999 1439 1403 1355 1323 1269 1239 1214 1208 1207 1186 1168 1164 1192 1188 1190 1176 1175 1171 1159 1147 1145 1132 1106 1084 1088 1094 1114 1197 1130 1102 1078 1074 1053 1054 1026 1042 1080 1106 1097 1108 1119 1114 1102 1092 1095 1097 1106 1121 1146 1195 1188 1225 1463 1400 1446 1549 1105 1056 1023
-9999 -9999 -9999 -9999 -9999 -9999 -9999 -9999 -9999 -9999 -9999 -9999 -9999 -9999 -9999 -9999 -9999 -9999 -9999 -9999 -9999 -9999 -9999 -9999 -9999 1434 1371 1357 1339 1274 1230 1227 1198 1180 1170 1161 1149 1155 1174 1167 1160 1158 1163 1169 1158 1151 1137 1117 1102 1081 1082 1094 1097 1090 1080 1072 1052 1039 1029 1030 1029 1064 1087 1081 1086 1105 1115 1102 1084 1087 1088 1096 1116 1142 1173 1213 1252 1396 1500 1464 1533 1107 1059 1023
-9999 -9999 -9999 -9999 -9999 -9999 -9999 -9999 -9999 -9999 -9999 -9999 -9999 -9999 -9999 -9999 -9999 -9999 -9999 -9999 -9999 -9999 -9999 -9999 -9999 1451 1354 1374 1287 1252 1225 1200 1214 1196 1186 1154 1143 1130 1142 1137 1147 1138 1141 1155 1148 1142 1135 1114 1091 1079 1062 1102 1086 1063 1063 1053 1038 1023 1014 1018 1029 1050 1069 1066 1064 1089 1122 1104 1089 1080 1080 1083 1100 1117 1148 1224 1269 1449 1738 1538 1540 1274 1056 1019
-9999 -9999 -9999 -9999 -9999 -9999 -9999 -9999 -9999 -9999 -9999 -9999 -9999 -9999 -9999 -9999 -9999 -9999 -9999 -9999 -9999 -9999 -9999 -9999 -9999 -9999 1350 1303 1279 1265 1216 1191 1203 1208 1181 1185 1160 1130 1108 1119 1121 1130 1134 1136 1148 1130 1131 1108 1090 1067 1050 1058 1057 1073 1051 1041 1038 1022 993 1014 1044 1059 1071 1052 1056 1085 1098 1116 1110 1092 1070 1072 1084 1100 1127 1162 1239 1294 1644 1434 1609 1331 1075 1033
-9999 -9999 -9999 -9999 -9999 -9999 -9999 -9999 -9999 -9999 -9999 -9999 -9999 -9999 -9999 -9999 -9999 -9999 -9999 -9999 -9999 -9999 -9999 -9999 -9999 1544 1379 1306 1300 1245 1207 1175 1165 1184 1191 1155 1130 1132 1119 1100 1105 1107 1096 1120 1141 1124 1108 1093 1085 1065 1061 1034 1046 1052 1054 1038 1005 1002 981 1002 1022 1054 1069 1049 1045 1064 1084 1098 1103 1074 1065 1061 1074 1096 1118 1144 1194 1310 1501 1315 1590 1225 1161 1037
-9999 -9999 -9999 -9999 -9999 -9999 -9999 -9999 -9999 -9999 -9999 -9999 -9999 -9999 -9999 -9999 -9999 -9999 -9999 -9999 -9999 -9999 -9999 -9999 1480 1498 1367 1330 1244 1206 1183 1190 1148 1167 1153 1128 1105 1105 -9999 -9999 -9999 -9999 1094 1095 1131 1124 1114 1106 1103 1077 1074 1052 1033 1019 1035 1028 1009 982 980 1005 1028 1029 1041 1050 1030 1057 1066 1085 1089 1070 1061 1058 1067 1084 1104 1123 1253 1279 1427 1265 1385 1287 1078 1036
-9999 -9999 -9999 -9999 -9999 -9999 -9999 -9999 -9999 -9999 -9999 -9999 -9999 -9999 -9999 -9999 -9999 -9999 -9999 -9999 -9999 -9999 -9999 -9999 1459 1437 1400 1316 1237 1178 1165 1169 1156 1121 1125 1132 -9999 -9999 -9999 -9999 -9999 -9999 -9999 1082 1111 1110 1115 1119 1115 1100 1076 1050 1023 1004 1001 1008 989 982 964 990 998 1007 1019 1040 1019 1030 1067 1076 1074 1072 1060 1053 1057 1069 1082 1092 1298 1190 1218 1128 1152 1331 1154 1027
-9999 -9999 -9999 -9999 -9999 -9999 -9999 -9999 -9999 -9999 -9999 -9999 -9999 -9999 -9999 -9999 -9999 -9999 -9999 -9999 -9999 -9999 -9999 -9999 1440 1386 1265 1423 1202 1139 1157 1134 1112 -9999 -9999 -9999 -9999 -9999 -9999 -9999 -9999 -9999 -9999 -9999 1089 1077 1088 1106 1112 1099 1094 1059 1034 1025 1004 979 977 956 949 968 998 1005 1012 1017 1007 1024 1048 1080 1066 1058 1048 1045 1044 1050 1058 1070 1080 1173 1084 1093 1096 1121 1050 1006
-9999 -9999 -9999 -9999 -9999 -9999 -9999 -9999 -9999 -9999 -9999 -9999 -9999 -9999 -9999 -9999 -9999 -9999 -9999 -9999 -9999 -9999 -9999 -9999 1374 1320 1163 1341 1187 1125 -9999 -9999 -9999 -9999 -9999 -9999 -9999 -9999 -9999 -9999 -9999 -9999 -9999 -9999 -9999 -9999 1066 1071 1104 1067 1076 1071 1055 1022 1008 982 955 960 972 946 984 998 989 997 1014 1022 1036 1050 1065 1054 1046 1041 1037 1035 1042 1046 1049 1054 1058 1066 1063 1051 1026 1003
-9999 -9999 -9999 -9999 -9999 -9999 -9999 -9999 -9999 -9999 -9999 -9999 -9999 -9999 -9999 -9999 -9999 -9999 -9999 -9999 -9999 -9999 -9999 -9999 1179 1177 1131 -9999 -9999 -9999 -9999 -9999 -9999 -9999 -9999 -9999 -9999 -9999 -9999 -9999 -9999 -9999 -9999 -9999 -9999 -9999 -9999 -9999 1064 1038 1031 1021 996 1019 989 961 975 992 984 975 944 976 967 988 1007 1005 1019 1040 1067 1065 1053 1045 1037 1036 1031 1030 1026 1027 1034 1043 1042 1051 1048 1074
