invasiveSpecies/multiSpecies/data/biophysical_var/2050_85/kenya_srtm30meters_conservancies_final.asc
ncols         347
nrows         295
xllcorner     36.068012264173
yllcorner     0.13039239511974
cellsize      0.0083333333333333
NODATA_value  -9999
[rows 222 to 258 of 295, columns 168 to 251 of 347]
1046 1017 991 966 958 948 962 994 993 1024 988 1122 964 918 908 890 878 868 872 870 870 864 855 854 855 841 845 850 863 879 896 914 933 973 1013 1111 960 899 898 870 843 813 791 782 770 763 756 749 735 740 729 759 843 834 801 757 723 716 718 724 715 710 709 709 707 712 721 713 702 701 694 685 686 681 679 685 680 684 685 684 657 642 639 629
1140 1066 993 979 971 960 981 1080 1053 1066 1037 1342 1140 941 913 899 888 875 864 866 859 854 851 843 853 838 844 848 872 874 889 934 945 1022 1182 1116 956 928 915 896 857 832 801 775 768 756 757 744 735 743 740 734 741 871 1113 864 705 725 726 724 723 718 713 713 715 713 726 711 712 700 694 690 692 688 694 692 691 689 686 677 658 645 642 635
1201 1050 1002 993 982 974 990 1201 1090 1112 1042 1098 1242 965 1001 924 893 878 889 870 860 853 859 849 847 838 836 841 857 871 887 960 982 1004 1267 1105 1059 960 975 1165 930 861 814 778 761 753 747 740 747 740 743 737 739 749 751 723 732 731 729 736 737 729 726 717 718 730 725 719 719 704 699 695 696 694 697 704 700 692 683 684 691 663 653 644
1225 1063 1021 1021 996 979 991 1100 1126 1218 1116 1067 1034 957 965 929 896 882 874 870 869 874 859 847 834 834 831 835 897 868 870 915 925 963 1042 1027 1052 1013 1241 1264 1232 1066 829 781 758 757 747 764 750 745 740 742 740 734 729 736 738 736 738 743 739 737 735 724 732 736 726 729 718 709 711 710 701 709 708 713 713 706 696 685 677 668 654 651
1088 1058 1033 1024 1002 978 984 1046 1062 1130 1010 979 951 927 912 903 891 885 882 878 876 871 868 862 854 828 827 829 841 845 875 897 910 952 911 1091 1136 1333 1160 1094 1227 1288 820 778 768 752 772 775 750 745 745 743 739 734 736 741 740 749 747 747 744 741 736 741 742 738 738 730 728 716 718 715 714 715 711 723 734 717 699 688 675 675 682 664
1076 1062 1148 1085 1012 985 969 985 1005 1005 976 958 929 918 916 903 897 893 890 883 890 877 864 872 861 834 823 819 859 888 869 865 897 874 873 923 1007 1258 1000 932 885 1005 802 780 760 765 800 775 751 751 747 744 737 735 735 743 743 748 750 756 758 762 752 754 748 745 743 732 738 730 726 732 714 717 715 722 778 726 707 692 686 703 726 795
1074 1058 1075 1128 1027 992 975 961 962 973 952 933 917 917 914 910 900 898 897 888 887 870 861 852 844 838 830 820 812 829 857 821 815 832 829 832 862 1335 1161 959 836 821 787 773 778 754 788 769 753 758 750 745 741 740 738 746 746 751 758 760 766 766 764 759 752 751 745 741 749 746 741 764 729 729 728 731 728 713 704 693 694 716 736 709
1093 1132 1027 1070 1042 994 978 970 956 942 934 929 934 933 919 911 900 891 888 878 873 865 855 855 840 829 814 813 806 831 817 802 790 819 806 799 804 877 869 1128 795 791 784 764 752 770 805 765 756 761 751 747 750 744 744 749 748 752 764 767 771 771 776 764 757 762 755 753 759 756 768 780 738 739 733 734 723 720 717 706 713 714 698 705
1174 1080 1014 1035 1089 998 986 1008 971 953 940 943 939 926 916 905 895 886 887 884 876 869 864 846 839 825 822 813 800 812 814 802 788 783 780 780 786 793 788 766 785 782 794 776 771 772 772 771 775 765 757 756 755 760 754 751 751 759 764 776 781 782 784 776 769 771 772 797 771 775 771 760 747 749 747 741 728 730 733 727 728 726 718 -9999
1032 1007 993 1011 1015 1004 995 984 966 960 950 942 939 931 918 907 906 918 910 884 870 866 863 860 846 833 816 807 803 799 810 795 785 800 801 795 798 799 794 799 794 790 784 776 777 775 771 778 780 766 769 766 767 768 769 768 776 778 786 787 786 797 794 781 782 780 787 819 783 787 -9999 -9999 759 759 767 750 738 747 738 732 731 724 720 -9999
1006 985 975 1001 1042 1010 1010 990 971 967 959 955 935 929 946 931 941 925 890 885 901 882 878 863 847 832 823 823 815 822 797 793 819 825 814 801 803 801 799 800 794 797 788 782 777 775 772 782 782 776 771 770 780 784 790 787 783 791 793 797 802 802 796 800 792 795 828 802 -9999 -9999 -9999 -9999 765 766 762 790 762 751 748 748 749 737 -9999 -9999
989 965 969 992 1084 1019 1016 983 962 1041 975 938 925 930 947 942 932 901 896 898 886 869 871 855 842 826 829 821 845 841 838 838 833 853 844 834 832 813 825 830 873 802 795 787 782 775 792 788 782 782 776 788 805 808 799 806 806 809 810 813 814 814 816 816 815 801 -9999 -9999 -9999 -9999 -9999 -9999 -9999 770 764 780 767 748 751 757 779 755 -9999 -9999
975 956 959 970 1113 989 1034 994 964 959 964 939 914 944 980 967 940 901 908 879 871 848 850 841 832 832 830 854 847 971 834 848 853 865 857 856 858 854 849 847 832 835 806 796 783 785 796 797 785 787 799 818 821 816 808 811 816 820 827 833 830 820 820 -9999 -9999 -9999 -9999 -9999 -9999 -9999 -9999 -9999 -9999 -9999 790 786 770 768 760 769 -9999 -9999 -9999 -9999
958 939 949 955 1013 981 1092 1043 959 943 928 918 900 921 948 957 918 891 890 871 852 839 838 836 836 839 846 863 863 894 858 855 862 875 867 864 865 859 862 854 850 838 811 823 786 796 811 803 799 813 813 824 834 830 822 822 830 830 837 848 845 -9999 -9999 -9999 -9999 -9999 -9999 -9999 -9999 -9999 -9999 -9999 -9999 -9999 -9999 -9999 783 786 -9999 -9999 -9999 -9999 -9999 -9999
954 932 936 950 968 970 1002 984 954 940 936 923 898 954 926 899 922 921 868 868 843 838 841 833 838 846 886 880 881 887 878 881 875 885 874 873 873 870 873 861 859 855 831 808 798 803 818 814 813 823 828 835 841 840 837 829 838 845 851 -9999 -9999 -9999 -9999 -9999 -9999 -9999 -9999 -9999 -9999 -9999 -9999 -9999 -9999 -9999 -9999 -9999 -9999 -9999 -9999 -9999 -9999 -9999 -9999 -9999
938 926 923 938 959 955 973 992 963 945 969 980 890 893 976 888 875 860 856 852 839 843 856 855 851 879 892 898 886 888 907 889 877 882 880 877 877 876 878 877 896 900 867 826 813 819 821 820 832 829 838 847 855 849 839 843 845 -9999 -9999 -9999 -9999 -9999 -9999 -9999 -9999 -9999 -9999 -9999 -9999 -9999 -9999 -9999 -9999 -9999 -9999 -9999 -9999 -9999 -9999 -9999 -9999 -9999 -9999 -9999
920 916 910 918 940 949 969 986 945 935 1008 1032 889 874 875 867 858 854 849 892 847 856 868 867 876 879 899 903 887 893 898 892 888 893 900 883 889 883 890 889 1044 1017 1095 848 832 830 838 832 842 842 849 859 860 860 855 -9999 -9999 -9999 -9999 -9999 -9999 -9999 -9999 -9999 -9999 -9999 -9999 -9999 -9999 -9999 -9999 -9999 -9999 -9999 -9999 -9999 -9999 -9999 -9999 -9999 -9999 -9999 -9999 -9999
906 899 889 910 922 949 968 992 910 904 959 968 882 869 858 856 852 850 844 844 863 870 879 883 890 888 903 906 898 896 896 896 897 906 934 890 895 899 896 922 1224 1317 1227 888 855 847 853 843 848 847 855 865 -9999 -9999 -9999 -9999 -9999 -9999 -9999 -9999 -9999 -9999 -9999 -9999 -9999 -9999 -9999 -9999 -9999 -9999 -9999 -9999 -9999 -9999 -9999 -9999 -9999 -9999 -9999 -9999 -9999 -9999 -9999 -9999
886 886 884 906 909 947 957 936 893 886 932 902 874 855 858 860 848 853 862 871 871 879 887 892 895 894 905 910 907 899 899 901 901 905 911 902 904 907 903 948 1286 1438 999 945 880 866 862 855 867 871 -9999 -9999 -9999 -9999 -9999 -9999 -9999 -9999 -9999 -9999 -9999 -9999 -9999 -9999 -9999 -9999 -9999 -9999 -9999 -9999 -9999 -9999 -9999 -9999 -9999 -9999 -9999 -9999 -9999 -9999 -9999 -9999 -9999 -9999
924 904 887 885 887 915 950 902 877 870 898 884 862 856 874 877 876 871 875 876 878 889 894 897 898 896 912 915 919 920 914 902 911 912 909 911 913 911 929 967 1048 1153 1224 1054 1082 883 885 870 -9999 -9999 -9999 -9999 -9999 -9999 -9999 -9999 -9999 -9999 -9999 -9999 -9999 -9999 -9999 -9999 -9999 -9999 -9999 -9999 -9999 -9999 -9999 -9999 -9999 -9999 -9999 -9999 -9999 -9999 -9999 -9999 -9999 -9999 -9999 -9999
987 982 897 887 877 887 879 883 873 867 867 864 871 859 880 883 879 878 883 885 894 895 905 901 904 899 913 921 929 926 918 907 909 907 912 914 916 921 931 962 1011 1128 1369 1310 1291 921 -9999 -9999 -9999 -9999 -9999 -9999 -9999 -9999 -9999 -9999 -9999 -9999 -9999 -9999 -9999 -9999 -9999 -9999 -9999 -9999 -9999 -9999 -9999 -9999 -9999 -9999 -9999 -9999 -9999 -9999 -9999 -9999 -9999 -9999 -9999 -9999 -9999 -9999
990 976 965 960 900 880 903 871 883 877 871 863 862 867 875 890 888 888 889 893 904 908 912 909 907 910 914 927 933 932 930 913 915 914 915 919 926 929 933 955 995 1268 1443 1406 -9999 -9999 -9999 -9999 -9999 -9999 -9999 -9999 -9999 -9999 -9999 -9999 -9999 -9999 -9999 -9999 -9999 -9999 -9999 -9999 -9999 -9999 -9999 -9999 -9999 -9999 -9999 -9999 -9999 -9999 -9999 -9999 -9999 -9999 -9999 -9999 -9999 -9999 -9999 -9999
997 971 958 951 943 914 890 883 896 899 880 873 874 877 890 887 893 893 895 909 913 913 917 914 913 913 914 930 934 938 924 928 916 920 923 931 931 936 936 959 1001 -9999 -9999 -9999 -9999 -9999 -9999 -9999 -9999 -9999 -9999 -9999 -9999 -9999 -9999 -9999 -9999 -9999 -9999 -9999 -9999 -9999 -9999 -9999 -9999 -9999 -9999 -9999 -9999 -9999 -9999 -9999 -9999 -9999 -9999 -9999 -9999 -9999 -9999 -9999 -9999 -9999 -9999 -9999
976 970 960 951 912 934 935 911 935 923 910 889 893 900 901 891 896 906 910 919 918 921 923 919 921 921 917 923 935 940 930 934 929 928 931 933 941 946 -9999 -9999 -9999 -9999 -9999 -9999 -9999 -9999 -9999 -9999 -9999 -9999 -9999 -9999 -9999 -9999 -9999 -9999 -9999 -9999 -9999 -9999 -9999 -9999 -9999 -9999 -9999 -9999 -9999 -9999 -9999 -9999 -9999 -9999 -9999 -9999 -9999 -9999 -9999 -9999 -9999 -9999 -9999 -9999 -9999 -9999
978 970 961 941 957 955 953 939 942 939 919 910 914 911 908 900 908 913 914 923 926 928 932 930 929 927 922 924 929 945 937 941 939 935 938 -9999 -9999 -9999 -9999 -9999 -9999 -9999 -9999 -9999 -9999 -9999 -9999 -9999 -9999 -9999 -9999 -9999 -9999 -9999 -9999 -9999 -9999 -9999 -9999 -9999 -9999 -9999 -9999 -9999 -9999 -9999 -9999 -9999 -9999 -9999 -9999 -9999 -9999 -9999 -9999 -9999 -9999 -9999 -9999 -9999 -9999 -9999 -9999 -9999
994 985 963 962 962 963 959 950 940 938 944 926 924 922 917 907 920 920 922 928 929 931 933 929 932 934 930 934 942 949 948 947 -9999 -9999 -9999 -9999 -9999 -9999 -9999 -9999 -9999 -9999 -9999 -9999 -9999 -9999 -9999 -9999 -9999 -9999 -9999 -9999 -9999 -9999 -9999 -9999 -9999 -9999 -9999 -9999 -9999 -9999 -9999 -9999 -9999 -9999 -9999 -9999 -9999 -9999 -9999 -9999 -9999 -9999 -9999 -9999 -9999 -9999 -9999 -9999 -9999 -9999 -9999 -9999
999 991 977 966 973 976 972 957 949 949 947 937 931 928 926 926 934 928 926 931 933 934 940 937 938 940 936 934 939 -9999 -9999 -9999 -9999 -9999 -9999 -9999 -9999 -9999 -9999 -9999 -9999 -9999 -9999 -9999 -9999 -9999 -9999 -9999 -9999 -9999 -9999 -9999 -9999 -9999 -9999 -9999 -9999 -9999 -9999 -9999 -9999 -9999 -9999 -9999 -9999 -9999 -9999 -9999 -9999 -9999 -9999 -9999 -9999 -9999 -9999 -9999 -9999 -9999 -9999 -9999 -9999 -9999 -9999 -9999
1002 992 987 990 990 996 992 971 961 956 948 938 935 936 930 934 938 938 935 934 942 940 941 944 950 944 -9999 -9999 -9999 -9999 -9999 -9999 -9999 -9999 -9999 -9999 -9999 -9999 -9999 -9999 -9999 -9999 -9999 -9999 -9999 -9999 -9999 -9999 -9999 -9999 -9999 -9999 -9999 -9999 -9999 -9999 -9999 -9999 -9999 -9999 -9999 -9999 -9999 -9999 -9999 -9999 -9999 -9999 -9999 -9999 -9999 -9999 -9999 -9999 -9999 -9999 -9999 -9999 -9999 -9999 -9999 -9999 -9999 -9999
1002 1010 1041 1031 1011 1022 1083 992 968 950 940 938 937 942 936 939 942 945 943 941 944 950 942 -9999 -9999 -9999 -9999 -9999 -9999 -9999 -9999 -9999 -9999 -9999 -9999 -9999 -9999 -9999 -9999 -9999 -9999 -9999 -9999 -9999 -9999 -9999 -9999 -9999 -9999 -9999 -9999 -9999 -9999 -9999 -9999 -9999 -9999 -9999 -9999 -9999 -9999 -9999 -9999 -9999 -9999 -9999 -9999 -9999 -9999 -9999 -9999 -9999 -9999 -9999 -9999 -9999 -9999 -9999 -9999 -9999 -9999 -9999 -9999 -9999
1021 1043 1059 1048 1042 1044 1046 999 978 961 947 955 948 948 943 943 946 948 951 946 946 -9999 -9999 -9999 -9999 -9999 -9999 -9999 -9999 -9999 -9999 -9999 -9999 -9999 -9999 -9999 -9999 -9999 -9999 -9999 -9999 -9999 -9999 -9999 -9999 -9999 -9999 -9999 -9999 -9999 -9999 -9999 -9999 -9999 -9999 -9999 -9999 -9999 -9999 -9999 -9999 -9999 -9999 -9999 -9999 -9999 -9999 -9999 -9999 -9999 -9999 -9999 -9999 -9999 -9999 -9999 -9999 -9999 -9999 -9999 -9999 -9999 -9999 -9999
1051 1091 1107 1091 1069 1071 1167 1024 999 978 962 974 959 954 951 950 955 955 -9999 -9999 -9999 -9999 -9999 -9999 -9999 -9999 -9999 -9999 -9999 -9999 -9999 -9999 -9999 -9999 -9999 -9999 -9999 -9999 -9999 -9999 -9999 -9999 -9999 -9999 -9999 -9999 -9999 -9999 -9999 -9999 -9999 -9999 -9999 -9999 -9999 -9999 -9999 -9999 -9999 -9999 -9999 -9999 -9999 -9999 -9999 -9999 -9999 -9999 -9999 -9999 -9999 -9999 -9999 -9999 -9999 -9999 -9999 -9999 -9999 -9999 -9999 -9999 -9999 -9999
1086 1255 1178 1279 1119 1098 1195 1086 1021 1000 978 964 961 959 959 -9999 -9999 -9999 -9999 -9999 -9999 -9999 -9999 -9999 -9999 -9999 -9999 -9999 -9999 -9999 -9999 -9999 -9999 -9999 -9999 -9999 -9999 -9999 -9999 -9999 -9999 -9999 -9999 -9999 -9999 -9999 -9999 -9999 -9999 -9999 -9999 -9999 -9999 -9999 -9999 -9999 -9999 -9999 -9999 -9999 -9999 -9999 -9999 -9999 -9999 -9999 -9999 -9999 -9999 -9999 -9999 -9999 -9999 -9999 -9999 -9999 -9999 -9999 -9999 -9999 -9999 -9999 -9999 -9999
1112 1158 1462 1475 1169 1156 1173 1149 1047 1017 994 971 968 967 -9999 -9999 -9999 -9999 -9999 -9999 -9999 -9999 -9999 -9999 -9999 -9999 -9999 -9999 -9999 -9999 -9999 -9999 -9999 -9999 -9999 -9999 -9999 -9999 -9999 -9999 -9999 -9999 -9999 -9999 -9999 -9999 -9999 -9999 -9999 -9999 -9999 -9999 -9999 -9999 -9999 -9999 -9999 -9999 -9999 -9999 -9999 -9999 -9999 -9999 -9999 -9999 -9999 -9999 -9999 -9999 -9999 -9999 -9999 -9999 -9999 -9999 -9999 -9999 -9999 -9999 -9999 -9999 -9999 -9999
1102 1147 1461 1338 1271 1153 1120 1086 1055 1022 991 971 971 973 -9999 -9999 -9999 -9999 -9999 -9999 -9999 -9999 -9999 -9999 -9999 -9999 -9999 -9999 -9999 -9999 -9999 -9999 -9999 -9999 -9999 -9999 -9999 -9999 -9999 -9999 -9999 -9999 -9999 -9999 -9999 -9999 -9999 -9999 -9999 -9999 -9999 -9999 -9999 -9999 -9999 -9999 -9999 -9999 -9999 -9999 -9999 -9999 -9999 -9999 -9999 -9999 -9999 -9999 -9999 -9999 -9999 -9999 -9999 -9999 -9999 -9999 -9999 -9999 -9999 -9999 -9999 -9999 -9999 -9999
1150 1135 1214 1460 1319 1381 1299 1379 1073 1021 991 977 980 978 -9999 -9999 -9999 -9999 -9999 -9999 -9999 -9999 -9999 -9999 -9999 -9999 -9999 -9999 -9999 -9999 -9999 -9999 -9999 -9999 -9999 -9999 -9999 -9999 -9999 -9999 -9999 -9999 -9999 -9999 -9999 -9999 -9999 -9999 -9999 -9999 -9999 -9999 -9999 -9999 -9999 -9999 -9999 -9999 -9999 -9999 -9999 -9999 -9999 -9999 -9999 -9999 -9999 -9999 -9999 -9999 -9999 -9999 -9999 -9999 -9999 -9999 -9999 -9999 -9999 -9999 -9999 -9999 -9999 -9999
1358 1163 1193 1488 1367 1544 1469 1497 1242 1032 1001 990 985 984 -9999 -9999 -9999 -9999 -9999 -9999 -9999 -9999 -9999 -9999 -9999 -9999 -9999 -9999 -9999 -9999 -9999 -9999 -9999 -9999 -9999 -9999 -9999 -9999 -9999 -9999 -9999 -9999 -9999 -9999 -9999 -9999 -9999 -9999 -9999 -9999 -9999 -9999 -9999 -9999 -9999 -9999 -9999 -9999 -9999 -9999 -9999 -9999 -9999 -9999 -9999 -9999 -9999 -9999 -9999 -9999 -9999 -9999 -9999 -9999 -9999 -9999 -9999 -9999 -9999 -9999 -9999 -9999 -9999 -9999
1172 1192 1200 1412 1465 1377 1195 1153 1184 1040 1019 1002 994 986 -9999 -9999 -9999 -9999 -9999 -9999 -9999 -9999 -9999 -9999 -9999 -9999 -9999 -9999 -9999 -9999 -9999 -9999 -9999 -9999 -9999 -9999 -9999 -9999 -9999 -9999 -9999 -9999 -9999 -9999 -9999 -9999 -9999 -9999 -9999 -9999 -9999 -9999 -9999 -9999 -9999 -9999 -9999 -9999 -9999 -9999 -9999 -9999 -9999 -9999 -9999 -9999 -9999 -9999 -9999 -9999 -9999 -9999 -9999 -9999 -9999 -9999 -9999 -9999 -9999 -9999 -9999 -9999 -9999 -9999
