invasiveSpecies/multiSpecies/data/worldclim_KE/worldclim_KE_2050_BC26_Bio1.asc
ncols         347
nrows         295
xllcorner     36.068012264173
yllcorner     0.13039239511974
cellsize      0.0083333333333333
NODATA_value  -9999
[rows 222 to 258 of 295, columns 84 to 167 of 347]
-9999 -9999 -9999 -9999 -9999 -9999 -9999 -9999 -9999 -9999 -9999 -9999 -9999 -9999 -9999 -9999 -9999 -9999 -9999 -9999 -9999 -9999 -9999 -9999 -9999 -9999 -9999 -9999 -9999 -9999 -9999 -9999 -9999 -9999 -9999 -9999 -9999 -9999 -9999 -9999 -9999 -9999 -9999 -9999 -9999 -9999 -9999 -9999 -9999 -9999 -9999 -9999 -9999 238 240 239 239 238 239 240 241 242 242 241 240 239 238 237 236 235 236 236 237 237 238 238 238 238 238 238 237 237 225 226
-9999 -9999 -9999 -9999 -9999 -9999 -9999 -9999 -9999 -9999 -9999 -9999 -9999 -9999 -9999 -9999 -9999 -9999 -9999 -9999 -9999 -9999 -9999 -9999 -9999 -9999 -9999 -9999 -9999 -9999 -9999 -9999 -9999 -9999 -9999 -9999 -9999 -9999 -9999 -9999 -9999 -9999 -9999 -9999 -9999 -9999 -9999 -9999 -9999 -9999 -9999 -9999 -9999 237 239 237 238 238 238 238 240 241 243 242 241 240 239 238 237 236 235 235 235 236 237 238 238 239 238 238 235 224 221 226
-9999 -9999 -9999 -9999 -9999 -9999 -9999 -9999 -9999 -9999 -9999 -9999 -9999 -9999 -9999 -9999 -9999 -9999 -9999 -9999 -9999 -9999 -9999 -9999 -9999 -9999 -9999 -9999 -9999 -9999 -9999 -9999 -9999 -9999 -9999 -9999 -9999 -9999 -9999 -9999 -9999 -9999 -9999 -9999 -9999 -9999 -9999 -9999 -9999 -9999 -9999 -9999 -9999 235 236 235 236 236 236 238 239 240 241 243 242 241 240 239 238 236 236 236 234 235 236 237 238 239 239 235 233 223 216 222
-9999 -9999 -9999 -9999 -9999 -9999 -9999 -9999 -9999 -9999 -9999 -9999 -9999 -9999 -9999 -9999 -9999 -9999 -9999 -9999 -9999 -9999 -9999 -9999 -9999 -9999 -9999 -9999 -9999 -9999 -9999 -9999 -9999 -9999 -9999 -9999 -9999 -9999 -9999 -9999 -9999 -9999 -9999 -9999 -9999 -9999 -9999 -9999 -9999 -9999 -9999 -9999 -9999 234 234 234 234 235 236 238 239 240 241 242 243 242 240 240 238 237 237 237 236 235 232 236 237 238 238 232 227 224 223 221
-9999 -9999 -9999 -9999 -9999 -9999 -9999 -9999 -9999 -9999 -9999 -9999 -9999 -9999 -9999 -9999 -9999 -9999 -9999 -9999 -9999 -9999 -9999 -9999 -9999 -9999 -9999 -9999 -9999 -9999 -9999 -9999 -9999 -9999 -9999 -9999 -9999 -9999 -9999 -9999 -9999 -9999 -9999 -9999 -9999 -9999 -9999 -9999 -9999 -9999 -9999 -9999 -9999 233 232 233 233 234 236 237 238 238 240 242 243 242 240 240 239 238 238 237 237 235 229 234 237 238 238 230 221 228 230 228
187 188 188 188 -9999 -9999 -9999 -9999 -9999 -9999 -9999 -9999 -9999 -9999 -9999 -9999 -9999 -9999 -9999 -9999 -9999 -9999 -9999 -9999 -9999 -9999 -9999 -9999 -9999 -9999 -9999 -9999 -9999 -9999 -9999 -9999 -9999 -9999 -9999 -9999 -9999 -9999 -9999 -9999 -9999 -9999 -9999 -9999 -9999 -9999 -9999 -9999 233 232 232 233 233 234 235 236 235 236 239 241 242 244 240 241 240 239 239 239 238 236 235 233 236 237 237 236 234 233 234 235
188 190 189 190 189 190 192 191 -9999 -9999 -9999 -9999 -9999 -9999 -9999 -9999 -9999 -9999 -9999 -9999 -9999 -9999 -9999 -9999 -9999 -9999 -9999 -9999 -9999 -9999 -9999 -9999 -9999 -9999 -9999 -9999 -9999 -9999 -9999 -9999 -9999 -9999 -9999 -9999 -9999 -9999 -9999 -9999 -9999 -9999 -9999 231 233 232 231 232 233 233 234 236 235 236 238 240 242 244 242 241 241 239 240 239 239 237 236 231 233 236 237 236 232 231 233 233
189 189 189 189 190 190 191 192 192 191 -9999 -9999 -9999 -9999 -9999 -9999 -9999 -9999 -9999 -9999 -9999 -9999 -9999 -9999 -9999 -9999 -9999 -9999 -9999 -9999 -9999 -9999 -9999 -9999 -9999 -9999 -9999 -9999 -9999 -9999 -9999 -9999 -9999 -9999 -9999 -9999 -9999 -9999 -9999 -9999 -9999 233 232 232 232 231 233 234 235 237 237 239 240 241 242 243 244 242 242 240 240 240 239 237 234 225 231 233 237 238 236 228 225 230
188 189 189 189 190 190 190 192 193 191 -9999 -9999 -9999 -9999 -9999 -9999 -9999 -9999 -9999 -9999 -9999 -9999 -9999 -9999 -9999 -9999 -9999 -9999 -9999 -9999 -9999 -9999 -9999 -9999 -9999 -9999 -9999 -9999 -9999 -9999 -9999 -9999 -9999 -9999 -9999 -9999 -9999 -9999 -9999 -9999 232 232 231 232 231 232 234 235 236 237 237 238 239 241 241 242 244 243 242 241 241 241 240 239 235 223 227 235 238 237 236 226 223 225
188 188 189 190 190 190 190 193 193 190 189 -9999 -9999 -9999 -9999 -9999 -9999 -9999 -9999 -9999 -9999 -9999 -9999 -9999 -9999 -9999 -9999 -9999 -9999 -9999 -9999 -9999 -9999 -9999 -9999 -9999 -9999 -9999 -9999 -9999 -9999 -9999 -9999 -9999 -9999 -9999 -9999 -9999 -9999 231 232 230 231 231 233 234 235 235 235 235 236 238 238 239 242 242 244 244 243 240 242 242 241 239 237 233 216 236 239 240 238 232 231 235
188 189 189 190 190 190 190 190 192 191 190 190 -9999 -9999 -9999 -9999 -9999 -9999 -9999 -9999 -9999 -9999 -9999 -9999 -9999 -9999 -9999 -9999 -9999 -9999 -9999 -9999 -9999 -9999 -9999 -9999 -9999 -9999 -9999 -9999 -9999 -9999 -9999 -9999 -9999 -9999 -9999 -9999 -9999 231 230 230 231 233 233 234 235 236 235 235 236 238 239 240 241 242 243 245 244 242 242 242 242 240 238 236 233 231 238 238 239 236 230 237
188 189 190 190 190 190 190 191 192 194 192 195 -9999 -9999 -9999 -9999 -9999 -9999 -9999 -9999 -9999 -9999 -9999 -9999 -9999 -9999 -9999 -9999 -9999 -9999 -9999 -9999 -9999 -9999 -9999 -9999 -9999 -9999 -9999 -9999 -9999 -9999 -9999 -9999 -9999 -9999 -9999 -9999 230 230 231 232 233 234 234 234 235 236 237 237 238 238 239 240 241 242 243 244 245 244 243 243 242 241 240 238 237 236 240 240 241 240 233 241
189 189 190 190 190 190 192 195 195 197 192 194 195 -9999 -9999 -9999 -9999 -9999 -9999 -9999 -9999 -9999 -9999 -9999 -9999 -9999 -9999 -9999 -9999 -9999 -9999 -9999 -9999 -9999 -9999 -9999 -9999 -9999 -9999 -9999 -9999 -9999 -9999 -9999 -9999 -9999 -9999 229 230 230 232 233 234 235 235 235 236 236 238 237 239 239 240 240 241 242 243 244 245 245 244 243 242 241 241 240 240 239 242 242 242 242 231 242
189 190 190 190 191 190 190 196 196 197 200 196 -9999 -9999 -9999 -9999 -9999 -9999 -9999 -9999 -9999 -9999 -9999 -9999 -9999 -9999 -9999 -9999 -9999 -9999 -9999 -9999 -9999 -9999 -9999 -9999 -9999 -9999 -9999 -9999 -9999 -9999 -9999 -9999 -9999 -9999 -9999 229 229 232 233 234 235 235 235 236 237 237 238 238 239 240 240 241 242 243 244 244 244 245 244 243 242 242 242 242 241 239 242 243 243 243 243 244
189 190 191 191 191 191 194 197 198 199 200 198 193 -9999 -9999 -9999 -9999 -9999 -9999 -9999 -9999 -9999 -9999 -9999 -9999 -9999 -9999 -9999 -9999 -9999 -9999 -9999 -9999 -9999 -9999 -9999 -9999 -9999 -9999 -9999 -9999 -9999 -9999 -9999 -9999 -9999 228 229 230 232 234 234 235 236 236 236 238 238 238 239 240 241 242 242 243 244 243 243 244 245 245 244 243 243 242 243 242 242 243 244 244 244 244 244
189 190 191 191 190 191 195 195 197 198 200 199 -9999 -9999 -9999 -9999 -9999 -9999 -9999 -9999 -9999 -9999 -9999 -9999 -9999 -9999 -9999 -9999 -9999 -9999 -9999 -9999 -9999 -9999 -9999 -9999 -9999 -9999 -9999 -9999 -9999 -9999 -9999 -9999 -9999 -9999 228 228 231 233 234 235 235 236 237 237 238 239 239 240 241 240 241 242 242 243 242 243 243 245 246 244 243 244 243 243 243 243 243 245 245 244 245 245
187 189 190 190 189 190 193 192 197 199 201 201 -9999 -9999 -9999 -9999 -9999 -9999 -9999 -9999 -9999 -9999 -9999 -9999 -9999 -9999 -9999 -9999 -9999 -9999 -9999 -9999 -9999 -9999 -9999 -9999 -9999 219 220 221 222 223 225 -9999 226 227 228 230 231 233 233 234 235 236 237 238 238 239 239 239 238 240 240 240 241 241 242 242 243 244 246 244 244 244 244 244 245 244 245 245 246 244 246 246
186 187 189 188 189 191 192 193 199 200 201 202 -9999 -9999 -9999 -9999 -9999 -9999 -9999 -9999 -9999 -9999 -9999 -9999 -9999 -9999 -9999 -9999 -9999 -9999 -9999 -9999 -9999 -9999 -9999 215 217 219 220 221 222 223 224 226 227 227 227 230 232 233 232 234 235 236 237 238 238 238 239 237 235 238 239 239 240 241 241 243 243 244 246 246 245 245 245 244 245 245 246 247 246 246 247 248
186 186 187 188 189 190 193 198 199 199 199 201 -9999 -9999 -9999 -9999 -9999 -9999 -9999 -9999 -9999 -9999 -9999 -9999 -9999 -9999 -9999 -9999 -9999 -9999 -9999 -9999 -9999 -9999 214 214 215 218 219 220 221 223 224 225 226 227 229 231 232 231 232 233 235 236 237 237 238 237 237 235 227 233 237 239 240 241 242 243 244 245 246 246 247 246 246 246 247 247 247 248 247 247 248 249
186 186 187 188 188 189 192 196 197 198 198 200 -9999 -9999 -9999 -9999 -9999 -9999 -9999 -9999 -9999 -9999 -9999 -9999 -9999 -9999 -9999 -9999 -9999 -9999 -9999 -9999 -9999 -9999 213 211 211 216 217 219 221 222 224 225 226 228 230 231 231 230 232 233 235 235 236 237 237 236 236 235 224 226 236 238 238 241 242 242 243 245 246 246 246 246 247 247 248 247 248 248 248 248 249 249
186 186 188 189 189 190 190 197 198 199 200 201 -9999 -9999 -9999 -9999 -9999 -9999 -9999 -9999 -9999 -9999 -9999 -9999 -9999 -9999 -9999 -9999 -9999 -9999 -9999 -9999 -9999 -9999 204 201 205 215 216 219 221 221 224 225 227 229 230 230 230 230 231 233 234 235 235 236 237 235 235 234 231 231 234 236 238 241 242 242 243 244 244 240 241 245 246 247 245 245 244 247 246 243 243 246
187 187 188 190 191 193 195 198 197 199 199 201 201 200 199 198 198 198 195 -9999 -9999 -9999 -9999 -9999 -9999 -9999 -9999 -9999 -9999 -9999 -9999 -9999 -9999 -9999 210 198 198 212 215 206 219 221 223 225 227 228 229 229 228 229 229 233 234 234 235 236 236 236 233 233 231 232 235 237 239 241 242 243 243 244 240 241 241 241 244 247 246 243 243 243 243 242 243 245
188 188 189 190 193 190 190 196 193 197 199 201 199 199 200 199 198 197 196 196 195 197 196 195 195 194 193 -9999 -9999 -9999 -9999 -9999 -9999 -9999 200 195 197 209 214 196 217 220 220 224 226 229 227 227 227 227 231 232 233 233 235 236 236 230 216 230 227 225 236 237 239 240 242 242 243 242 241 243 244 245 246 243 246 244 242 243 242 242 243 243
-9999 -9999 -9999 -9999 191 190 190 191 191 196 201 201 199 198 200 199 198 198 197 197 196 196 196 195 195 195 193 192 190 189 186 189 190 195 197 188 189 195 202 198 213 218 218 214 227 228 223 225 226 228 229 231 232 233 234 235 236 236 201 202 216 224 233 236 238 239 241 242 242 240 241 244 245 246 245 244 244 244 242 242 242 243 243 243
-9999 -9999 -9999 -9999 -9999 -9999 191 191 191 192 197 201 200 198 199 198 198 197 196 195 195 195 194 194 194 195 192 191 190 189 188 187 192 195 193 190 191 193 198 198 208 217 218 223 227 224 217 224 226 229 230 231 231 232 233 233 236 236 204 201 209 226 232 234 237 238 240 241 240 240 240 244 246 246 245 243 244 243 242 242 243 244 245 245
-9999 -9999 -9999 -9999 -9999 -9999 -9999 197 194 196 197 201 200 198 199 198 197 197 196 195 194 194 193 192 193 194 193 192 191 190 188 186 188 191 191 189 190 194 201 196 199 222 224 225 224 200 219 223 225 228 229 230 230 231 231 232 236 210 202 190 199 223 230 232 235 236 240 241 240 240 240 244 245 245 244 242 243 242 242 242 243 244 245 244
-9999 -9999 -9999 -9999 -9999 -9999 -9999 198 198 198 201 -9999 200 199 198 198 198 197 196 195 194 194 193 192 192 194 193 192 190 189 188 187 188 190 191 190 191 195 192 197 197 224 221 220 222 200 219 222 226 228 229 230 230 227 230 233 235 218 196 192 211 219 215 216 233 236 240 241 240 240 243 244 245 245 244 241 242 243 242 243 243 243 243 244
-9999 -9999 -9999 -9999 -9999 -9999 -9999 -9999 -9999 200 -9999 -9999 -9999 199 198 196 197 197 196 195 194 195 195 193 193 193 193 191 189 189 189 187 186 188 189 188 189 190 190 197 200 217 217 205 201 194 203 222 226 227 228 228 227 220 229 234 235 222 -9999 -9999 229 230 228 228 235 239 240 241 240 243 241 244 245 243 241 241 242 242 242 243 243 243 243 244
-9999 -9999 -9999 -9999 -9999 -9999 -9999 -9999 -9999 -9999 -9999 -9999 -9999 200 198 198 197 196 196 196 196 196 195 194 194 191 192 191 190 190 190 187 186 187 188 190 191 190 193 199 194 204 219 206 202 193 200 220 225 226 227 228 219 225 227 234 234 -9999 -9999 -9999 -9999 232 234 235 237 239 240 241 242 240 243 245 244 242 241 241 242 242 242 242 242 242 243 244
-9999 -9999 -9999 -9999 -9999 -9999 -9999 -9999 -9999 -9999 -9999 -9999 -9999 -9999 199 198 197 198 198 198 197 197 196 195 194 191 191 192 192 191 191 187 187 187 189 192 193 193 194 201 194 199 210 206 189 193 212 224 224 226 226 225 205 215 225 -9999 -9999 -9999 -9999 -9999 -9999 -9999 234 236 238 239 240 241 240 241 243 244 243 242 241 241 241 242 241 241 240 240 242 243
-9999 -9999 -9999 -9999 -9999 -9999 -9999 -9999 -9999 -9999 -9999 -9999 -9999 -9999 200 199 199 198 197 196 196 197 196 196 194 194 193 193 192 192 191 190 188 187 188 187 189 194 196 201 199 208 209 200 196 202 217 222 222 222 225 226 218 211 -9999 -9999 -9999 -9999 -9999 -9999 -9999 -9999 -9999 235 237 239 240 239 240 243 244 244 243 241 241 241 241 242 241 240 240 240 242 243
-9999 -9999 -9999 -9999 -9999 -9999 -9999 -9999 -9999 -9999 -9999 -9999 -9999 -9999 -9999 200 199 197 197 195 195 195 195 196 195 194 193 192 191 190 190 189 188 188 189 189 191 191 198 204 199 200 204 194 200 204 205 207 217 213 217 224 215 -9999 -9999 -9999 -9999 -9999 -9999 -9999 -9999 -9999 -9999 236 237 239 240 240 241 242 243 244 242 241 240 240 241 241 241 240 240 242 242 242
-9999 -9999 -9999 -9999 -9999 -9999 -9999 -9999 -9999 -9999 -9999 -9999 -9999 -9999 -9999 200 199 197 197 196 195 194 194 -9999 195 194 193 192 191 190 190 188 188 190 191 192 195 196 198 202 197 192 197 192 195 202 194 196 201 203 211 -9999 -9999 -9999 -9999 -9999 -9999 -9999 -9999 -9999 -9999 -9999 -9999 235 236 238 240 240 239 242 243 243 243 242 241 240 241 241 240 240 240 241 242 241
-9999 -9999 -9999 -9999 -9999 -9999 -9999 -9999 -9999 -9999 -9999 -9999 -9999 -9999 -9999 200 198 197 197 196 195 195 -9999 -9999 -9999 -9999 -9999 -9999 -9999 -9999 188 187 188 190 191 194 196 198 198 198 197 193 192 194 192 195 202 191 194 194 -9999 -9999 -9999 -9999 -9999 -9999 -9999 -9999 -9999 -9999 -9999 -9999 -9999 -9999 236 238 239 238 240 239 243 243 242 240 240 240 240 240 239 239 239 240 241 240
-9999 -9999 -9999 -9999 -9999 -9999 -9999 -9999 -9999 -9999 -9999 -9999 -9999 -9999 -9999 -9999 199 198 198 197 -9999 -9999 -9999 -9999 -9999 -9999 -9999 -9999 -9999 -9999 -9999 188 187 188 188 194 196 198 200 200 199 196 192 190 189 193 200 194 189 190 -9999 -9999 -9999 -9999 -9999 -9999 -9999 -9999 -9999 -9999 -9999 -9999 -9999 -9999 235 237 238 238 241 242 242 243 243 240 240 240 239 239 239 239 239 240 240 237
-9999 -9999 -9999 -9999 -9999 -9999 -9999 -9999 -9999 -9999 -9999 -9999 -9999 -9999 -9999 -9999 199 198 197 -9999 -9999 -9999 -9999 -9999 -9999 -9999 -9999 -9999 -9999 -9999 -9999 189 188 186 188 191 193 198 197 197 195 199 199 194 191 190 198 194 190 191 -9999 -9999 -9999 -9999 -9999 -9999 -9999 -9999 -9999 -9999 -9999 -9999 -9999 -9999 234 237 238 241 241 242 242 243 243 242 240 240 239 239 238 239 238 238 239 237
-9999 -9999 -9999 -9999 -9999 -9999 -9999 -9999 -9999 -9999 -9999 -9999 -9999 -9999 -9999 -9999 -9999 -9999 -9999 -9999 -9999 -9999 -9999 -9999 -9999 -9999 -9999 -9999 -9999 -9999 -9999 -9999 188 187 189 190 192 197 193 196 193 194 195 194 192 186 186 194 192 189 -9999 -9999 -9999 -9999 -9999 -9999 -9999 -9999 -9999 -9999 -9999 -9999 -9999 -9999 234 236 237 239 241 241 242 241 242 242 240 240 239 239 238 238 238 238 238 237
