invasiveSpecies/multiSpecies/data/worldclim_KE/worldclim_KE_2050_BC26_Bio12.asc
ncols         347
nrows         295
xllcorner     36.068012264173
yllcorner     0.13039239511974
cellsize      0.0083333333333333
NODATA_value  -9999
[rows 74 to 110 of 295, columns 168 to 251 of 347]
-9999 -9999 -9999 -9999 -9999 -9999 -9999 -9999 -9999 -9999 -9999 -9999 -9999 -9999 -9999 -9999 -9999 -9999 -9999 -9999 -9999 -9999 -9999 -9999 -9999 -9999 -9999 -9999 -9999 -9999 390 391 392 392 393 391 391 389 388 385 385 388 389 387 384 383 382 376 376 376 376 377 376 377 377 377 376 377 376 376 375 375 374 375 375 372 372 372 372 372 371 371 373 373 373 373 374 374 369 369 370 371 368 368
-9999 -9999 -9999 -9999 -9999 -9999 -9999 -9999 -9999 -9999 -9999 -9999 -9999 -9999 -9999 -9999 -9999 -9999 -9999 -9999 -9999 -9999 -9999 -9999 -9999 -9999 -9999 -9999 -9999 388 389 390 387 384 388 390 386 386 384 382 382 385 389 384 380 383 378 375 376 375 375 375 376 374 375 376 376 375 374 375 375 375 375 375 374 373 373 373 373 373 371 371 372 373 372 372 373 370 369 369 369 370 371 368
-9999 -9999 -9999 -9999 -9999 -9999 -9999 -9999 -9999 -9999 -9999 -9999 -9999 -9999 -9999 -9999 -9999 -9999 -9999 -9999 -9999 -9999 -9999 -9999 -9999 -9999 -9999 -9999 -9999 390 388 387 383 384 385 384 384 383 383 380 380 383 384 379 379 376 375 375 376 375 375 375 374 374 374 374 375 375 375 375 375 375 375 375 373 373 373 373 372 372 371 371 371 372 372 372 370 369 369 369 369 369 369 370
-9999 -9999 -9999 -9999 -9999 -9999 -9999 -9999 -9999 -9999 -9999 -9999 -9999 -9999 -9999 -9999 -9999 -9999 -9999 -9999 -9999 -9999 -9999 -9999 -9999 -9999 -9999 -9999 -9999 399 393 387 382 381 381 382 383 383 380 380 378 378 376 377 376 376 376 376 375 375 375 375 374 374 374 374 373 372 373 375 375 375 375 375 373 373 373 372 372 372 373 373 372 372 372 372 369 369 369 369 369 369 369 369
-9999 -9999 -9999 -9999 -9999 -9999 -9999 -9999 -9999 -9999 -9999 -9999 -9999 -9999 -9999 -9999 -9999 -9999 -9999 -9999 -9999 -9999 -9999 -9999 -9999 -9999 -9999 -9999 403 402 394 385 381 380 378 380 378 379 378 376 377 377 377 377 376 376 376 375 375 375 375 375 374 374 373 373 373 372 373 373 375 373 375 374 373 373 372 372 372 372 373 372 372 372 372 370 369 369 369 369 369 369 369 369
-9999 -9999 -9999 -9999 -9999 -9999 -9999 -9999 -9999 -9999 -9999 -9999 -9999 -9999 -9999 -9999 -9999 -9999 -9999 -9999 -9999 -9999 -9999 -9999 -9999 -9999 -9999 -9999 404 401 389 381 380 380 376 375 374 374 376 376 376 377 377 377 376 376 376 375 375 376 375 375 374 374 373 373 372 372 373 373 373 373 373 372 373 372 372 372 373 373 373 373 373 372 370 369 369 369 369 369 369 369 369 369
-9999 -9999 -9999 -9999 -9999 -9999 -9999 -9999 -9999 -9999 -9999 -9999 -9999 -9999 -9999 -9999 -9999 -9999 -9999 -9999 -9999 -9999 -9999 -9999 -9999 -9999 -9999 397 397 392 380 378 377 377 374 374 374 374 374 374 375 376 376 376 376 376 375 375 375 375 375 374 374 374 374 373 373 373 373 373 373 373 372 370 371 372 371 373 373 373 373 373 373 372 370 369 369 369 369 369 369 369 369 369
-9999 -9999 -9999 -9999 -9999 -9999 -9999 -9999 -9999 -9999 -9999 -9999 -9999 -9999 -9999 -9999 -9999 -9999 -9999 -9999 -9999 -9999 -9999 -9999 -9999 -9999 -9999 391 390 389 376 376 376 375 373 374 374 374 374 374 375 373 374 375 375 375 375 376 376 375 375 376 374 374 374 372 373 373 373 373 373 373 370 370 371 371 371 373 373 373 373 373 372 372 374 372 371 371 371 371 371 371 371 371
-9999 -9999 -9999 -9999 -9999 -9999 -9999 -9999 -9999 -9999 -9999 -9999 -9999 -9999 -9999 -9999 -9999 -9999 -9999 -9999 -9999 -9999 -9999 -9999 -9999 -9999 -9999 373 373 374 375 375 375 375 374 374 374 374 374 373 374 374 375 375 375 374 374 376 375 375 375 375 374 374 375 375 373 373 373 373 373 372 370 370 371 372 372 373 372 372 372 373 373 372 371 370 370 370 369 369 369 371 371 371
-9999 -9999 -9999 -9999 -9999 -9999 -9999 -9999 -9999 -9999 -9999 -9999 -9999 -9999 -9999 -9999 -9999 -9999 -9999 -9999 -9999 -9999 -9999 -9999 -9999 -9999 371 371 373 374 375 375 375 377 375 374 374 374 374 374 374 374 375 375 374 374 374 375 374 375 375 374 375 375 375 374 373 373 373 373 372 371 371 371 372 372 372 372 372 372 372 372 371 371 370 370 370 370 369 369 369 369 368 368
-9999 -9999 -9999 -9999 -9999 -9999 -9999 -9999 -9999 -9999 -9999 -9999 -9999 -9999 -9999 -9999 -9999 -9999 -9999 -9999 -9999 -9999 -9999 -9999 -9999 -9999 371 371 374 375 375 375 376 377 375 375 375 374 374 374 374 374 374 374 374 374 375 375 374 375 375 374 376 376 376 374 374 374 373 372 372 371 370 371 372 372 372 372 372 372 372 372 371 371 371 370 370 371 370 369 370 369 370 368
-9999 -9999 -9999 -9999 -9999 -9999 -9999 -9999 -9999 -9999 -9999 -9999 -9999 -9999 -9999 -9999 -9999 -9999 -9999 -9999 -9999 -9999 -9999 -9999 -9999 -9999 371 374 374 375 375 376 376 377 375 375 375 374 375 375 374 374 374 374 374 375 375 374 374 375 375 377 376 376 376 374 374 373 372 372 372 370 371 371 372 372 372 372 372 372 372 372 371 371 371 370 370 370 370 369 371 371 369 369
-9999 -9999 -9999 -9999 -9999 -9999 -9999 -9999 -9999 -9999 -9999 -9999 -9999 -9999 -9999 -9999 -9999 -9999 -9999 -9999 -9999 -9999 -9999 -9999 -9999 371 373 374 374 375 376 376 377 376 375 375 375 376 375 375 374 374 374 375 375 375 375 374 374 374 375 377 375 376 374 374 374 372 372 372 371 371 371 371 372 372 372 372 372 372 372 372 371 370 371 370 370 370 370 370 370 368 369 369
-9999 -9999 -9999 -9999 -9999 -9999 -9999 -9999 -9999 -9999 -9999 -9999 -9999 -9999 -9999 -9999 -9999 -9999 -9999 -9999 -9999 -9999 -9999 -9999 372 375 374 374 374 374 376 376 377 376 375 375 376 376 376 375 374 374 373 374 375 375 375 374 374 375 375 377 376 376 376 373 374 372 371 372 370 371 371 371 372 372 372 372 372 372 372 371 371 370 370 371 370 371 371 370 369 370 369 369
-9999 -9999 -9999 -9999 -9999 -9999 -9999 -9999 -9999 -9999 -9999 -9999 -9999 -9999 -9999 -9999 -9999 -9999 -9999 -9999 -9999 -9999 -9999 373 374 375 375 375 374 375 376 376 376 376 375 376 376 376 376 376 374 374 375 375 375 375 375 376 375 375 375 377 376 375 373 375 372 370 370 369 369 370 369 371 370 371 372 372 372 371 371 371 370 370 370 371 371 371 371 370 370 370 370 370
-9999 -9999 -9999 -9999 -9999 -9999 -9999 -9999 -9999 -9999 -9999 -9999 -9999 -9999 -9999 -9999 -9999 -9999 -9999 -9999 373 372 373 374 374 375 375 375 376 375 375 375 374 376 375 376 376 376 376 376 374 374 374 375 375 375 375 375 375 376 376 375 374 375 372 372 372 371 371 369 369 369 369 369 370 370 370 372 372 372 371 370 370 370 371 371 371 371 371 370 370 370 370 370
-9999 -9999 -9999 -9999 -9999 -9999 -9999 -9999 -9999 -9999 -9999 -9999 -9999 -9999 -9999 -9999 371 371 371 393 392 372 374 375 375 375 375 376 376 376 376 375 375 377 376 375 376 376 376 376 377 374 375 375 375 376 376 375 375 375 375 375 374 374 378 373 372 371 372 371 369 369 369 369 370 370 370 371 372 371 369 368 371 371 372 371 371 371 371 370 370 370 370 370
-9999 -9999 -9999 -9999 -9999 -9999 -9999 -9999 -9999 -9999 -9999 -9999 -9999 -9999 -9999 -9999 372 373 383 439 441 378 375 375 376 376 375 376 376 376 376 376 373 375 375 375 376 376 377 377 376 375 376 376 376 376 377 376 392 394 375 375 374 373 373 374 374 374 373 371 370 370 370 370 370 370 370 370 370 369 368 369 369 369 369 369 369 368 369 368 368 368 369 367
-9999 -9999 -9999 -9999 -9999 -9999 -9999 -9999 -9999 -9999 -9999 -9999 -9999 -9999 -9999 -9999 372 373 374 403 467 380 376 376 376 377 377 376 376 376 376 375 375 374 375 375 375 376 377 377 376 377 376 377 378 378 379 381 396 385 374 374 373 374 374 374 374 374 373 372 371 370 370 370 370 370 370 371 369 370 369 369 369 369 369 369 369 368 368 368 368 368 368 366
-9999 -9999 -9999 -9999 -9999 -9999 -9999 -9999 -9999 -9999 -9999 -9999 -9999 -9999 -9999 -9999 372 373 375 386 495 406 378 377 377 377 377 376 376 376 377 377 375 374 374 375 375 377 377 377 376 377 378 378 378 378 380 380 381 378 373 373 373 373 374 374 374 374 373 371 371 371 370 370 370 370 370 371 370 370 369 369 369 368 369 369 369 368 368 368 368 368 366 366
-9999 -9999 -9999 -9999 -9999 -9999 -9999 -9999 -9999 -9999 -9999 -9999 -9999 -9999 -9999 -9999 372 375 375 376 377 377 378 379 377 377 377 377 376 376 377 375 375 375 376 377 376 377 378 377 378 379 379 378 378 381 382 384 379 377 373 373 374 373 374 374 374 373 373 371 371 371 370 370 370 370 371 370 370 369 369 369 369 369 369 369 368 368 368 368 368 368 366 366
-9999 -9999 -9999 -9999 -9999 -9999 -9999 -9999 -9999 -9999 -9999 -9999 -9999 -9999 -9999 -9999 375 375 376 377 377 377 378 379 377 377 377 377 377 377 376 376 377 376 377 378 377 377 378 377 379 379 379 378 379 382 385 386 383 377 372 375 375 374 375 375 374 373 374 372 371 371 371 371 371 371 371 370 369 369 369 369 369 369 370 369 368 368 368 368 368 368 366 366
-9999 -9999 -9999 -9999 -9999 -9999 -9999 -9999 -9999 -9999 -9999 -9999 -9999 -9999 -9999 -9999 375 375 377 377 377 377 379 379 377 377 377 377 378 378 377 376 377 376 377 378 378 378 376 378 379 379 379 378 381 385 387 387 384 380 376 376 375 374 375 377 376 377 376 371 374 373 372 371 371 371 370 370 369 369 369 369 369 369 369 368 368 368 368 368 365 366 366 366
-9999 -9999 -9999 -9999 -9999 -9999 -9999 -9999 -9999 -9999 -9999 -9999 -9999 -9999 -9999 -9999 375 376 377 377 377 378 378 379 378 377 377 378 378 378 378 376 377 378 378 378 378 378 377 377 377 379 379 378 382 387 388 386 384 380 376 378 375 377 377 376 377 377 379 380 378 377 373 372 371 371 370 370 369 369 369 369 369 368 367 368 367 367 367 367 365 365 365 364
-9999 -9999 -9999 -9999 -9999 -9999 -9999 -9999 -9999 -9999 -9999 -9999 -9999 -9999 -9999 -9999 377 377 377 377 379 378 378 379 378 377 378 378 378 379 378 376 380 379 378 378 378 378 378 378 377 377 382 382 383 386 386 382 380 379 379 379 379 378 378 383 381 380 385 384 380 379 379 373 375 373 372 371 368 368 368 368 368 367 367 367 367 367 367 367 365 365 365 364
-9999 -9999 -9999 -9999 -9999 -9999 -9999 -9999 -9999 -9999 -9999 -9999 -9999 -9999 -9999 -9999 378 379 378 378 378 378 378 379 378 378 378 378 378 379 379 379 380 377 378 378 378 378 378 378 378 377 386 386 387 385 384 383 387 386 380 379 379 380 382 383 384 386 387 389 389 387 380 380 380 376 375 371 369 369 371 371 369 366 366 366 366 366 366 364 364 363 363 363
-9999 -9999 -9999 -9999 -9999 -9999 -9999 -9999 -9999 -9999 -9999 -9999 -9999 -9999 -9999 -9999 -9999 379 378 379 378 378 379 379 380 376 378 378 379 378 378 379 379 380 378 378 379 378 378 378 378 390 390 390 388 384 385 387 387 388 383 383 383 382 384 386 386 390 389 392 390 391 388 383 383 380 375 379 375 372 373 372 369 365 366 366 366 366 364 364 364 363 363 362
-9999 -9999 -9999 -9999 -9999 -9999 -9999 -9999 -9999 -9999 -9999 -9999 -9999 -9999 -9999 -9999 380 380 379 380 380 379 380 379 377 378 379 378 379 379 379 379 379 379 380 380 379 379 379 379 379 398 394 393 388 388 389 391 391 391 391 385 387 385 386 388 390 394 395 399 399 392 390 389 384 382 382 379 377 375 372 371 365 364 366 366 365 364 364 364 363 363 362 361
-9999 -9999 -9999 -9999 -9999 -9999 -9999 -9999 -9999 -9999 -9999 -9999 -9999 -9999 381 380 380 381 379 379 378 378 379 379 379 377 379 379 380 379 379 379 379 380 382 381 379 379 379 379 380 401 400 396 391 390 391 392 392 393 392 388 388 387 386 389 391 394 395 399 399 399 392 391 389 386 385 381 378 376 374 371 369 366 365 367 367 363 363 362 362 362 361 361
-9999 -9999 -9999 -9999 -9999 -9999 -9999 -9999 -9999 -9999 -9999 -9999 381 382 392 391 379 380 380 379 378 378 378 379 380 380 379 380 380 379 380 379 381 380 380 378 380 379 379 380 380 393 409 399 400 397 397 397 397 396 394 389 390 389 387 390 394 396 396 405 410 401 400 395 390 386 385 382 382 375 373 372 369 371 369 367 368 372 365 362 361 361 361 361
-9999 -9999 -9999 -9999 -9999 -9999 -9999 -9999 -9999 -9999 -9999 -9999 396 401 379 379 378 378 379 379 379 380 379 383 380 379 380 380 379 431 391 432 388 381 380 379 378 379 379 380 380 395 400 408 407 402 400 399 399 398 397 391 391 392 391 392 394 401 405 411 417 407 402 400 392 386 384 382 380 378 374 374 373 374 375 373 372 375 375 365 362 362 362 361
-9999 -9999 -9999 -9999 -9999 -9999 -9999 -9999 -9999 -9999 -9999 407 406 379 379 379 379 379 379 378 379 380 380 385 380 381 381 381 390 526 554 472 402 385 379 379 378 379 380 380 380 399 400 417 414 410 408 406 399 399 398 396 395 393 394 396 397 405 409 418 418 408 403 400 390 385 385 381 380 379 374 374 375 375 385 376 373 384 375 366 362 362 362 362
-9999 -9999 -9999 -9999 -9999 -9999 -9999 -9999 -9999 -9999 410 408 379 379 379 379 380 380 380 380 382 382 386 391 383 383 382 384 395 497 570 489 434 386 380 379 379 381 380 380 398 400 403 404 419 411 411 410 416 406 407 400 396 396 397 398 404 406 415 414 410 409 408 402 392 385 384 383 380 378 373 374 375 381 395 392 379 381 367 363 362 362 362 361
-9999 -9999 -9999 -9999 -9999 -9999 -9999 -9999 -9999 -9999 413 400 379 379 380 380 380 382 382 382 383 386 386 394 384 385 386 387 402 459 460 476 391 383 382 381 381 381 381 388 399 404 404 409 419 418 412 410 409 408 409 407 403 401 400 404 406 407 414 409 409 409 404 402 396 390 384 382 380 378 373 373 377 385 393 383 380 376 367 366 363 362 362 362
-9999 -9999 -9999 -9999 -9999 -9999 -9999 -9999 -9999 416 415 386 382 380 381 381 382 383 383 383 386 386 386 401 384 386 386 389 399 410 410 401 387 382 382 382 381 381 383 384 387 405 409 411 406 416 413 410 409 409 410 410 408 402 404 405 407 416 414 410 409 412 402 396 395 388 387 383 379 377 374 374 381 384 391 381 378 372 367 366 364 364 363 363
-9999 -9999 -9999 -9999 -9999 -9999 -9999 -9999 -9999 402 393 387 383 385 383 382 383 383 383 384 386 388 405 405 408 387 389 394 403 408 425 393 384 383 383 383 384 384 383 384 384 406 405 407 405 415 410 409 409 410 417 413 408 404 405 406 411 416 414 414 413 419 400 394 389 388 386 381 378 377 375 377 378 383 382 380 375 372 367 371 366 365 364 364
-9999 -9999 -9999 -9999 -9999 -9999 -9999 -9999 425 424 424 394 387 387 385 386 387 387 387 387 389 391 391 412 413 391 390 398 408 503 400 389 386 382 384 384 385 385 385 384 385 389 405 403 404 403 409 408 412 412 417 413 403 402 403 408 408 408 407 410 406 410 402 390 388 386 386 376 376 376 375 375 376 377 380 380 378 374 374 369 368 366 365 365
