invasiveSpecies/multiSpecies/data/worldclim_KE/worldclim_KE_2050_BC85_Bio13.asc
ncols         347
nrows         295
xllcorner     36.068012264173
yllcorner     0.13039239511974
cellsize      0.0083333333333333
NODATA_value  -9999
[rows 148 to 184 of 295, columns 168 to 251 of 347]
147 147 146 145 145 144 143 143 143 143 142 143 142 141 141 146 146 153 154 153 151 142 141 142 145 147 152 147 144 144 141 141 143 144 144 145 145 144 143 144 144 142 141 140 138 155 156 156 155 154 154 154 155 156 157 152 152 147 146 146 147 148 149 149 149 149 146 147 146 153 154 154 156 156 155 154 154 148 142 141 137 135 134 134
148 147 146 145 144 144 143 142 142 141 141 141 141 141 143 147 150 156 154 153 150 141 141 143 145 145 149 147 144 144 143 143 143 145 145 145 144 144 143 144 144 144 143 143 142 154 154 155 155 154 154 155 156 158 157 157 156 147 147 148 148 149 149 149 149 147 147 147 147 150 154 156 157 156 156 155 154 144 143 155 137 135 134 134
148 147 146 145 144 143 142 142 141 141 142 143 142 142 145 148 149 154 153 153 141 141 141 143 146 146 149 147 145 145 143 143 143 145 146 146 145 144 143 144 145 145 144 142 139 148 152 155 155 154 154 155 159 159 159 156 149 147 147 148 148 149 151 149 149 149 149 150 147 150 152 154 158 156 156 156 148 156 155 145 137 136 134 135
148 147 146 144 144 142 142 142 142 142 144 144 144 145 146 151 150 147 146 151 142 143 144 145 148 147 150 150 145 145 144 143 143 145 147 147 146 146 145 145 147 146 145 142 139 139 152 155 155 155 155 157 159 159 157 152 150 149 148 149 150 150 151 150 150 149 153 153 150 150 152 155 157 157 158 158 158 158 158 145 138 137 136 136
146 146 146 144 144 144 144 145 144 142 144 146 144 146 149 150 149 147 145 144 143 142 144 146 148 147 149 148 145 144 143 143 143 145 148 147 147 146 146 146 146 144 142 142 139 139 144 155 155 155 155 157 159 159 159 152 150 149 148 149 150 151 151 150 150 153 153 152 152 152 153 154 155 157 159 159 158 158 146 139 138 136 136 136
146 144 144 143 144 145 145 145 144 142 142 146 145 146 149 151 150 149 146 144 143 143 146 149 149 148 149 148 145 144 144 143 144 147 148 148 148 147 146 146 145 144 140 139 139 140 157 157 157 157 155 157 161 160 158 155 150 149 149 150 151 152 152 151 152 155 153 153 152 154 154 155 158 158 159 159 158 147 143 140 138 137 137 137
146 146 146 144 145 146 145 144 144 144 144 145 145 146 149 151 149 147 146 144 143 143 146 150 149 149 149 148 145 144 144 144 144 147 149 148 147 146 144 142 142 141 141 140 139 151 155 157 158 157 155 157 159 160 159 151 150 149 150 150 151 153 152 152 153 155 154 153 155 156 156 158 158 158 159 159 158 144 141 139 138 137 137 137
147 146 147 146 145 145 144 144 142 144 145 145 146 147 149 151 149 147 146 144 144 143 146 150 150 150 150 149 147 145 144 144 144 148 149 146 146 145 142 141 140 139 139 139 149 158 157 158 158 158 157 157 159 159 159 151 150 149 150 151 152 155 153 153 155 155 154 154 157 160 158 160 160 160 160 159 147 143 140 139 138 137 137 137
147 148 147 146 146 145 145 144 144 144 146 146 146 147 149 151 150 150 147 145 144 144 145 147 150 150 150 148 147 145 145 145 145 148 149 148 145 144 141 139 139 139 139 158 158 158 158 158 159 159 158 158 158 159 159 153 150 150 151 152 155 156 155 156 156 157 156 162 157 161 163 162 161 160 160 159 144 140 140 139 138 138 137 137
148 148 147 146 146 146 146 144 145 145 146 147 147 148 150 151 150 149 146 145 145 144 145 149 151 150 150 148 147 145 145 145 145 148 149 150 147 145 144 139 140 140 145 158 158 158 158 159 160 159 159 158 159 159 159 160 156 150 151 153 156 163 160 158 158 162 163 164 165 163 164 162 160 156 147 144 143 140 139 139 138 138 138 138
148 147 147 147 146 146 145 145 145 145 146 147 147 148 150 150 149 147 145 145 144 145 146 149 150 151 149 148 148 147 147 145 145 147 149 148 147 146 144 140 139 155 158 160 159 159 159 160 161 161 161 160 161 160 160 160 158 151 151 153 160 164 164 159 167 168 169 168 167 165 162 153 148 147 146 144 143 141 140 139 138 138 138 138
148 148 148 147 147 146 146 145 145 146 147 148 148 149 150 149 149 147 145 147 146 145 146 147 150 151 150 148 147 148 148 147 148 148 149 147 145 145 142 139 139 161 160 160 160 161 161 160 161 162 162 163 161 160 162 162 158 152 151 153 159 164 166 166 167 167 167 167 164 162 162 161 148 146 145 144 141 141 140 139 139 138 138 138
148 149 148 148 148 147 146 146 146 147 148 148 148 148 147 147 147 146 145 147 146 146 146 150 150 151 149 148 147 149 149 148 149 149 150 148 142 142 139 139 155 161 161 160 161 162 165 162 162 163 163 163 163 161 162 163 158 153 152 157 164 164 165 165 165 167 165 164 163 161 160 155 158 158 145 144 141 140 140 139 139 139 138 138
149 151 149 149 149 148 146 146 148 148 149 149 148 148 147 147 147 147 148 149 148 147 147 148 152 152 149 148 148 149 151 149 151 151 152 154 157 140 140 163 164 163 161 161 163 164 166 166 166 165 168 165 165 164 163 163 156 154 153 158 165 166 165 165 165 167 166 164 163 161 160 152 148 146 144 143 142 141 140 140 140 140 139 139
151 149 148 147 148 148 148 148 149 150 149 149 148 148 147 147 147 147 149 150 149 148 148 149 152 151 149 148 148 149 152 152 152 153 153 154 159 140 161 163 164 165 163 161 163 164 165 168 168 175 169 166 165 164 165 163 155 154 153 160 163 163 165 163 164 164 164 164 163 161 161 149 156 149 146 143 142 141 140 141 140 140 139 139
151 149 148 148 149 148 149 149 151 150 149 149 149 148 148 147 147 148 149 150 149 148 148 149 149 149 149 148 147 147 148 151 151 152 154 158 161 140 145 163 164 164 164 161 163 164 165 168 169 172 170 166 164 164 163 156 155 154 154 158 162 162 162 162 163 161 161 161 161 160 158 156 157 155 156 143 141 141 141 141 141 140 139 139
151 151 149 148 148 149 150 150 151 150 149 148 148 148 147 147 148 147 149 151 149 148 149 150 147 148 147 147 147 146 148 149 148 151 153 153 145 140 141 159 160 161 161 161 163 163 164 166 171 173 169 166 166 164 163 163 154 155 154 155 158 161 163 162 161 158 156 155 153 152 156 157 156 156 144 142 141 141 142 141 141 140 140 139
151 149 149 148 149 149 150 151 151 150 150 148 148 146 147 147 148 149 149 150 149 149 149 149 148 147 146 145 146 145 147 146 146 148 150 149 148 141 141 159 160 160 161 161 162 162 163 165 169 171 168 166 165 164 163 153 153 154 154 155 158 162 163 161 159 158 158 157 157 157 157 145 155 144 142 142 142 141 142 141 141 140 139 139
152 151 149 149 149 149 151 152 151 150 149 148 148 146 148 148 148 150 149 149 147 147 147 148 147 145 146 144 145 144 144 145 145 145 145 158 152 140 141 159 160 160 160 160 161 161 161 163 165 166 165 165 164 164 156 153 152 152 153 155 158 160 160 160 159 150 157 157 157 157 153 145 143 142 142 143 143 143 142 141 141 140 140 140
153 152 149 151 150 150 152 152 151 150 150 149 148 148 148 148 148 149 148 149 147 146 145 146 145 144 144 143 144 143 141 141 145 143 142 143 142 142 141 160 161 160 161 160 161 160 160 161 160 164 163 163 163 163 153 152 151 151 158 159 158 159 158 158 158 150 148 150 156 156 143 143 143 144 143 144 144 144 143 142 142 141 140 140
154 152 151 151 150 150 152 151 151 151 150 149 148 149 148 148 148 148 147 146 147 146 143 145 144 143 143 141 141 141 141 141 143 141 141 141 141 142 143 160 163 161 161 157 157 158 156 155 155 155 162 162 162 162 152 151 151 149 149 154 151 149 156 156 157 148 148 145 145 144 144 143 144 144 146 146 146 146 144 144 142 141 141 140
156 154 152 152 151 150 152 151 152 151 150 149 149 148 147 147 147 148 146 146 145 143 143 142 143 141 141 141 143 141 141 140 140 140 141 141 141 158 159 161 161 160 160 156 156 157 155 154 153 153 153 156 162 150 149 149 149 149 149 148 148 148 147 147 148 148 146 146 146 145 145 145 144 146 148 147 146 144 146 143 142 141 140 140
157 155 153 152 151 151 152 151 150 150 151 150 148 148 147 146 146 146 146 145 143 142 142 141 141 141 141 143 144 143 140 140 140 140 141 142 142 150 158 159 160 159 159 156 154 155 154 153 153 151 151 151 151 149 149 149 149 149 149 149 148 148 148 147 148 148 148 146 148 146 148 146 145 146 149 147 146 146 146 144 142 141 140 140
160 158 153 153 153 153 152 152 149 148 150 149 147 147 147 146 145 145 144 144 143 143 142 142 142 143 143 143 144 142 141 144 143 142 144 144 142 145 159 160 160 160 160 154 154 153 153 152 152 152 151 151 151 150 152 151 151 150 150 150 150 150 149 148 149 148 149 149 148 149 148 147 147 148 151 149 147 147 145 143 143 141 140 140
163 159 156 151 152 150 149 149 148 147 147 148 146 145 145 146 145 144 144 143 143 142 140 142 143 143 144 144 144 141 142 147 144 144 147 145 142 148 148 159 159 159 155 154 154 154 154 152 152 151 151 151 151 150 151 151 151 150 151 151 150 150 150 149 149 149 150 149 150 149 148 148 148 149 150 149 149 149 146 144 143 141 140 141
161 158 155 151 150 149 149 147 147 147 145 146 146 145 144 144 144 144 144 143 142 140 142 143 144 144 145 144 142 142 142 145 144 145 148 145 144 144 148 149 153 155 155 154 155 154 153 152 152 151 151 151 151 152 151 152 151 151 151 151 151 151 150 149 150 149 152 152 149 149 149 149 150 150 150 149 147 146 146 145 143 141 141 141
166 155 152 151 149 148 148 147 146 146 145 144 145 144 143 143 143 142 143 143 142 142 143 144 145 145 145 143 142 142 143 145 145 149 149 147 146 145 146 148 152 153 155 155 154 153 153 152 153 152 151 151 151 152 152 152 152 152 152 152 151 150 150 151 152 152 152 149 149 152 152 152 150 150 150 147 145 144 144 143 141 141 141 141
156 152 150 150 150 148 147 146 145 144 144 144 142 142 142 142 142 142 140 140 140 142 143 145 147 147 144 143 143 142 142 145 148 155 149 149 147 146 146 147 148 154 155 154 153 153 153 153 153 152 152 152 152 153 154 152 152 152 152 152 151 151 151 151 153 152 150 152 150 153 153 152 150 150 149 147 146 144 143 143 141 141 141 141
164 150 148 148 148 147 147 145 144 142 142 142 142 141 143 143 142 142 140 140 142 144 144 146 148 145 145 144 143 142 143 145 148 156 157 150 148 147 147 148 150 152 155 154 154 154 153 154 153 152 152 152 153 153 152 152 152 152 152 152 152 151 151 152 153 153 153 153 153 152 150 150 149 149 147 146 146 143 143 143 143 143 141 141
152 147 145 144 147 146 146 144 142 142 142 142 142 142 143 142 142 140 140 142 142 144 146 147 147 147 144 144 144 142 142 145 149 157 157 154 149 148 148 149 152 153 155 154 154 154 153 154 154 154 153 153 153 152 152 151 151 151 151 150 150 150 150 150 152 152 152 152 152 150 148 148 148 148 147 145 144 143 143 144 144 144 143 141
147 145 145 144 144 144 144 142 142 144 145 142 142 144 144 143 142 140 142 143 142 145 146 148 148 147 145 144 143 142 143 143 147 157 160 155 150 148 150 149 152 153 155 155 155 154 155 154 154 154 153 152 152 151 150 150 150 150 150 150 149 149 149 149 149 149 150 150 150 149 148 147 146 145 145 143 143 144 144 145 145 144 143 141
147 148 147 144 144 144 142 144 144 145 142 142 144 145 143 142 142 142 144 143 143 144 147 148 148 148 145 144 143 143 143 145 148 158 159 159 150 150 153 153 153 153 155 157 155 155 153 153 153 152 152 151 150 151 150 149 148 149 149 149 149 149 148 148 148 148 148 148 149 149 149 147 147 145 143 143 145 145 146 147 146 145 143 141
147 148 147 147 146 145 145 145 146 145 144 142 145 144 143 142 142 143 145 143 143 147 148 148 149 147 145 144 143 143 143 144 149 151 154 153 150 153 160 155 154 155 154 156 155 154 153 152 151 151 151 151 150 150 149 149 149 149 148 148 149 149 149 148 147 147 147 147 147 148 148 147 145 145 145 145 146 146 147 149 146 145 143 141
147 150 149 148 149 146 146 146 145 144 144 144 146 144 143 143 142 143 144 143 144 151 150 150 149 147 146 146 145 145 144 145 147 149 153 154 153 153 157 157 154 156 157 158 156 155 154 153 151 151 151 150 150 149 149 149 149 149 149 149 149 151 151 149 149 149 148 148 148 146 146 146 146 148 148 147 148 149 149 148 148 146 144 143
148 152 150 150 151 150 146 147 147 144 144 146 146 144 143 143 143 146 146 144 146 155 155 151 148 147 147 146 145 145 144 146 146 148 152 156 153 154 158 158 157 157 157 157 156 156 154 153 151 151 151 150 149 149 149 151 151 151 151 151 151 151 149 148 149 148 148 149 149 148 146 145 146 149 150 149 150 148 148 147 146 146 144 143
149 150 152 153 153 152 149 149 145 145 144 146 145 144 143 143 144 147 146 144 146 155 156 151 149 147 146 147 146 145 145 146 147 147 151 154 154 154 158 160 158 157 157 156 156 155 153 153 151 151 151 150 150 149 149 151 152 152 152 151 151 149 151 149 149 149 149 150 149 149 149 149 149 151 151 150 149 147 147 147 146 146 144 144
150 152 153 153 151 150 149 146 145 144 145 147 145 144 143 143 146 147 146 146 146 152 155 157 148 147 148 147 147 145 145 147 148 147 150 154 154 156 157 159 157 157 156 154 155 158 157 154 153 153 151 150 150 149 149 152 153 152 151 152 151 151 149 148 149 150 151 150 149 149 149 150 150 150 151 149 148 149 148 147 144 146 146 147
