invasiveSpecies/multiSpecies/data/worldclim_KE/worldclim_KE_2050_BC26_Bio11.asc
ncols         347
nrows         295
xllcorner     36.068012264173
yllcorner     0.13039239511974
cellsize      0.0083333333333333
NODATA_value  -9999
[rows 222 to 258 of 295, columns 168 to 251 of 347]
232 233 234 235 236 236 237 235 234 233 235 234 236 238 238 239 240 240 240 240 240 240 241 241 240 241 240 240 240 239 238 236 236 234 230 229 234 237 238 239 240 241 242 243 244 244 244 245 245 245 245 244 240 238 240 242 245 245 244 245 245 245 245 245 245 245 244 244 245 244 245 245 246 246 246 245 246 245 245 245 246 247 247 247
224 233 234 235 236 236 236 232 231 232 231 218 225 236 238 239 240 240 241 240 241 241 241 241 240 241 241 240 239 239 238 234 235 233 222 226 233 236 237 237 238 240 241 243 244 244 244 245 245 245 245 245 244 239 231 237 245 244 244 245 244 245 245 244 244 244 244 245 245 244 245 245 245 245 245 245 245 245 244 246 246 246 246 248
220 233 233 233 235 236 236 227 228 229 231 230 221 233 236 238 239 240 240 240 241 241 241 242 241 241 241 241 239 239 238 237 234 234 218 227 226 234 235 222 233 237 241 243 244 244 244 245 244 244 244 245 245 244 244 244 244 244 244 244 244 244 243 245 245 244 243 244 244 245 244 245 245 245 244 244 244 245 245 244 244 246 246 246
221 229 233 233 235 235 235 233 225 223 230 232 232 236 237 238 239 240 240 240 240 240 241 241 241 241 241 241 238 240 238 238 236 234 232 233 232 232 221 218 221 227 238 243 244 244 245 244 244 244 244 244 244 245 245 244 244 244 244 244 243 244 244 244 244 244 244 244 244 244 243 244 244 244 244 243 243 244 245 245 246 245 245 246
229 230 232 232 234 235 236 233 231 232 234 235 237 238 238 239 240 240 240 240 240 240 240 241 240 241 241 242 241 240 239 238 237 236 236 228 225 218 225 226 221 223 238 243 244 245 244 243 244 244 244 244 244 245 244 244 244 243 244 243 243 244 244 243 243 243 243 243 244 244 244 243 244 243 243 244 243 243 244 245 245 244 244 244
230 229 231 228 232 235 236 236 235 234 236 237 238 238 238 239 239 240 240 240 240 240 240 240 241 241 242 242 241 239 239 241 236 239 239 236 233 222 230 234 238 235 242 242 244 244 243 243 244 244 244 244 245 244 244 244 244 244 243 243 243 242 243 243 243 243 243 243 243 243 243 243 244 244 243 242 242 243 244 245 245 243 242 238
230 232 231 230 232 235 236 237 237 236 237 238 238 238 238 238 239 240 240 240 240 240 241 241 242 242 242 242 242 241 240 241 243 241 241 241 241 222 222 233 241 241 243 243 243 244 243 243 244 244 244 244 244 244 244 244 244 243 243 242 242 242 242 242 243 243 243 243 243 242 243 241 244 242 242 242 242 243 244 244 244 243 242 242
228 228 233 231 232 235 236 236 237 238 238 238 238 238 238 239 240 240 240 240 241 241 241 241 242 241 242 242 242 241 242 242 243 244 243 243 242 243 242 231 243 243 244 244 243 244 243 244 244 243 244 244 244 244 244 244 244 243 243 242 242 242 241 242 242 242 242 243 242 242 241 240 242 243 242 242 242 242 243 244 243 243 243 242
227 226 233 231 231 235 235 235 236 237 238 238 238 239 239 239 240 240 240 240 240 241 241 241 242 242 243 242 243 243 242 242 243 244 244 244 243 243 243 243 243 243 242 243 243 243 243 243 243 243 244 243 244 243 243 244 243 243 242 242 242 242 241 241 242 241 241 240 241 241 241 240 242 242 241 241 243 243 243 242 242 242 243 -9999
233 233 235 234 234 235 234 236 236 237 238 238 238 238 238 239 239 239 239 240 241 241 241 241 242 242 243 243 243 242 243 243 243 243 243 243 243 243 243 243 243 243 242 243 243 243 243 243 243 243 243 243 243 243 243 242 243 242 242 241 241 241 241 241 241 241 241 240 240 240 -9999 -9999 242 241 241 241 242 242 242 242 242 242 243 -9999
234 235 235 235 233 234 234 236 236 236 237 238 239 238 238 239 237 238 240 240 239 240 240 241 241 242 243 243 242 242 243 243 243 242 242 243 243 243 243 243 243 243 242 243 243 242 243 243 243 243 242 242 243 242 242 242 242 241 241 241 240 239 240 240 240 240 239 239 -9999 -9999 -9999 -9999 240 240 240 240 240 241 241 241 240 243 -9999 -9999
235 236 237 235 232 234 234 236 237 237 235 237 238 238 238 238 238 240 239 240 240 241 241 241 242 242 241 241 240 241 241 241 241 241 241 241 241 243 242 241 242 242 243 243 242 243 243 242 243 243 242 242 241 241 242 241 241 240 240 240 240 240 240 239 239 240 -9999 -9999 -9999 -9999 -9999 -9999 -9999 241 240 239 240 241 240 241 240 240 -9999 -9999
236 238 237 237 228 235 233 235 237 237 238 238 240 239 237 237 238 240 238 240 241 242 242 242 242 242 242 241 240 238 241 240 240 240 240 239 239 240 240 240 241 241 242 243 242 243 242 242 242 242 241 241 241 240 240 240 240 240 238 238 239 239 239 -9999 -9999 -9999 -9999 -9999 -9999 -9999 -9999 -9999 -9999 -9999 239 240 239 240 241 240 -9999 -9999 -9999 -9999
238 238 238 238 235 236 232 232 237 238 239 240 240 240 238 237 239 239 240 241 242 242 242 242 242 242 242 241 241 239 241 240 240 240 240 240 240 240 240 240 240 240 241 242 242 241 241 241 241 241 241 240 240 239 240 240 239 239 239 238 238 -9999 -9999 -9999 -9999 -9999 -9999 -9999 -9999 -9999 -9999 -9999 -9999 -9999 -9999 -9999 239 239 -9999 -9999 -9999 -9999 -9999 -9999
238 239 239 238 237 237 236 236 237 239 239 239 241 238 239 239 240 240 240 242 242 242 242 242 242 242 240 240 240 240 239 240 239 239 239 239 239 239 239 239 240 239 241 241 242 241 241 241 240 241 240 240 239 239 239 239 239 239 238 -9999 -9999 -9999 -9999 -9999 -9999 -9999 -9999 -9999 -9999 -9999 -9999 -9999 -9999 -9999 -9999 -9999 -9999 -9999 -9999 -9999 -9999 -9999 -9999 -9999
239 240 239 239 237 238 237 236 237 238 238 234 240 241 239 241 242 242 241 242 241 241 241 241 241 240 240 239 240 240 239 239 239 239 240 240 239 239 239 239 239 238 238 242 242 240 241 240 240 240 239 239 239 239 238 239 239 -9999 -9999 -9999 -9999 -9999 -9999 -9999 -9999 -9999 -9999 -9999 -9999 -9999 -9999 -9999 -9999 -9999 -9999 -9999 -9999 -9999 -9999 -9999 -9999 -9999 -9999 -9999
240 240 240 240 239 238 237 236 238 239 238 239 242 242 242 242 241 241 242 240 242 241 241 241 240 240 240 239 240 240 238 239 240 239 239 239 239 238 239 239 238 236 228 239 241 240 241 240 239 239 239 238 238 238 239 -9999 -9999 -9999 -9999 -9999 -9999 -9999 -9999 -9999 -9999 -9999 -9999 -9999 -9999 -9999 -9999 -9999 -9999 -9999 -9999 -9999 -9999 -9999 -9999 -9999 -9999 -9999 -9999 -9999
241 241 241 240 240 238 238 237 240 241 240 240 242 242 242 242 243 242 242 241 242 240 241 240 240 240 240 239 240 240 239 239 238 239 238 238 238 238 238 236 222 204 220 238 240 240 240 240 240 240 239 239 -9999 -9999 -9999 -9999 -9999 -9999 -9999 -9999 -9999 -9999 -9999 -9999 -9999 -9999 -9999 -9999 -9999 -9999 -9999 -9999 -9999 -9999 -9999 -9999 -9999 -9999 -9999 -9999 -9999 -9999 -9999 -9999
242 242 242 241 240 239 238 237 242 242 241 242 242 243 243 243 243 243 242 241 241 240 241 240 239 239 240 239 239 240 239 239 239 239 238 239 238 237 238 235 220 210 235 236 238 239 239 239 238 238 -9999 -9999 -9999 -9999 -9999 -9999 -9999 -9999 -9999 -9999 -9999 -9999 -9999 -9999 -9999 -9999 -9999 -9999 -9999 -9999 -9999 -9999 -9999 -9999 -9999 -9999 -9999 -9999 -9999 -9999 -9999 -9999 -9999 -9999
241 241 242 241 242 241 240 241 242 242 242 242 243 243 243 242 242 242 242 241 241 241 240 240 240 240 239 239 239 239 239 239 239 239 238 238 238 238 237 235 231 230 225 236 225 237 238 239 -9999 -9999 -9999 -9999 -9999 -9999 -9999 -9999 -9999 -9999 -9999 -9999 -9999 -9999 -9999 -9999 -9999 -9999 -9999 -9999 -9999 -9999 -9999 -9999 -9999 -9999 -9999 -9999 -9999 -9999 -9999 -9999 -9999 -9999 -9999 -9999
237 237 240 242 242 242 242 242 243 243 243 243 243 243 242 242 242 242 241 241 241 241 240 240 240 240 239 239 239 239 239 239 239 239 238 238 238 238 237 236 232 230 214 216 218 237 -9999 -9999 -9999 -9999 -9999 -9999 -9999 -9999 -9999 -9999 -9999 -9999 -9999 -9999 -9999 -9999 -9999 -9999 -9999 -9999 -9999 -9999 -9999 -9999 -9999 -9999 -9999 -9999 -9999 -9999 -9999 -9999 -9999 -9999 -9999 -9999 -9999 -9999
236 237 238 239 241 242 241 243 242 242 243 243 243 243 242 242 242 242 241 241 240 240 240 240 239 239 240 239 239 238 239 239 239 239 238 238 237 237 237 235 234 222 208 211 -9999 -9999 -9999 -9999 -9999 -9999 -9999 -9999 -9999 -9999 -9999 -9999 -9999 -9999 -9999 -9999 -9999 -9999 -9999 -9999 -9999 -9999 -9999 -9999 -9999 -9999 -9999 -9999 -9999 -9999 -9999 -9999 -9999 -9999 -9999 -9999 -9999 -9999 -9999 -9999
236 238 238 239 239 240 241 242 241 241 242 243 243 242 242 242 241 241 241 241 240 239 240 240 240 240 240 239 238 238 238 238 239 239 238 238 238 237 236 236 234 -9999 -9999 -9999 -9999 -9999 -9999 -9999 -9999 -9999 -9999 -9999 -9999 -9999 -9999 -9999 -9999 -9999 -9999 -9999 -9999 -9999 -9999 -9999 -9999 -9999 -9999 -9999 -9999 -9999 -9999 -9999 -9999 -9999 -9999 -9999 -9999 -9999 -9999 -9999 -9999 -9999 -9999 -9999
238 238 238 239 240 240 240 241 239 240 241 242 242 241 241 241 241 241 241 240 240 240 240 240 239 239 239 239 238 238 238 238 238 238 238 238 237 237 -9999 -9999 -9999 -9999 -9999 -9999 -9999 -9999 -9999 -9999 -9999 -9999 -9999 -9999 -9999 -9999 -9999 -9999 -9999 -9999 -9999 -9999 -9999 -9999 -9999 -9999 -9999 -9999 -9999 -9999 -9999 -9999 -9999 -9999 -9999 -9999 -9999 -9999 -9999 -9999 -9999 -9999 -9999 -9999 -9999 -9999
237 238 238 239 239 239 239 239 239 240 240 241 241 241 241 241 241 241 241 240 240 240 240 239 239 239 239 239 239 238 238 238 238 238 238 -9999 -9999 -9999 -9999 -9999 -9999 -9999 -9999 -9999 -9999 -9999 -9999 -9999 -9999 -9999 -9999 -9999 -9999 -9999 -9999 -9999 -9999 -9999 -9999 -9999 -9999 -9999 -9999 -9999 -9999 -9999 -9999 -9999 -9999 -9999 -9999 -9999 -9999 -9999 -9999 -9999 -9999 -9999 -9999 -9999 -9999 -9999 -9999 -9999
237 237 238 238 238 238 239 239 240 240 240 240 240 241 241 241 240 241 240 240 240 240 240 239 239 239 239 238 239 238 238 238 -9999 -9999 -9999 -9999 -9999 -9999 -9999 -9999 -9999 -9999 -9999 -9999 -9999 -9999 -9999 -9999 -9999 -9999 -9999 -9999 -9999 -9999 -9999 -9999 -9999 -9999 -9999 -9999 -9999 -9999 -9999 -9999 -9999 -9999 -9999 -9999 -9999 -9999 -9999 -9999 -9999 -9999 -9999 -9999 -9999 -9999 -9999 -9999 -9999 -9999 -9999 -9999
237 237 238 238 238 238 238 239 239 239 239 240 240 240 240 240 240 240 240 240 240 240 239 239 239 239 239 239 239 -9999 -9999 -9999 -9999 -9999 -9999 -9999 -9999 -9999 -9999 -9999 -9999 -9999 -9999 -9999 -9999 -9999 -9999 -9999 -9999 -9999 -9999 -9999 -9999 -9999 -9999 -9999 -9999 -9999 -9999 -9999 -9999 -9999 -9999 -9999 -9999 -9999 -9999 -9999 -9999 -9999 -9999 -9999 -9999 -9999 -9999 -9999 -9999 -9999 -9999 -9999 -9999 -9999 -9999 -9999
237 237 237 237 238 237 237 238 239 239 239 240 240 240 240 240 240 240 240 240 240 239 239 239 238 238 -9999 -9999 -9999 -9999 -9999 -9999 -9999 -9999 -9999 -9999 -9999 -9999 -9999 -9999 -9999 -9999 -9999 -9999 -9999 -9999 -9999 -9999 -9999 -9999 -9999 -9999 -9999 -9999 -9999 -9999 -9999 -9999 -9999 -9999 -9999 -9999 -9999 -9999 -9999 -9999 -9999 -9999 -9999 -9999 -9999 -9999 -9999 -9999 -9999 -9999 -9999 -9999 -9999 -9999 -9999 -9999 -9999 -9999
236 236 234 236 236 236 236 237 239 239 240 240 240 240 240 240 240 240 240 240 240 239 239 -9999 -9999 -9999 -9999 -9999 -9999 -9999 -9999 -9999 -9999 -9999 -9999 -9999 -9999 -9999 -9999 -9999 -9999 -9999 -9999 -9999 -9999 -9999 -9999 -9999 -9999 -9999 -9999 -9999 -9999 -9999 -9999 -9999 -9999 -9999 -9999 -9999 -9999 -9999 -9999 -9999 -9999 -9999 -9999 -9999 -9999 -9999 -9999 -9999 -9999 -9999 -9999 -9999 -9999 -9999 -9999 -9999 -9999 -9999 -9999 -9999
236 235 233 234 235 235 235 236 238 239 240 240 240 240 240 240 240 240 239 239 239 -9999 -9999 -9999 -9999 -9999 -9999 -9999 -9999 -9999 -9999 -9999 -9999 -9999 -9999 -9999 -9999 -9999 -9999 -9999 -9999 -9999 -9999 -9999 -9999 -9999 -9999 -9999 -9999 -9999 -9999 -9999 -9999 -9999 -9999 -9999 -9999 -9999 -9999 -9999 -9999 -9999 -9999 -9999 -9999 -9999 -9999 -9999 -9999 -9999 -9999 -9999 -9999 -9999 -9999 -9999 -9999 -9999 -9999 -9999 -9999 -9999 -9999 -9999
234 231 232 232 233 234 233 236 237 238 239 239 239 239 239 240 239 239 -9999 -9999 -9999 -9999 -9999 -9999 -9999 -9999 -9999 -9999 -9999 -9999 -9999 -9999 -9999 -9999 -9999 -9999 -9999 -9999 -9999 -9999 -9999 -9999 -9999 -9999 -9999 -9999 -9999 -9999 -9999 -9999 -9999 -9999 -9999 -9999 -9999 -9999 -9999 -9999 -9999 -9999 -9999 -9999 -9999 -9999 -9999 -9999 -9999 -9999 -9999 -9999 -9999 -9999 -9999 -9999 -9999 -9999 -9999 -9999 -9999 -9999 -9999 -9999 -9999 -9999
234 225 221 219 231 233 227 234 237 237 238 239 239 239 239 -9999 -9999 -9999 -9999 -9999 -9999 -9999 -9999 -9999 -9999 -9999 -9999 -9999 -9999 -9999 -9999 -9999 -9999 -9999 -9999 -9999 -9999 -9999 -9999 -9999 -9999 -9999 -9999 -9999 -9999 -9999 -9999 -9999 -9999 -9999 -9999 -9999 -9999 -9999 -9999 -9999 -9999 -9999 -9999 -9999 -9999 -9999 -9999 -9999 -9999 -9999 -9999 -9999 -9999 -9999 -9999 -9999 -9999 -9999 -9999 -9999 -9999 -9999 -9999 -9999 -9999 -9999 -9999 -9999
231 229 206 211 222 227 225 234 235 237 238 239 239 239 -9999 -9999 -9999 -9999 -9999 -9999 -9999 -9999 -9999 -9999 -9999 -9999 -9999 -9999 -9999 -9999 -9999 -9999 -9999 -9999 -9999 -9999 -9999 -9999 -9999 -9999 -9999 -9999 -9999 -9999 -9999 -9999 -9999 -9999 -9999 -9999 -9999 -9999 -9999 -9999 -9999 -9999 -9999 -9999 -9999 -9999 -9999 -9999 -9999 -9999 -9999 -9999 -9999 -9999 -9999 -9999 -9999 -9999 -9999 -9999 -9999 -9999 -9999 -9999 -9999 -9999 -9999 -9999 -9999 -9999
231 229 215 214 221 230 231 233 235 237 238 239 239 239 -9999 -9999 -9999 -9999 -9999 -9999 -9999 -9999 -9999 -9999 -9999 -9999 -9999 -9999 -9999 -9999 -9999 -9999 -9999 -9999 -9999 -9999 -9999 -9999 -9999 -9999 -9999 -9999 -9999 -9999 -9999 -9999 -9999 -9999 -9999 -9999 -9999 -9999 -9999 -9999 -9999 -9999 -9999 -9999 -9999 -9999 -9999 -9999 -9999 -9999 -9999 -9999 -9999 -9999 -9999 -9999 -9999 -9999 -9999 -9999 -9999 -9999 -9999 -9999 -9999 -9999 -9999 -9999 -9999 -9999
230 230 223 207 217 211 211 217 230 237 238 239 239 239 -9999 -9999 -9999 -9999 -9999 -9999 -9999 -9999 -9999 -9999 -9999 -9999 -9999 -9999 -9999 -9999 -9999 -9999 -9999 -9999 -9999 -9999 -9999 -9999 -9999 -9999 -9999 -9999 -9999 -9999 -9999 -9999 -9999 -9999 -9999 -9999 -9999 -9999 -9999 -9999 -9999 -9999 -9999 -9999 -9999 -9999 -9999 -9999 -9999 -9999 -9999 -9999 -9999 -9999 -9999 -9999 -9999 -9999 -9999 -9999 -9999 -9999 -9999 -9999 -9999 -9999 -9999 -9999 -9999 -9999
214 229 227 209 213 203 205 205 212 236 239 238 238 239 -9999 -9999 -9999 -9999 -9999 -9999 -9999 -9999 -9999 -9999 -9999 -9999 -9999 -9999 -9999 -9999 -9999 -9999 -9999 -9999 -9999 -9999 -9999 -9999 -9999 -9999 -9999 -9999 -9999 -9999 -9999 -9999 -9999 -9999 -9999 -9999 -9999 -9999 -9999 -9999 -9999 -9999 -9999 -9999 -9999 -9999 -9999 -9999 -9999 -9999 -9999 -9999 -9999 -9999 -9999 -9999 -9999 -9999 -9999 -9999 -9999 -9999 -9999 -9999 -9999 -9999 -9999 -9999 -9999 -9999
228 226 226 215 208 211 227 231 229 235 237 238 238 238 -9999 -9999 -9999 -9999 -9999 -9999 -9999 -9999 -9999 -9999 -9999 -9999 -9999 -9999 -9999 -9999 -9999 -9999 -9999 -9999 -9999 -9999 -9999 -9999 -9999 -9999 -9999 -9999 -9999 -9999 -9999 -9999 -9999 -9999 -9999 -9999 -9999 -9999 -9999 -9999 -9999 -9999 -9999 -9999 -9999 -9999 -9999 -9999 -9999 -9999 -9999 -9999 -9999 -9999 -9999 -9999 -9999 -9999 -9999 -9999 -9999 -9999 -9999 -9999 -9999 -9999 -9999 -9999 -9999 -9999
