invasiveSpecies/multiSpecies/data/worldclim_KE/worldclim_KE_2050_BC26_Bio9.asc
ncols         347
nrows         295
xllcorner     36.068012264173
yllcorner     0.13039239511974
cellsize      0.0083333333333333
NODATA_value  -9999
[rows 74 to 110 of 295, columns 168 to 251 of 347]
-9999 -9999 -9999 -9999 -9999 -9999 -9999 -9999 -9999 -9999 -9999 -9999 -9999 -9999 -9999 -9999 -9999 -9999 -9999 -9999 -9999 -9999 -9999 -9999 -9999 -9999 -9999 -9999 -9999 -9999 257 257 257 256 257 257 257 258 258 258 259 258 258 258 259 260 260 262 262 262 262 262 262 262 262 262 262 262 262 262 262 263 263 263 263 263 263 263 263 263 263 263 264 264 264 264 264 264 264 265 264 265 265 265
-9999 -9999 -9999 -9999 -9999 -9999 -9999 -9999 -9999 -9999 -9999 -9999 -9999 -9999 -9999 -9999 -9999 -9999 -9999 -9999 -9999 -9999 -9999 -9999 -9999 -9999 -9999 -9999 -9999 257 257 257 257 258 257 257 258 258 258 259 259 259 258 259 260 260 261 261 262 262 262 262 262 262 262 262 262 262 262 262 263 263 263 263 263 263 263 263 263 263 263 263 263 264 264 264 264 264 264 264 265 265 265 265
-9999 -9999 -9999 -9999 -9999 -9999 -9999 -9999 -9999 -9999 -9999 -9999 -9999 -9999 -9999 -9999 -9999 -9999 -9999 -9999 -9999 -9999 -9999 -9999 -9999 -9999 -9999 -9999 -9999 257 257 257 258 258 258 258 258 258 259 259 260 259 259 260 260 261 261 261 261 262 262 262 262 262 262 262 262 262 262 262 263 263 263 263 263 263 263 263 263 263 263 263 264 264 264 264 264 264 264 264 264 265 265 265
-9999 -9999 -9999 -9999 -9999 -9999 -9999 -9999 -9999 -9999 -9999 -9999 -9999 -9999 -9999 -9999 -9999 -9999 -9999 -9999 -9999 -9999 -9999 -9999 -9999 -9999 -9999 -9999 -9999 255 256 257 258 258 258 259 258 259 259 260 260 260 261 261 261 261 261 261 261 261 262 262 262 262 262 262 262 262 262 262 263 263 263 263 263 263 263 263 263 263 263 264 263 264 264 264 264 264 264 265 264 265 265 265
-9999 -9999 -9999 -9999 -9999 -9999 -9999 -9999 -9999 -9999 -9999 -9999 -9999 -9999 -9999 -9999 -9999 -9999 -9999 -9999 -9999 -9999 -9999 -9999 -9999 -9999 -9999 -9999 254 255 256 257 258 259 259 259 259 259 260 260 260 261 261 261 261 261 261 261 261 261 262 262 262 262 262 262 262 262 262 262 263 263 263 263 263 263 263 263 263 263 263 264 264 264 264 264 264 264 264 264 264 264 265 265
-9999 -9999 -9999 -9999 -9999 -9999 -9999 -9999 -9999 -9999 -9999 -9999 -9999 -9999 -9999 -9999 -9999 -9999 -9999 -9999 -9999 -9999 -9999 -9999 -9999 -9999 -9999 -9999 254 254 256 258 259 259 260 260 260 260 260 260 260 261 261 261 261 261 261 261 261 261 262 262 262 262 262 262 262 262 262 263 263 263 263 263 263 263 263 263 263 263 263 264 264 264 264 264 264 264 264 264 264 265 265 265
-9999 -9999 -9999 -9999 -9999 -9999 -9999 -9999 -9999 -9999 -9999 -9999 -9999 -9999 -9999 -9999 -9999 -9999 -9999 -9999 -9999 -9999 -9999 -9999 -9999 -9999 -9999 255 255 256 258 259 259 259 260 260 260 260 260 260 261 261 261 261 261 261 261 261 261 261 262 262 262 262 262 262 262 262 262 262 263 263 263 263 263 263 263 263 263 263 264 264 264 264 264 264 264 264 264 265 265 265 265 265
-9999 -9999 -9999 -9999 -9999 -9999 -9999 -9999 -9999 -9999 -9999 -9999 -9999 -9999 -9999 -9999 -9999 -9999 -9999 -9999 -9999 -9999 -9999 -9999 -9999 -9999 -9999 256 256 256 259 259 259 259 260 260 260 260 260 260 260 261 261 261 261 261 261 261 261 261 261 262 262 262 262 262 262 262 262 262 262 263 263 263 263 263 263 263 263 263 264 264 264 264 264 264 264 264 264 264 265 265 265 265
-9999 -9999 -9999 -9999 -9999 -9999 -9999 -9999 -9999 -9999 -9999 -9999 -9999 -9999 -9999 -9999 -9999 -9999 -9999 -9999 -9999 -9999 -9999 -9999 -9999 -9999 -9999 259 259 259 259 259 259 259 259 260 260 260 260 260 260 261 261 261 261 261 261 261 261 261 261 261 262 262 262 262 262 262 262 262 262 263 263 263 263 263 263 263 263 263 264 264 264 264 264 264 264 264 264 264 264 265 265 265
-9999 -9999 -9999 -9999 -9999 -9999 -9999 -9999 -9999 -9999 -9999 -9999 -9999 -9999 -9999 -9999 -9999 -9999 -9999 -9999 -9999 -9999 -9999 -9999 -9999 -9999 259 259 259 259 259 259 259 259 259 259 260 260 260 260 260 260 260 261 261 261 261 261 261 261 261 261 262 262 262 262 262 262 262 262 262 262 262 263 263 263 263 263 263 263 263 264 264 264 264 264 264 264 264 264 264 265 265 265
-9999 -9999 -9999 -9999 -9999 -9999 -9999 -9999 -9999 -9999 -9999 -9999 -9999 -9999 -9999 -9999 -9999 -9999 -9999 -9999 -9999 -9999 -9999 -9999 -9999 -9999 259 259 259 259 259 259 259 259 259 259 259 260 260 260 260 260 260 261 261 261 261 261 261 261 261 261 261 261 261 262 262 262 262 262 262 262 262 263 263 263 263 263 263 263 263 263 264 264 264 264 264 264 264 264 264 264 265 265
-9999 -9999 -9999 -9999 -9999 -9999 -9999 -9999 -9999 -9999 -9999 -9999 -9999 -9999 -9999 -9999 -9999 -9999 -9999 -9999 -9999 -9999 -9999 -9999 -9999 -9999 258 259 259 259 259 259 259 259 259 259 259 260 260 260 260 260 260 260 261 261 261 261 261 261 261 261 261 261 261 262 262 262 262 262 262 262 262 263 263 263 263 263 263 263 263 263 264 264 264 264 264 264 264 264 264 264 264 265
-9999 -9999 -9999 -9999 -9999 -9999 -9999 -9999 -9999 -9999 -9999 -9999 -9999 -9999 -9999 -9999 -9999 -9999 -9999 -9999 -9999 -9999 -9999 -9999 -9999 258 258 258 258 258 259 259 259 259 259 259 259 260 260 260 260 260 260 260 260 261 261 261 261 261 261 261 261 261 262 262 262 262 262 262 262 262 262 262 263 263 263 263 263 263 263 263 263 264 264 264 264 264 264 264 264 265 265 265
-9999 -9999 -9999 -9999 -9999 -9999 -9999 -9999 -9999 -9999 -9999 -9999 -9999 -9999 -9999 -9999 -9999 -9999 -9999 -9999 -9999 -9999 -9999 -9999 259 258 259 259 258 258 259 259 259 259 259 259 259 259 260 260 260 260 260 260 260 260 260 261 261 261 261 261 261 261 261 262 262 262 262 262 262 262 262 262 262 263 263 263 263 263 263 263 263 264 264 264 264 264 264 264 264 264 265 265
-9999 -9999 -9999 -9999 -9999 -9999 -9999 -9999 -9999 -9999 -9999 -9999 -9999 -9999 -9999 -9999 -9999 -9999 -9999 -9999 -9999 -9999 -9999 258 258 258 258 259 259 258 258 259 259 259 259 259 259 259 259 260 260 260 260 260 260 260 260 260 260 261 261 261 261 261 261 261 262 262 262 262 262 262 262 262 263 263 263 263 263 263 263 264 264 264 264 264 264 264 264 264 264 264 264 265
-9999 -9999 -9999 -9999 -9999 -9999 -9999 -9999 -9999 -9999 -9999 -9999 -9999 -9999 -9999 -9999 -9999 -9999 -9999 -9999 258 258 258 258 258 258 258 258 259 259 258 259 259 259 259 259 259 259 259 260 260 260 260 260 260 260 260 260 260 260 261 261 261 261 261 261 261 262 262 262 262 262 262 262 263 263 263 263 263 263 263 263 264 264 264 264 264 264 264 264 264 264 264 265
-9999 -9999 -9999 -9999 -9999 -9999 -9999 -9999 -9999 -9999 -9999 -9999 -9999 -9999 -9999 -9999 258 258 258 254 254 258 258 258 258 258 258 258 258 259 259 258 259 259 259 259 260 259 259 260 260 260 260 260 260 260 260 260 260 260 260 261 261 261 261 261 262 262 262 262 262 262 262 262 263 263 263 263 263 263 263 263 263 264 264 264 264 264 264 264 264 264 264 264
-9999 -9999 -9999 -9999 -9999 -9999 -9999 -9999 -9999 -9999 -9999 -9999 -9999 -9999 -9999 -9999 257 257 255 246 246 257 258 257 258 258 258 258 258 258 258 258 259 259 259 259 259 259 259 259 259 260 260 260 260 260 260 260 257 257 260 261 261 261 261 261 261 261 262 262 262 262 262 262 262 263 263 263 263 263 263 263 263 263 264 264 264 264 264 264 264 264 264 265
-9999 -9999 -9999 -9999 -9999 -9999 -9999 -9999 -9999 -9999 -9999 -9999 -9999 -9999 -9999 -9999 257 257 257 252 241 256 257 257 257 257 258 258 258 258 258 258 258 259 259 259 259 259 259 259 259 259 260 260 260 260 259 259 256 259 261 261 261 261 261 261 261 261 262 262 262 262 262 262 262 262 263 263 263 263 263 263 263 263 264 264 264 264 264 264 264 264 264 265
-9999 -9999 -9999 -9999 -9999 -9999 -9999 -9999 -9999 -9999 -9999 -9999 -9999 -9999 -9999 -9999 257 257 257 255 237 252 257 257 257 257 258 258 258 258 258 258 258 259 259 259 259 259 259 259 259 259 259 259 260 259 259 259 259 260 261 261 261 261 261 261 261 261 262 262 262 262 262 262 262 263 263 263 263 263 263 263 263 264 264 264 264 264 264 264 264 264 265 265
-9999 -9999 -9999 -9999 -9999 -9999 -9999 -9999 -9999 -9999 -9999 -9999 -9999 -9999 -9999 -9999 257 257 257 257 257 257 257 257 257 257 258 258 258 258 258 258 258 259 259 259 259 259 259 259 259 259 259 259 260 259 259 258 259 260 261 261 261 261 261 261 261 261 262 262 262 262 262 262 262 263 263 263 263 263 263 263 263 263 264 264 264 264 264 264 264 264 264 265
-9999 -9999 -9999 -9999 -9999 -9999 -9999 -9999 -9999 -9999 -9999 -9999 -9999 -9999 -9999 -9999 257 257 257 257 257 257 257 257 257 257 258 258 258 258 258 258 258 258 258 258 259 259 259 259 259 259 259 259 259 259 258 258 259 260 261 261 261 261 261 261 261 261 261 262 262 262 262 262 262 262 263 263 263 263 263 263 263 263 263 264 264 264 264 264 264 264 265 265
-9999 -9999 -9999 -9999 -9999 -9999 -9999 -9999 -9999 -9999 -9999 -9999 -9999 -9999 -9999 -9999 256 256 256 257 257 257 257 257 257 257 257 258 258 258 258 258 258 258 258 258 259 259 259 259 259 259 259 259 259 258 258 258 259 259 260 260 260 261 261 261 261 261 261 262 262 262 262 262 262 262 263 263 263 263 263 263 263 263 264 264 264 264 264 264 264 264 264 265
-9999 -9999 -9999 -9999 -9999 -9999 -9999 -9999 -9999 -9999 -9999 -9999 -9999 -9999 -9999 -9999 256 256 256 256 256 257 257 257 257 257 257 258 258 258 258 258 258 258 258 258 258 259 259 259 259 259 259 259 258 258 258 258 259 259 260 260 260 260 260 261 260 260 260 261 261 261 262 262 262 262 263 263 263 263 263 263 263 263 264 264 264 264 264 264 264 264 264 265
-9999 -9999 -9999 -9999 -9999 -9999 -9999 -9999 -9999 -9999 -9999 -9999 -9999 -9999 -9999 -9999 256 256 256 256 256 257 257 257 257 257 257 257 258 258 258 258 258 258 258 258 258 259 259 259 259 259 258 258 258 258 258 259 259 259 259 260 260 260 260 260 260 260 260 260 260 260 261 262 262 262 262 262 263 263 263 263 263 263 264 264 264 264 264 264 264 265 265 265
-9999 -9999 -9999 -9999 -9999 -9999 -9999 -9999 -9999 -9999 -9999 -9999 -9999 -9999 -9999 -9999 256 256 256 256 256 257 257 257 257 257 257 257 258 258 258 258 258 258 258 258 259 258 259 259 259 259 258 258 258 258 258 259 258 259 259 259 260 260 260 260 259 259 259 259 259 259 260 261 261 261 262 262 263 263 262 263 263 263 264 264 264 264 264 264 264 265 265 265
-9999 -9999 -9999 -9999 -9999 -9999 -9999 -9999 -9999 -9999 -9999 -9999 -9999 -9999 -9999 -9999 -9999 256 256 256 256 256 257 257 257 257 257 257 257 258 258 258 258 258 258 258 258 258 259 259 259 257 257 257 258 258 258 258 258 258 259 259 259 259 259 259 259 258 258 258 258 258 259 260 260 261 262 261 262 262 262 262 263 264 264 264 264 264 264 264 264 265 265 265
-9999 -9999 -9999 -9999 -9999 -9999 -9999 -9999 -9999 -9999 -9999 -9999 -9999 -9999 -9999 -9999 256 256 256 256 256 256 256 257 257 257 257 257 257 257 258 258 258 258 258 258 258 258 259 259 259 256 256 256 258 258 258 257 257 257 258 258 258 259 258 258 258 258 257 257 257 258 258 259 259 260 260 261 261 262 262 263 264 264 264 264 264 264 264 264 264 265 265 265
-9999 -9999 -9999 -9999 -9999 -9999 -9999 -9999 -9999 -9999 -9999 -9999 -9999 -9999 255 255 256 256 256 256 256 256 257 257 257 257 257 257 257 257 257 258 258 258 258 258 258 258 258 259 259 255 255 256 257 257 257 257 257 257 257 258 258 258 258 258 258 258 257 257 257 257 258 258 259 259 260 261 261 262 262 262 263 263 264 264 264 264 264 264 265 265 265 265
-9999 -9999 -9999 -9999 -9999 -9999 -9999 -9999 -9999 -9999 -9999 -9999 255 255 253 253 256 256 256 256 256 256 257 257 257 257 257 257 257 257 257 258 257 258 258 258 258 258 258 259 258 256 254 255 255 256 256 256 256 256 257 258 258 258 258 258 258 257 257 256 255 257 257 258 259 259 260 260 260 262 262 262 263 263 263 264 263 263 264 264 265 265 265 265
-9999 -9999 -9999 -9999 -9999 -9999 -9999 -9999 -9999 -9999 -9999 -9999 252 252 256 256 256 256 256 256 256 256 257 256 257 257 257 257 257 248 255 249 256 257 258 258 258 258 259 258 258 256 255 254 254 255 255 256 256 256 256 257 258 258 258 258 257 256 256 255 254 256 257 257 258 259 260 260 261 261 262 262 262 262 262 263 263 262 262 264 265 265 265 265
-9999 -9999 -9999 -9999 -9999 -9999 -9999 -9999 -9999 -9999 -9999 251 251 256 256 256 256 256 256 256 256 256 257 256 257 257 257 257 255 234 230 242 254 256 258 258 258 258 258 258 258 255 255 253 253 254 254 255 256 256 256 257 257 257 257 257 256 256 255 254 254 256 256 257 259 259 259 260 261 261 262 262 262 262 260 262 263 261 262 264 264 265 265 265
-9999 -9999 -9999 -9999 -9999 -9999 -9999 -9999 -9999 -9999 249 250 255 256 256 256 256 256 256 256 256 256 255 254 256 256 256 256 254 238 228 240 249 256 258 258 258 258 258 258 255 255 255 254 252 253 254 254 253 255 255 256 256 257 256 256 256 255 254 255 255 255 256 257 258 259 259 260 261 261 262 262 262 261 258 259 262 261 263 264 264 265 265 265
-9999 -9999 -9999 -9999 -9999 -9999 -9999 -9999 -9999 -9999 249 251 255 255 255 255 256 255 256 256 256 255 255 254 256 256 256 256 253 244 244 242 256 257 257 258 258 258 258 257 255 254 254 254 252 253 253 254 254 255 255 255 256 256 256 256 255 255 255 255 255 255 256 257 257 258 259 260 261 261 262 262 261 260 259 260 261 262 263 264 264 264 264 265
-9999 -9999 -9999 -9999 -9999 -9999 -9999 -9999 -9999 248 249 254 255 255 255 255 255 255 255 256 255 255 255 253 256 256 256 255 254 252 252 253 256 257 257 257 258 258 258 258 257 254 254 253 254 253 253 254 254 254 254 254 255 255 256 255 255 254 254 255 255 255 256 257 258 258 259 260 261 261 262 262 261 260 259 261 262 263 263 263 264 264 264 264
-9999 -9999 -9999 -9999 -9999 -9999 -9999 -9999 -9999 251 253 254 255 255 255 255 255 255 255 255 255 255 252 252 251 255 255 255 253 252 250 255 256 257 257 257 257 257 258 258 258 254 254 254 254 253 254 254 254 254 253 254 255 255 255 255 255 254 254 255 255 253 257 258 258 259 259 260 261 261 262 261 261 260 261 261 262 263 263 263 263 264 264 264
-9999 -9999 -9999 -9999 -9999 -9999 -9999 -9999 246 247 247 253 254 254 254 254 254 255 255 254 254 254 254 251 251 255 255 253 252 237 254 256 256 257 257 257 257 257 257 257 257 257 254 255 255 255 254 254 254 254 253 254 255 255 255 255 255 255 255 255 255 255 256 258 258 259 259 261 261 261 261 262 261 261 261 261 261 262 262 263 263 263 264 264
