invasiveSpecies/multiSpecies/data/worldclim_KE/worldclim_KE_2050_BC85_Bio1.asc
ncols         347
nrows         295
xllcorner     36.068012264173
yllcorner     0.13039239511974
cellsize      0.0083333333333333
NODATA_value  -9999
[rows 74 to 110 of 295, columns 168 to 251 of 347]
-9999 -9999 -9999 -9999 -9999 -9999 -9999 -9999 -9999 -9999 -9999 -9999 -9999 -9999 -9999 -9999 -9999 -9999 -9999 -9999 -9999 -9999 -9999 -9999 -9999 -9999 -9999 -9999 -9999 -9999 274 274 274 274 274 274 275 275 275 276 276 276 275 276 277 277 277 279 279 279 279 279 279 279 279 279 279 279 279 279 280 280 280 280 280 281 281 281 281 281 281 281 281 281 281 282 282 282 282 282 282 282 283 283
-9999 -9999 -9999 -9999 -9999 -9999 -9999 -9999 -9999 -9999 -9999 -9999 -9999 -9999 -9999 -9999 -9999 -9999 -9999 -9999 -9999 -9999 -9999 -9999 -9999 -9999 -9999 -9999 -9999 274 274 274 275 275 275 275 275 275 276 276 276 276 276 277 277 277 278 279 279 279 279 279 279 279 279 279 279 279 279 280 280 280 280 280 280 280 281 281 280 281 281 281 281 281 281 282 282 282 281 282 282 282 282 283
-9999 -9999 -9999 -9999 -9999 -9999 -9999 -9999 -9999 -9999 -9999 -9999 -9999 -9999 -9999 -9999 -9999 -9999 -9999 -9999 -9999 -9999 -9999 -9999 -9999 -9999 -9999 -9999 -9999 274 274 275 275 275 275 275 275 276 276 277 277 277 277 277 277 278 278 279 279 279 279 279 279 279 279 279 279 279 279 280 280 280 280 280 280 280 280 281 281 281 281 281 281 281 281 282 282 282 282 281 282 282 282 282
-9999 -9999 -9999 -9999 -9999 -9999 -9999 -9999 -9999 -9999 -9999 -9999 -9999 -9999 -9999 -9999 -9999 -9999 -9999 -9999 -9999 -9999 -9999 -9999 -9999 -9999 -9999 -9999 -9999 272 273 275 275 276 276 276 276 276 277 277 277 277 278 278 278 278 278 278 279 279 279 279 279 279 279 279 279 279 279 280 280 280 280 280 280 280 280 280 281 281 281 281 281 281 281 281 282 282 282 282 282 282 283 283
-9999 -9999 -9999 -9999 -9999 -9999 -9999 -9999 -9999 -9999 -9999 -9999 -9999 -9999 -9999 -9999 -9999 -9999 -9999 -9999 -9999 -9999 -9999 -9999 -9999 -9999 -9999 -9999 271 272 273 275 276 276 276 276 277 277 277 277 278 278 278 278 278 278 278 278 278 279 279 279 279 279 279 279 279 279 279 279 280 280 280 280 280 280 280 280 281 281 281 281 281 281 281 282 282 282 282 282 282 282 282 283
-9999 -9999 -9999 -9999 -9999 -9999 -9999 -9999 -9999 -9999 -9999 -9999 -9999 -9999 -9999 -9999 -9999 -9999 -9999 -9999 -9999 -9999 -9999 -9999 -9999 -9999 -9999 -9999 271 272 274 275 276 276 277 277 277 277 277 278 278 278 278 278 278 278 278 279 278 279 279 279 279 279 279 279 279 279 279 279 280 280 280 280 280 280 280 280 280 281 281 281 281 281 281 282 282 282 282 282 282 282 282 283
-9999 -9999 -9999 -9999 -9999 -9999 -9999 -9999 -9999 -9999 -9999 -9999 -9999 -9999 -9999 -9999 -9999 -9999 -9999 -9999 -9999 -9999 -9999 -9999 -9999 -9999 -9999 272 272 273 276 276 276 277 277 277 277 277 277 278 278 278 278 278 278 278 278 278 279 279 279 279 279 279 279 279 279 279 279 279 280 280 280 280 280 280 280 280 280 281 281 281 281 281 281 281 282 282 282 282 282 282 282 282
-9999 -9999 -9999 -9999 -9999 -9999 -9999 -9999 -9999 -9999 -9999 -9999 -9999 -9999 -9999 -9999 -9999 -9999 -9999 -9999 -9999 -9999 -9999 -9999 -9999 -9999 -9999 273 273 273 276 276 277 277 277 277 277 277 277 278 278 278 278 278 278 278 278 278 278 279 278 279 279 279 279 279 279 279 279 279 279 280 280 280 280 280 280 280 280 281 281 281 281 281 281 281 281 282 282 282 282 282 282 282
-9999 -9999 -9999 -9999 -9999 -9999 -9999 -9999 -9999 -9999 -9999 -9999 -9999 -9999 -9999 -9999 -9999 -9999 -9999 -9999 -9999 -9999 -9999 -9999 -9999 -9999 -9999 276 276 276 277 277 277 277 277 277 277 277 277 278 278 278 278 278 278 278 278 278 278 279 278 279 279 279 279 279 279 279 279 279 279 280 280 280 280 280 280 280 280 281 281 281 281 281 281 281 281 281 282 282 282 282 282 282
-9999 -9999 -9999 -9999 -9999 -9999 -9999 -9999 -9999 -9999 -9999 -9999 -9999 -9999 -9999 -9999 -9999 -9999 -9999 -9999 -9999 -9999 -9999 -9999 -9999 -9999 276 276 276 276 276 277 277 277 277 277 277 277 277 277 278 278 278 278 278 278 278 278 278 278 279 279 279 279 279 279 279 279 279 279 279 279 279 280 280 280 280 280 280 280 281 281 281 281 281 281 281 281 282 282 282 282 282 282
-9999 -9999 -9999 -9999 -9999 -9999 -9999 -9999 -9999 -9999 -9999 -9999 -9999 -9999 -9999 -9999 -9999 -9999 -9999 -9999 -9999 -9999 -9999 -9999 -9999 -9999 276 276 276 276 276 276 276 277 277 277 277 277 277 277 278 278 278 278 278 278 278 278 278 278 278 279 279 279 278 279 279 279 279 279 279 279 279 280 280 280 280 280 280 280 281 281 281 281 281 281 281 281 281 282 282 282 282 282
-9999 -9999 -9999 -9999 -9999 -9999 -9999 -9999 -9999 -9999 -9999 -9999 -9999 -9999 -9999 -9999 -9999 -9999 -9999 -9999 -9999 -9999 -9999 -9999 -9999 -9999 276 276 276 276 276 276 276 276 276 277 277 277 277 277 277 278 278 278 278 278 278 278 278 278 278 278 278 279 278 279 279 279 279 279 279 279 279 280 280 280 280 280 280 280 280 281 281 281 281 281 281 281 281 282 282 282 282 282
-9999 -9999 -9999 -9999 -9999 -9999 -9999 -9999 -9999 -9999 -9999 -9999 -9999 -9999 -9999 -9999 -9999 -9999 -9999 -9999 -9999 -9999 -9999 -9999 -9999 276 276 276 276 276 276 276 276 276 276 276 277 277 277 277 277 277 278 278 278 278 278 278 278 278 278 278 279 279 279 279 279 279 279 279 279 279 279 280 280 280 280 280 280 280 280 280 281 281 281 281 281 281 281 281 282 282 282 282
-9999 -9999 -9999 -9999 -9999 -9999 -9999 -9999 -9999 -9999 -9999 -9999 -9999 -9999 -9999 -9999 -9999 -9999 -9999 -9999 -9999 -9999 -9999 -9999 276 276 276 276 276 276 276 276 276 276 276 277 277 277 277 277 277 277 277 278 278 278 278 278 278 278 278 278 278 279 278 279 279 279 279 279 279 279 280 280 280 280 280 280 280 280 280 281 281 281 281 281 281 281 281 282 282 282 282 282
-9999 -9999 -9999 -9999 -9999 -9999 -9999 -9999 -9999 -9999 -9999 -9999 -9999 -9999 -9999 -9999 -9999 -9999 -9999 -9999 -9999 -9999 -9999 276 275 275 276 276 276 276 276 276 276 276 276 276 277 277 277 277 277 277 277 277 277 278 278 278 278 278 278 278 278 278 279 279 279 279 279 279 279 279 280 280 280 280 280 280 280 281 280 281 281 281 281 281 281 281 281 281 282 282 282 282
-9999 -9999 -9999 -9999 -9999 -9999 -9999 -9999 -9999 -9999 -9999 -9999 -9999 -9999 -9999 -9999 -9999 -9999 -9999 -9999 275 275 275 275 275 275 275 275 276 276 276 276 276 276 276 276 276 277 277 277 277 277 277 277 277 277 278 277 278 278 278 278 278 278 279 279 279 279 279 279 279 279 280 280 280 280 280 280 280 280 281 281 281 281 281 281 281 281 281 281 282 282 282 282
-9999 -9999 -9999 -9999 -9999 -9999 -9999 -9999 -9999 -9999 -9999 -9999 -9999 -9999 -9999 -9999 275 275 275 271 271 275 275 275 275 275 275 275 275 276 276 276 276 276 276 276 276 276 277 277 277 277 277 277 277 277 277 277 278 278 278 278 278 278 278 279 279 279 279 279 279 279 280 280 280 280 280 280 280 280 281 281 281 281 281 281 281 281 281 281 281 282 282 282
-9999 -9999 -9999 -9999 -9999 -9999 -9999 -9999 -9999 -9999 -9999 -9999 -9999 -9999 -9999 -9999 275 275 273 263 264 274 275 275 275 275 275 275 276 276 276 276 276 276 276 276 276 276 276 277 277 277 277 277 277 277 277 277 275 274 278 278 278 278 278 278 279 279 279 279 279 279 279 280 279 280 280 280 280 280 280 281 281 281 281 281 281 281 281 281 281 282 282 282
-9999 -9999 -9999 -9999 -9999 -9999 -9999 -9999 -9999 -9999 -9999 -9999 -9999 -9999 -9999 -9999 275 275 275 270 259 274 275 275 275 275 275 275 275 276 276 276 276 276 276 276 276 276 276 276 276 277 277 277 277 277 277 276 274 276 278 278 278 278 278 279 279 279 279 279 279 279 279 279 280 280 280 280 280 280 280 281 281 281 281 281 281 281 281 281 282 282 282 282
-9999 -9999 -9999 -9999 -9999 -9999 -9999 -9999 -9999 -9999 -9999 -9999 -9999 -9999 -9999 -9999 275 275 274 272 255 269 274 275 275 275 275 275 275 276 276 276 276 276 276 276 276 276 276 276 276 276 276 277 277 277 277 277 277 277 278 278 278 278 278 279 279 279 279 279 279 279 279 279 280 280 280 280 280 280 280 281 281 281 281 281 281 281 281 281 282 282 282 282
-9999 -9999 -9999 -9999 -9999 -9999 -9999 -9999 -9999 -9999 -9999 -9999 -9999 -9999 -9999 -9999 274 274 274 274 274 274 274 274 275 275 275 275 275 275 276 276 276 276 276 276 276 276 276 276 276 276 277 277 277 276 276 276 277 277 278 278 278 278 278 279 279 279 279 279 279 279 279 280 280 280 280 280 280 280 280 281 281 281 281 281 281 281 281 281 281 282 282 282
-9999 -9999 -9999 -9999 -9999 -9999 -9999 -9999 -9999 -9999 -9999 -9999 -9999 -9999 -9999 -9999 274 274 274 274 274 274 274 274 275 275 275 275 275 275 276 276 276 276 275 276 276 276 276 276 276 276 276 277 276 276 275 275 276 277 278 278 278 278 278 278 279 279 279 279 279 279 279 279 279 280 280 280 280 280 280 280 281 281 280 281 281 281 281 281 281 282 282 282
-9999 -9999 -9999 -9999 -9999 -9999 -9999 -9999 -9999 -9999 -9999 -9999 -9999 -9999 -9999 -9999 274 274 274 274 274 274 274 274 275 275 275 275 275 275 275 275 275 276 275 276 276 276 276 276 276 276 276 276 276 275 275 275 276 276 277 278 278 278 278 278 278 278 278 279 279 279 279 279 280 279 280 280 280 280 280 280 281 281 281 281 281 281 281 281 282 282 282 282
-9999 -9999 -9999 -9999 -9999 -9999 -9999 -9999 -9999 -9999 -9999 -9999 -9999 -9999 -9999 -9999 274 274 273 274 274 274 274 274 274 275 275 275 275 275 275 275 275 276 275 275 276 276 276 276 276 276 276 276 276 275 275 275 276 277 277 277 278 277 278 278 278 278 278 278 278 278 279 279 279 279 280 280 280 280 280 280 281 281 281 281 281 281 281 281 281 282 282 282
-9999 -9999 -9999 -9999 -9999 -9999 -9999 -9999 -9999 -9999 -9999 -9999 -9999 -9999 -9999 -9999 273 273 273 273 274 274 274 274 274 274 275 275 275 275 275 275 275 275 275 275 275 276 276 276 276 276 275 275 276 275 275 276 276 276 276 277 277 277 277 277 277 277 277 277 277 278 278 279 279 279 279 279 280 280 280 280 280 281 281 281 281 281 281 281 281 282 282 282
-9999 -9999 -9999 -9999 -9999 -9999 -9999 -9999 -9999 -9999 -9999 -9999 -9999 -9999 -9999 -9999 273 273 273 273 274 274 274 274 274 274 274 275 275 275 275 275 275 275 275 275 276 276 276 276 276 276 275 275 275 275 276 276 276 276 276 276 277 277 277 277 277 276 276 276 276 277 278 278 278 279 279 280 280 280 280 280 280 281 281 281 281 281 281 281 281 282 282 282
-9999 -9999 -9999 -9999 -9999 -9999 -9999 -9999 -9999 -9999 -9999 -9999 -9999 -9999 -9999 -9999 -9999 273 273 273 273 274 274 274 274 274 274 275 275 275 275 275 275 275 275 275 275 276 276 276 276 274 274 274 275 275 275 275 275 275 276 276 276 276 276 276 276 275 276 275 276 276 276 277 277 278 279 278 279 279 279 279 280 281 281 281 281 281 281 281 281 282 282 282
-9999 -9999 -9999 -9999 -9999 -9999 -9999 -9999 -9999 -9999 -9999 -9999 -9999 -9999 -9999 -9999 273 273 273 273 273 273 274 274 274 274 274 274 275 275 275 275 275 275 275 275 275 275 276 276 276 273 273 273 275 275 275 275 275 275 275 275 275 276 276 275 275 275 275 274 274 275 276 276 276 277 277 278 279 279 279 280 281 281 281 281 281 281 281 281 281 282 282 282
-9999 -9999 -9999 -9999 -9999 -9999 -9999 -9999 -9999 -9999 -9999 -9999 -9999 -9999 272 272 273 273 273 273 273 274 274 274 274 274 274 274 274 274 275 275 275 275 275 275 275 275 276 276 276 272 272 273 274 274 274 274 274 274 274 275 275 275 275 275 275 275 275 274 274 274 275 276 276 276 277 278 278 279 279 279 280 281 281 281 281 281 281 281 282 282 282 282
-9999 -9999 -9999 -9999 -9999 -9999 -9999 -9999 -9999 -9999 -9999 -9999 272 272 270 270 273 273 273 273 273 273 274 274 274 274 274 274 274 274 274 275 274 275 275 275 275 275 275 276 276 273 271 272 272 273 273 273 273 274 274 275 275 275 275 275 275 274 274 273 272 274 274 275 276 276 277 277 277 279 279 279 280 280 280 281 280 280 281 281 282 282 282 282
-9999 -9999 -9999 -9999 -9999 -9999 -9999 -9999 -9999 -9999 -9999 -9999 270 269 273 273 273 273 273 273 273 273 274 273 274 274 274 274 274 266 272 266 273 274 275 275 275 275 276 275 275 272 272 271 271 272 272 273 273 273 274 274 275 275 275 275 274 273 273 272 271 273 274 274 275 276 277 277 278 278 279 279 279 279 279 279 280 279 279 281 282 282 282 282
-9999 -9999 -9999 -9999 -9999 -9999 -9999 -9999 -9999 -9999 -9999 268 268 273 273 273 273 273 273 273 273 273 274 273 274 274 274 274 272 252 247 259 271 273 275 275 275 275 275 275 275 272 272 269 270 271 271 272 273 273 273 274 274 274 274 274 273 273 272 271 271 273 273 274 276 276 277 277 278 278 279 279 279 279 277 279 280 277 279 281 281 282 282 282
-9999 -9999 -9999 -9999 -9999 -9999 -9999 -9999 -9999 -9999 267 267 272 273 273 273 273 273 273 273 273 273 272 272 273 273 273 273 272 255 245 257 266 273 275 275 275 275 275 275 272 272 272 271 269 270 271 271 270 272 272 273 273 274 273 273 273 272 271 272 272 272 273 274 275 276 277 277 278 278 279 279 279 278 275 276 279 278 280 281 281 282 282 282
-9999 -9999 -9999 -9999 -9999 -9999 -9999 -9999 -9999 -9999 266 268 272 272 272 272 273 272 273 273 273 273 272 271 273 273 273 273 270 261 261 259 273 274 274 275 275 275 274 274 272 271 271 270 269 269 270 271 271 272 272 272 273 273 273 273 272 272 272 272 272 272 273 274 274 276 276 277 278 278 279 279 278 277 276 277 278 279 280 281 281 281 281 282
-9999 -9999 -9999 -9999 -9999 -9999 -9999 -9999 -9999 265 266 271 272 272 272 272 272 272 272 273 272 272 272 270 273 273 273 272 271 269 269 270 273 274 274 274 274 275 275 275 274 271 271 270 271 269 270 271 271 271 271 271 272 272 272 272 272 271 271 272 272 272 273 274 275 275 276 277 278 278 279 279 278 277 276 278 279 280 280 280 281 281 281 281
-9999 -9999 -9999 -9999 -9999 -9999 -9999 -9999 -9999 268 270 271 272 272 272 272 272 272 272 272 272 272 269 269 268 272 272 271 270 269 267 272 273 274 274 274 274 274 274 274 274 271 271 271 271 269 270 271 271 271 270 271 272 272 272 272 271 271 271 271 272 270 274 275 275 276 276 277 278 278 278 278 278 277 278 278 279 280 280 280 280 281 281 281
-9999 -9999 -9999 -9999 -9999 -9999 -9999 -9999 264 264 264 270 271 271 271 271 271 272 272 271 271 271 271 268 268 272 272 270 269 254 270 273 273 274 274 274 274 274 274 274 274 274 271 271 271 272 270 271 271 270 270 270 272 272 272 272 272 272 272 272 272 272 273 275 275 276 276 278 278 278 278 278 278 278 278 278 278 279 279 279 280 280 281 281
