invasiveSpecies/multiSpecies/data/worldclim_KE/worldclim_KE_2050_BC26_Bio15.asc
ncols         347
nrows         295
xllcorner     36.068012264173
yllcorner     0.13039239511974
cellsize      0.0083333333333333
NODATA_value  -9999
[rows 190 to 227 of 295, columns 170 to 254 of 347]
95 96 96 96 95 96 96 96 96 98 98 98 98 98 100 98 100 99 99 100 100 100 100 100 101 103 103 102 103 103 103 103 103 103 106 104 104 104 106 105 106 107 108 107 107 109 107 108 107 110 109 109 110 109 109 111 111 110 110 110 113 111 113 111 113 113 112 112 112 112 113 114 115 115 115 115 115 115 116 114 114 115 118 117 118
94 94 96 97 97 97 97 97 97 98 97 97 98 100 99 99 100 101 101 99 100 100 100 102 102 104 104 103 103 104 103 104 104 105 105 106 105 105 104 107 106 106 107 107 107 107 108 108 108 110 110 110 108 110 109 111 111 110 110 110 110 112 111 111 113 113 112 112 115 115 115 112 115 115 113 115 116 114 116 116 115 116 116 118 116
94 94 95 96 96 96 97 97 98 98 97 97 98 100 100 100 100 101 100 100 101 99 102 101 102 102 102 103 104 103 103 104 105 103 106 104 105 106 106 106 106 108 108 107 107 108 108 108 108 110 110 110 108 111 110 109 109 111 111 111 111 110 111 114 114 113 112 112 114 114 114 114 115 115 114 116 116 115 115 117 118 117 117 116 118
95 95 95 97 96 96 98 98 97 97 98 99 98 98 100 100 101 100 100 100 100 101 102 102 103 103 102 103 103 104 104 105 103 103 104 105 104 106 105 108 105 108 108 108 108 107 109 109 108 110 110 110 111 111 110 110 109 111 111 111 110 110 113 113 113 113 113 113 115 114 114 114 115 115 116 115 115 115 118 117 117 117 116 116 116
94 94 96 95 97 96 96 98 97 98 98 96 98 98 101 100 99 101 99 100 100 100 101 101 102 102 102 102 102 104 103 104 104 105 105 105 105 106 106 106 107 106 108 108 107 109 109 109 108 108 108 108 108 111 110 109 109 110 110 110 110 110 113 113 113 113 113 113 113 115 115 114 116 114 115 116 117 116 116 115 117 117 116 117 118
95 94 95 95 97 97 96 96 96 98 96 97 99 99 99 99 99 100 100 99 101 99 100 102 101 103 102 103 103 104 103 102 104 103 105 104 104 106 106 106 107 107 106 107 107 108 108 108 108 109 109 109 108 108 110 110 110 110 112 112 111 112 113 112 112 112 115 114 115 115 114 114 116 116 116 115 115 115 118 116 118 118 118 116 117
94 95 97 95 96 97 97 97 97 98 96 97 99 99 99 99 100 99 101 101 100 100 101 102 103 103 103 103 103 103 103 102 104 104 103 104 104 104 104 105 107 106 106 107 106 109 108 108 109 107 109 109 109 109 111 110 109 112 111 111 111 111 113 112 114 114 115 115 114 115 114 114 114 116 115 115 115 118 115 116 117 117 117 116 116
94 96 96 95 97 96 96 96 98 98 97 98 98 97 97 100 99 100 102 101 101 103 102 102 102 103 103 104 103 104 102 104 103 103 104 104 106 105 105 105 107 107 108 108 107 106 109 109 107 110 110 110 109 109 110 110 112 112 112 111 111 111 112 113 112 112 115 115 114 114 116 116 116 116 115 115 116 116 117 117 117 116 119 118 117
94 95 96 95 97 96 97 97 96 96 98 98 98 97 99 99 101 99 101 100 102 102 102 102 102 101 104 102 103 105 102 103 105 102 104 104 104 106 106 106 108 107 107 107 106 107 106 108 108 110 108 111 109 111 110 110 110 112 112 112 111 114 112 112 115 114 114 115 114 116 114 116 115 115 114 117 115 115 115 116 117 117 118 119 118
95 95 97 96 96 96 96 96 97 97 98 97 97 99 99 99 101 100 101 100 100 100 103 103 103 103 102 103 104 102 102 103 103 104 103 105 105 105 106 105 108 108 107 107 107 106 108 108 108 108 108 108 109 111 110 110 110 110 110 112 112 112 114 114 114 114 114 114 115 114 113 116 116 116 116 116 115 116 117 118 116 116 116 116 117
95 95 94 96 95 97 97 96 98 98 98 97 98 99 99 98 99 100 101 100 100 100 103 101 103 102 102 103 104 103 102 103 103 103 103 104 106 105 105 106 106 106 108 108 107 108 108 108 108 109 108 111 111 111 111 110 110 112 112 112 111 111 112 112 112 114 115 115 114 113 114 113 114 114 117 117 114 117 115 117 117 118 118 118 118
93 95 95 95 96 96 97 98 97 97 97 98 97 99 99 99 100 101 100 101 101 103 101 102 103 103 103 104 103 104 105 104 103 105 105 103 105 105 105 106 106 106 108 108 108 108 107 109 108 109 109 111 111 112 112 111 113 112 112 112 112 112 112 112 115 115 115 114 114 114 114 114 116 115 117 116 115 116 117 116 116 116 117 119 119
94 94 94 94 95 96 97 96 97 97 98 98 98 100 99 99 98 100 101 101 101 101 102 102 103 104 104 102 104 102 103 103 104 103 102 103 104 104 105 106 107 107 108 107 107 109 109 108 109 108 111 110 110 111 110 110 112 112 112 112 113 113 112 113 113 115 115 114 115 115 115 115 116 114 116 117 117 117 117 117 117 116 119 119 118
94 95 95 94 95 97 97 97 98 99 97 99 98 98 100 99 99 99 100 99 102 102 102 102 101 102 102 104 102 104 104 104 103 102 102 103 103 104 106 107 107 107 108 107 110 108 110 108 110 108 111 110 110 110 110 110 113 110 111 111 113 113 113 113 113 112 115 115 116 116 114 116 117 115 116 115 117 116 116 117 117 117 117 119 118
94 94 95 94 96 96 96 96 97 98 97 99 98 98 100 99 99 100 100 100 102 102 102 103 102 102 102 101 102 104 103 104 103 101 101 102 102 103 106 107 107 107 107 107 110 110 108 109 108 110 109 111 111 111 111 110 111 112 112 111 114 113 112 114 113 113 116 114 116 115 114 116 115 115 117 114 117 116 116 116 116 116 119 120 120
94 94 95 96 95 94 95 95 98 97 99 97 98 98 99 100 100 101 100 100 102 102 103 103 102 102 102 102 104 102 103 103 103 101 101 101 104 104 104 105 106 107 107 109 109 109 109 110 110 108 111 110 111 109 111 111 112 112 112 111 114 114 112 114 114 113 113 114 115 113 115 115 116 114 117 117 117 116 119 119 119 118 118 119 118
95 95 94 95 94 96 96 96 96 97 98 99 99 99 98 98 100 99 100 100 100 102 101 103 102 104 103 102 102 102 102 103 103 100 101 102 104 104 106 106 108 107 109 109 109 109 109 108 109 110 111 111 111 111 112 110 110 112 112 112 112 114 114 114 115 115 115 113 113 114 115 115 116 117 117 117 116 116 119 118 118 118 117 117 119
95 94 95 94 97 97 95 96 96 98 97 98 99 99 100 99 99 99 101 100 100 101 101 101 102 101 102 102 102 102 102 103 102 101 101 101 105 104 106 105 106 107 107 107 110 109 109 109 109 109 110 110 110 110 111 112 112 112 112 112 112 112 112 113 114 113 113 113 113 116 114 114 116 117 117 117 117 116 118 118 119 118 118 119 117
94 94 95 96 98 99 96 95 96 96 98 97 98 97 98 100 99 98 100 100 100 101 101 102 102 101 102 103 102 104 103 101 103 102 101 102 104 106 105 105 105 109 109 109 109 109 109 110 110 109 109 112 112 112 113 111 111 112 112 112 112 112 113 114 113 112 114 115 114 115 116 116 116 116 115 118 117 117 117 117 117 118 117 119 120
94 95 95 94 98 99 99 95 96 98 98 98 99 98 99 98 99 99 99 101 101 102 102 102 103 101 103 103 103 102 103 101 100 101 102 103 103 105 105 107 108 107 107 109 110 110 110 108 110 110 112 112 112 112 112 110 110 111 111 112 112 113 114 112 113 113 115 115 114 117 115 115 115 116 117 117 117 117 117 117 119 117 120 120 118
94 95 95 94 97 97 99 99 96 97 97 98 98 99 97 99 99 100 101 99 101 100 102 102 102 102 101 102 103 103 104 101 101 102 102 103 104 105 105 106 107 107 107 108 108 109 108 109 111 110 112 112 112 112 112 112 112 113 113 111 114 112 113 113 114 113 113 113 114 116 116 115 115 115 118 117 117 117 117 119 118 118 118 120 119
94 96 94 95 96 97 98 97 97 97 98 99 98 98 100 99 101 99 100 100 100 101 101 101 101 103 103 102 103 102 102 102 102 103 104 104 105 105 106 107 107 107 109 108 109 108 110 108 109 109 112 112 112 112 112 112 112 112 114 113 114 114 113 113 114 113 115 115 116 115 117 116 117 115 117 118 117 117 116 119 118 118 120 120 120
93 94 95 95 95 95 97 95 96 98 98 97 98 99 99 98 99 101 99 101 101 100 101 101 103 101 103 104 102 103 104 104 104 105 104 107 105 108 107 107 107 106 107 109 109 110 110 110 110 109 112 111 112 113 112 111 112 112 112 114 114 113 115 114 116 114 114 116 115 115 116 116 118 117 119 116 119 117 117 119 119 119 118 118 121
94 94 95 95 96 95 95 95 95 96 98 97 100 98 100 99 100 100 101 101 101 102 102 102 102 103 102 103 103 103 103 104 104 105 105 105 106 107 107 106 106 106 109 109 108 109 108 110 110 112 112 112 110 113 113 113 113 113 113 113 114 113 115 114 115 116 116 116 115 115 115 116 118 119 118 118 117 117 118 119 117 117 118 119 120
94 95 95 95 96 96 96 95 97 97 98 100 100 100 99 98 101 99 100 101 100 102 101 102 102 102 101 102 103 103 102 103 104 106 105 105 106 107 106 108 108 108 108 108 109 109 108 110 110 110 110 111 111 113 113 113 113 113 112 113 115 115 116 116 114 114 114 111 112 116 115 117 116 117 116 117 117 117 117 119 120 118 118 121 118
94 95 94 96 96 97 96 97 96 98 98 99 98 98 100 101 100 100 101 102 101 101 101 102 103 102 103 102 104 103 103 104 103 104 104 106 104 106 108 108 108 108 108 108 109 110 110 108 110 108 111 111 111 111 111 111 114 113 113 113 113 113 115 114 116 115 114 113 114 113 116 117 117 117 117 118 118 116 116 119 118 118 117 119 119
94 94 96 96 95 95 96 98 97 97 100 99 99 99 99 100 99 99 100 100 101 103 100 103 102 103 102 102 102 103 104 103 103 104 104 106 106 108 107 107 107 108 107 110 110 109 110 110 108 106 110 109 110 110 112 111 114 113 114 114 114 114 114 113 113 115 116 115 115 114 115 118 117 118 118 116 117 118 117 118 119 120 119 119 120
94 94 96 95 95 97 97 96 98 98 100 98 98 98 98 99 101 100 101 102 102 102 103 103 102 102 102 102 104 102 102 104 103 104 104 105 106 108 107 107 109 109 108 110 110 109 110 108 108 103 106 108 112 110 112 112 112 112 114 113 113 115 113 114 114 115 115 116 115 117 116 118 117 117 117 118 117 118 119 118 118 118 121 120 118
95 94 95 95 97 96 96 96 98 97 99 99 100 100 99 99 100 100 100 100 101 101 102 102 103 101 104 103 103 103 104 103 104 104 102 104 107 106 108 108 107 109 110 110 110 109 109 109 110 103 104 109 111 113 112 114 114 114 114 113 115 114 114 115 116 116 116 115 117 116 116 117 115 115 115 116 115 116 119 117 120 119 119 118 118
95 94 96 95 95 97 96 98 98 98 99 99 99 99 98 100 101 99 102 102 102 102 103 102 103 104 103 104 102 103 104 104 105 103 105 107 106 106 107 108 108 109 109 109 110 110 109 110 110 103 104 110 111 112 112 112 114 114 114 114 113 114 115 113 113 116 116 115 115 115 115 115 115 115 115 116 116 117 118 119 118 117 119 119 120
94 94 96 96 95 97 96 96 96 97 97 99 98 98 100 99 99 101 100 100 101 101 103 103 102 103 102 104 103 105 105 103 104 104 105 106 107 108 107 108 108 110 107 110 110 110 111 109 110 104 108 110 111 110 112 114 113 113 113 115 116 114 114 114 114 114 116 115 116 116 115 115 116 116 116 117 118 118 119 117 118 117 120 120 120
94 94 95 96 96 96 96 96 98 98 99 99 99 101 100 100 102 101 102 101 103 101 101 104 104 103 102 104 105 104 103 103 102 104 104 107 106 108 106 107 107 108 110 110 109 110 110 111 110 108 108 111 110 111 112 115 114 115 112 113 113 113 113 114 115 116 116 116 115 117 116 116 118 118 116 117 117 117 117 119 119 118 119 118 119
93 95 96 95 95 96 96 96 96 97 98 99 97 99 100 100 100 100 103 103 102 102 104 103 104 102 104 104 103 103 104 102 103 103 103 104 106 106 107 108 107 108 110 110 110 110 110 110 111 111 110 110 110 110 112 115 112 114 114 114 114 115 113 114 115 115 115 115 115 115 115 115 116 117 117 117 118 118 119 117 120 120 120 119 119
93 94 95 96 96 95 96 96 97 96 96 97 99 100 100 100 102 102 102 102 102 101 102 101 102 103 102 103 103 102 104 103 102 102 104 105 105 106 107 107 109 107 110 110 110 109 109 111 111 111 110 110 108 110 111 113 114 114 112 114 114 115 114 114 114 116 116 115 115 115 116 116 118 118 118 118 118 118 116 118 118 120 120 120 120
93 94 94 95 95 94 95 96 95 96 95 97 99 98 101 100 100 102 102 101 102 103 101 104 101 103 103 102 105 103 102 103 100 103 103 104 105 103 105 106 108 110 109 110 110 109 111 111 112 112 112 111 112 113 113 114 114 113 113 114 114 113 115 113 114 114 114 116 115 116 117 117 118 117 117 116 119 119 118 117 117 119 118 118 -9999
93 93 93 94 96 96 95 95 97 96 97 98 99 98 100 100 102 101 102 103 102 104 103 103 104 104 104 102 104 104 103 104 102 103 103 104 102 102 103 104 109 108 109 109 109 109 111 112 109 110 111 114 111 113 114 114 112 114 114 112 115 114 113 114 115 115 115 114 115 115 117 116 116 118 116 116 118 117 118 118 117 117 119 119 -9999
93 94 95 94 96 94 96 97 96 97 98 99 97 99 100 100 100 103 102 103 103 102 102 103 103 104 103 103 104 105 104 105 105 102 101 102 102 102 102 102 108 110 110 111 108 110 111 112 109 110 111 114 112 113 114 113 114 111 112 112 113 114 114 115 116 116 115 115 116 115 116 117 117 116 116 117 118 117 117 117 118 119 120 -9999 -9999
93 93 94 94 95 96 95 96 97 97 98 98 100 99 98 100 100 100 101 102 102 103 102 103 103 103 105 104 104 105 103 104 106 104 104 102 103 105 106 106 107 110 110 111 108 109 112 112 110 110 113 112 112 114 112 113 114 112 115 112 114 115 113 113 114 114 115 115 114 116 114 115 115 117 116 118 117 118 118 117 116 116 119 -9999 -9999
