invasiveSpecies/multiSpecies/data/worldclim_KE/worldclim_KE_2050_BC85_Bio13.asc
ncols         347
nrows         295
xllcorner     36.068012264173
yllcorner     0.13039239511974
cellsize      0.0083333333333333
NODATA_value  -9999
[rows 74 to 110 of 295, columns 168 to 251 of 347]
-9999 -9999 -9999 -9999 -9999 -9999 -9999 -9999 -9999 -9999 -9999 -9999 -9999 -9999 -9999 -9999 -9999 -9999 -9999 -9999 -9999 -9999 -9999 -9999 -9999 -9999 -9999 -9999 -9999 -9999 139 139 140 140 141 141 141 141 141 140 140 141 142 141 140 140 140 138 138 138 138 138 138 139 139 139 139 139 139 140 139 139 139 139 139 139 139 139 139 139 139 139 140 140 141 141 141 141 140 140 141 141 140 140
-9999 -9999 -9999 -9999 -9999 -9999 -9999 -9999 -9999 -9999 -9999 -9999 -9999 -9999 -9999 -9999 -9999 -9999 -9999 -9999 -9999 -9999 -9999 -9999 -9999 -9999 -9999 -9999 -9999 138 139 139 139 138 140 141 140 140 140 139 139 140 141 140 139 140 138 137 138 138 138 138 138 138 138 139 139 139 139 139 139 139 139 139 139 139 139 139 139 139 139 139 139 140 140 140 141 141 140 140 140 141 141 140
-9999 -9999 -9999 -9999 -9999 -9999 -9999 -9999 -9999 -9999 -9999 -9999 -9999 -9999 -9999 -9999 -9999 -9999 -9999 -9999 -9999 -9999 -9999 -9999 -9999 -9999 -9999 -9999 -9999 139 138 138 138 138 140 140 140 139 139 137 137 139 140 137 138 137 137 137 138 138 138 138 138 138 138 138 139 139 139 139 139 139 139 139 139 139 139 139 139 139 139 139 139 139 140 140 140 140 140 140 140 140 140 141
-9999 -9999 -9999 -9999 -9999 -9999 -9999 -9999 -9999 -9999 -9999 -9999 -9999 -9999 -9999 -9999 -9999 -9999 -9999 -9999 -9999 -9999 -9999 -9999 -9999 -9999 -9999 -9999 -9999 143 140 138 137 137 137 137 139 139 137 137 137 137 136 136 137 137 137 137 138 138 138 138 138 138 138 138 138 138 138 139 139 139 139 139 139 139 139 139 139 139 139 139 139 139 140 140 140 140 140 140 140 140 140 140
-9999 -9999 -9999 -9999 -9999 -9999 -9999 -9999 -9999 -9999 -9999 -9999 -9999 -9999 -9999 -9999 -9999 -9999 -9999 -9999 -9999 -9999 -9999 -9999 -9999 -9999 -9999 -9999 143 143 140 138 137 136 136 137 136 137 136 136 136 136 136 136 137 137 137 137 137 138 138 138 138 138 138 138 138 138 138 138 139 138 139 139 139 139 139 139 139 139 139 139 139 139 140 140 140 140 140 140 140 140 140 140
-9999 -9999 -9999 -9999 -9999 -9999 -9999 -9999 -9999 -9999 -9999 -9999 -9999 -9999 -9999 -9999 -9999 -9999 -9999 -9999 -9999 -9999 -9999 -9999 -9999 -9999 -9999 -9999 143 143 139 137 136 136 135 135 135 135 136 136 136 136 136 136 137 137 137 137 137 137 138 138 138 138 138 138 138 138 138 138 138 138 138 139 139 139 139 139 139 139 139 139 139 139 140 140 140 140 140 140 140 140 140 140
-9999 -9999 -9999 -9999 -9999 -9999 -9999 -9999 -9999 -9999 -9999 -9999 -9999 -9999 -9999 -9999 -9999 -9999 -9999 -9999 -9999 -9999 -9999 -9999 -9999 -9999 -9999 142 142 139 136 135 135 135 135 135 135 135 135 135 136 136 136 136 137 137 137 137 137 137 137 138 138 138 138 138 138 138 138 138 138 138 138 138 139 139 139 139 139 139 139 139 139 139 140 140 140 140 140 140 140 140 140 140
-9999 -9999 -9999 -9999 -9999 -9999 -9999 -9999 -9999 -9999 -9999 -9999 -9999 -9999 -9999 -9999 -9999 -9999 -9999 -9999 -9999 -9999 -9999 -9999 -9999 -9999 -9999 140 140 140 136 136 136 136 136 136 136 136 136 136 137 136 136 137 137 137 137 137 137 137 137 138 138 138 139 139 139 139 139 139 139 139 139 139 139 139 139 140 140 140 140 140 139 140 140 140 140 140 140 140 140 140 140 140
-9999 -9999 -9999 -9999 -9999 -9999 -9999 -9999 -9999 -9999 -9999 -9999 -9999 -9999 -9999 -9999 -9999 -9999 -9999 -9999 -9999 -9999 -9999 -9999 -9999 -9999 -9999 134 134 134 134 134 134 134 136 136 136 136 136 136 136 136 137 137 137 137 137 137 137 137 137 138 138 138 139 139 139 139 139 139 139 139 139 139 139 139 139 140 139 139 139 140 140 140 139 139 139 140 139 139 139 140 140 140
-9999 -9999 -9999 -9999 -9999 -9999 -9999 -9999 -9999 -9999 -9999 -9999 -9999 -9999 -9999 -9999 -9999 -9999 -9999 -9999 -9999 -9999 -9999 -9999 -9999 -9999 133 133 134 134 134 134 134 136 136 136 136 136 136 136 136 136 137 137 137 137 137 137 137 137 137 137 138 138 139 139 139 139 139 139 139 139 139 139 139 139 139 139 139 139 139 139 139 139 139 139 139 139 139 139 139 139 139 139
-9999 -9999 -9999 -9999 -9999 -9999 -9999 -9999 -9999 -9999 -9999 -9999 -9999 -9999 -9999 -9999 -9999 -9999 -9999 -9999 -9999 -9999 -9999 -9999 -9999 -9999 133 133 134 134 134 134 134 136 136 136 136 136 136 136 136 136 136 136 137 137 137 137 137 137 137 137 138 138 139 139 139 139 139 139 139 139 139 139 139 139 139 139 139 139 139 139 139 139 139 139 139 140 139 139 139 139 139 139
-9999 -9999 -9999 -9999 -9999 -9999 -9999 -9999 -9999 -9999 -9999 -9999 -9999 -9999 -9999 -9999 -9999 -9999 -9999 -9999 -9999 -9999 -9999 -9999 -9999 -9999 133 134 134 134 134 134 134 136 136 136 136 136 136 136 136 136 136 137 137 137 137 137 137 137 137 138 138 138 139 139 139 139 139 139 139 139 139 139 139 139 139 139 139 139 139 139 139 139 139 139 139 139 139 139 139 139 139 139
-9999 -9999 -9999 -9999 -9999 -9999 -9999 -9999 -9999 -9999 -9999 -9999 -9999 -9999 -9999 -9999 -9999 -9999 -9999 -9999 -9999 -9999 -9999 -9999 -9999 133 133 134 134 134 134 134 136 136 136 136 136 136 136 136 136 136 136 137 137 137 137 137 137 137 137 138 137 138 138 138 139 139 139 139 139 139 139 139 139 139 139 139 139 139 139 139 139 139 139 139 139 139 139 139 139 139 139 139
-9999 -9999 -9999 -9999 -9999 -9999 -9999 -9999 -9999 -9999 -9999 -9999 -9999 -9999 -9999 -9999 -9999 -9999 -9999 -9999 -9999 -9999 -9999 -9999 133 134 134 134 134 134 134 134 136 136 136 136 136 136 136 136 136 136 136 136 137 137 137 137 137 137 137 138 138 138 139 138 139 139 138 139 139 139 139 139 139 139 139 139 139 139 139 139 139 139 139 139 139 139 139 139 139 139 139 139
-9999 -9999 -9999 -9999 -9999 -9999 -9999 -9999 -9999 -9999 -9999 -9999 -9999 -9999 -9999 -9999 -9999 -9999 -9999 -9999 -9999 -9999 -9999 133 133 134 134 134 134 134 134 134 134 136 136 136 136 136 136 136 136 136 137 137 137 137 137 137 137 137 137 138 138 138 138 139 138 138 138 138 138 138 138 139 138 138 139 139 139 139 139 139 139 139 139 139 139 139 139 139 139 139 139 139
-9999 -9999 -9999 -9999 -9999 -9999 -9999 -9999 -9999 -9999 -9999 -9999 -9999 -9999 -9999 -9999 -9999 -9999 -9999 -9999 132 132 133 133 133 134 134 134 134 134 134 134 134 136 136 136 136 136 136 136 136 136 136 137 137 137 137 137 137 138 138 137 137 138 138 138 138 138 138 138 138 138 138 138 138 138 138 139 139 139 139 139 139 139 139 139 139 139 139 139 139 139 139 139
-9999 -9999 -9999 -9999 -9999 -9999 -9999 -9999 -9999 -9999 -9999 -9999 -9999 -9999 -9999 -9999 131 131 132 139 139 132 133 133 134 134 134 134 134 134 134 134 136 136 136 136 136 136 136 136 136 136 137 137 137 137 137 137 137 137 137 137 137 137 139 138 138 138 138 138 138 138 138 138 138 138 138 139 139 139 138 138 139 139 139 139 139 139 139 139 139 139 139 139
-9999 -9999 -9999 -9999 -9999 -9999 -9999 -9999 -9999 -9999 -9999 -9999 -9999 -9999 -9999 -9999 131 133 136 153 154 135 134 134 135 135 135 135 135 135 135 135 135 136 136 136 136 136 136 136 136 136 138 138 138 138 138 138 143 145 138 138 138 138 138 138 138 138 138 138 138 138 138 138 138 138 138 138 138 138 138 138 138 138 139 139 139 139 139 139 139 139 139 139
-9999 -9999 -9999 -9999 -9999 -9999 -9999 -9999 -9999 -9999 -9999 -9999 -9999 -9999 -9999 -9999 131 133 133 141 163 136 134 135 135 135 135 135 135 135 135 135 135 135 136 136 136 136 136 136 136 138 138 138 138 138 139 139 145 141 138 138 138 138 138 138 138 138 138 138 138 138 138 138 138 138 138 138 138 138 138 138 138 138 139 139 139 139 139 139 139 139 139 139
-9999 -9999 -9999 -9999 -9999 -9999 -9999 -9999 -9999 -9999 -9999 -9999 -9999 -9999 -9999 -9999 131 133 133 137 170 143 135 135 135 135 135 135 135 135 135 135 135 135 135 136 136 136 136 136 136 138 138 138 138 138 139 139 139 139 138 138 138 138 138 138 138 138 138 138 138 138 138 138 138 138 138 138 138 138 138 138 138 138 139 139 139 139 139 139 139 139 139 139
-9999 -9999 -9999 -9999 -9999 -9999 -9999 -9999 -9999 -9999 -9999 -9999 -9999 -9999 -9999 -9999 131 133 133 134 134 134 135 135 135 135 135 135 135 135 135 135 135 135 136 136 136 136 136 136 138 138 138 138 138 139 139 140 139 138 138 138 138 138 138 138 138 138 138 138 138 138 138 138 138 138 138 138 138 138 138 138 138 138 139 139 139 139 139 139 139 139 139 139
-9999 -9999 -9999 -9999 -9999 -9999 -9999 -9999 -9999 -9999 -9999 -9999 -9999 -9999 -9999 -9999 133 133 134 134 134 134 135 135 135 135 135 135 135 135 135 135 136 136 136 136 136 136 136 136 138 138 138 138 138 139 140 141 140 138 137 138 138 138 138 138 138 138 138 138 138 138 138 138 138 138 138 138 138 138 138 138 138 138 139 139 139 139 139 139 139 139 139 139
-9999 -9999 -9999 -9999 -9999 -9999 -9999 -9999 -9999 -9999 -9999 -9999 -9999 -9999 -9999 -9999 133 134 134 134 134 134 135 135 135 135 135 135 135 135 135 135 136 136 136 136 136 136 136 136 138 138 138 138 139 140 141 141 140 139 138 138 138 138 138 139 138 139 139 138 138 138 138 138 138 138 138 138 138 138 138 138 138 138 139 139 139 139 139 139 138 139 139 139
-9999 -9999 -9999 -9999 -9999 -9999 -9999 -9999 -9999 -9999 -9999 -9999 -9999 -9999 -9999 -9999 133 134 134 134 134 134 134 135 135 135 135 135 135 135 135 135 136 136 136 136 136 136 136 136 136 138 138 138 139 140 141 140 140 139 138 139 138 139 139 138 139 139 139 140 139 139 138 138 138 138 138 138 138 138 138 138 138 138 138 139 138 138 138 138 138 138 138 138
-9999 -9999 -9999 -9999 -9999 -9999 -9999 -9999 -9999 -9999 -9999 -9999 -9999 -9999 -9999 -9999 134 134 134 134 135 134 134 135 135 135 135 135 135 135 135 135 136 136 136 136 136 136 136 136 136 136 139 139 139 140 140 139 139 139 139 139 139 139 139 140 140 140 142 142 140 140 140 138 140 138 138 138 137 137 137 137 137 137 138 138 138 138 138 138 138 138 138 138
-9999 -9999 -9999 -9999 -9999 -9999 -9999 -9999 -9999 -9999 -9999 -9999 -9999 -9999 -9999 -9999 134 134 134 134 134 134 134 135 135 135 135 135 135 135 135 135 136 135 136 136 136 136 136 136 136 136 140 140 140 140 140 139 140 140 140 139 139 139 140 140 140 142 143 143 143 143 140 140 141 140 140 138 138 138 138 138 138 137 138 138 138 138 138 138 138 138 138 138
-9999 -9999 -9999 -9999 -9999 -9999 -9999 -9999 -9999 -9999 -9999 -9999 -9999 -9999 -9999 -9999 -9999 134 134 134 134 134 135 135 135 134 135 135 135 135 135 135 135 136 136 136 136 136 136 136 136 141 141 141 140 139 140 140 140 141 140 140 140 140 140 142 142 143 143 144 144 144 143 142 142 141 140 141 140 138 140 140 137 137 138 138 138 138 138 138 138 138 138 137
-9999 -9999 -9999 -9999 -9999 -9999 -9999 -9999 -9999 -9999 -9999 -9999 -9999 -9999 -9999 -9999 134 134 134 134 134 134 135 134 135 135 136 136 136 136 136 136 136 136 137 137 137 137 137 137 137 143 143 143 141 141 141 142 142 142 142 141 142 141 142 143 143 144 146 147 147 144 144 144 144 143 143 141 140 140 139 139 138 137 138 138 137 138 138 138 138 138 137 137
-9999 -9999 -9999 -9999 -9999 -9999 -9999 -9999 -9999 -9999 -9999 -9999 -9999 -9999 134 134 134 134 134 134 134 134 134 134 135 135 135 136 136 136 136 136 136 137 137 137 137 137 137 137 137 144 144 143 142 142 142 143 143 143 143 142 142 142 142 143 143 144 146 147 147 147 144 144 145 144 144 141 141 140 140 139 138 138 137 138 138 137 137 137 137 137 137 137
-9999 -9999 -9999 -9999 -9999 -9999 -9999 -9999 -9999 -9999 -9999 -9999 133 134 138 138 133 134 134 134 134 134 134 134 135 136 136 136 136 136 137 136 137 136 136 136 137 137 137 137 137 142 146 144 145 144 144 144 144 144 143 142 142 142 142 143 144 146 146 148 150 148 147 146 145 144 144 143 143 140 139 139 138 139 138 138 138 139 138 137 137 137 137 137
-9999 -9999 -9999 -9999 -9999 -9999 -9999 -9999 -9999 -9999 -9999 -9999 137 139 133 133 133 133 133 134 134 134 134 135 135 136 136 136 136 151 140 152 138 137 136 136 136 137 137 137 137 143 144 146 146 145 145 145 145 144 144 143 143 143 143 143 144 147 148 150 151 149 148 147 145 144 143 143 141 140 140 140 139 140 141 139 139 141 141 138 137 137 137 137
-9999 -9999 -9999 -9999 -9999 -9999 -9999 -9999 -9999 -9999 -9999 141 139 133 133 133 133 133 133 133 134 134 134 136 135 136 136 136 139 181 191 165 144 138 136 136 136 137 137 137 137 144 144 149 149 148 146 146 145 145 144 144 143 143 144 146 146 148 149 151 151 149 148 147 145 144 144 141 141 140 140 140 140 140 144 141 139 144 141 138 137 137 137 137
-9999 -9999 -9999 -9999 -9999 -9999 -9999 -9999 -9999 -9999 142 141 133 133 133 133 133 133 134 134 134 134 136 138 136 136 136 137 140 173 195 169 152 138 136 136 136 137 137 137 143 144 145 145 150 148 148 148 150 146 146 145 144 144 146 146 147 148 150 150 150 149 149 147 145 144 143 143 141 140 139 140 140 141 147 146 142 142 138 138 137 137 137 136
-9999 -9999 -9999 -9999 -9999 -9999 -9999 -9999 -9999 -9999 142 138 133 133 133 133 133 134 134 134 134 135 135 139 136 137 137 137 142 160 160 166 139 137 137 137 137 137 137 139 144 145 145 146 150 150 149 148 148 146 148 146 146 145 146 147 148 149 150 149 149 149 148 147 146 145 143 141 141 140 139 139 140 144 146 143 142 141 138 138 137 137 137 137
-9999 -9999 -9999 -9999 -9999 -9999 -9999 -9999 -9999 143 143 134 133 133 134 134 134 134 134 134 135 136 136 141 136 137 137 138 141 145 145 142 138 137 137 137 137 137 137 138 139 145 146 147 146 149 149 148 148 148 148 148 148 146 147 147 148 150 150 149 149 150 147 146 146 144 144 143 140 140 139 139 141 144 145 142 141 139 138 138 137 137 137 137
-9999 -9999 -9999 -9999 -9999 -9999 -9999 -9999 -9999 138 135 134 133 134 134 134 134 134 134 135 135 136 142 142 144 137 138 139 142 144 149 140 137 137 137 137 137 137 137 138 138 145 145 146 145 149 148 148 148 148 150 149 148 146 147 148 149 150 150 150 150 152 147 144 144 144 143 141 140 140 139 140 140 143 142 142 139 139 138 139 138 138 137 137
-9999 -9999 -9999 -9999 -9999 -9999 -9999 -9999 145 145 145 136 134 134 134 135 135 135 135 136 136 138 138 144 145 138 138 141 144 174 141 138 138 137 137 137 138 138 138 138 138 139 145 144 145 145 146 146 148 149 150 149 146 146 147 148 148 148 148 149 148 149 147 143 144 143 143 139 139 139 139 139 140 140 142 142 141 139 139 139 138 138 138 138
