invasiveSpecies/multiSpecies/data/worldclim_KE/worldclim_KE_2050_BC85_Bio4.asc
ncols         347
nrows         295
xllcorner     36.068012264173
yllcorner     0.13039239511974
cellsize      0.0083333333333333
NODATA_value  -9999
[rows 148 to 184 of 295, columns 168 to 251 of 347]
816 761 786 774 781 782 795 807 803 795 774 808 793 802 805 785 768 805 795 803 769 803 768 834 800 815 789 832 780 781 784 813 800 829 829 830 822 819 822 828 793 817 810 810 832 810 806 822 806 827 820 818 832 807 822 831 846 833 848 841 845 818 848 830 837 853 856 837 838 831 845 847 858 856 856 848 845 860 876 870 859 872 849 861
783 797 803 774 776 782 780 807 791 795 800 788 781 769 769 795 791 810 782 777 773 819 831 790 786 770 803 806 779 810 818 785 825 765 795 792 829 829 799 815 832 823 806 810 823 805 805 825 806 834 832 832 818 818 839 821 839 846 838 823 822 841 844 828 827 839 841 841 849 858 857 848 847 842 856 849 868 849 870 857 852 871 864 849
758 816 772 785 782 779 803 789 780 791 795 776 783 782 793 805 786 792 817 781 779 782 783 783 804 801 820 791 816 770 795 816 814 773 798 825 809 841 823 815 828 801 805 801 806 834 805 822 812 807 822 814 819 819 819 827 835 823 823 837 835 819 826 850 826 837 841 837 844 845 857 857 826 826 853 882 849 868 851 876 876 881 881 866
807 778 802 790 792 779 783 789 783 787 786 805 795 796 805 798 799 761 780 808 793 793 785 796 802 780 787 820 777 806 809 778 778 806 805 818 798 821 820 803 817 801 822 817 806 835 810 810 821 817 821 817 831 822 825 820 826 829 828 833 825 825 841 840 821 827 835 834 833 840 834 857 847 858 859 837 854 851 858 863 869 869 854 861
758 758 769 780 756 778 792 780 777 777 784 791 795 802 802 827 770 758 755 768 789 798 798 799 753 786 796 802 790 770 806 772 800 782 801 801 816 811 824 822 835 796 805 805 823 834 809 812 812 812 810 817 810 827 823 820 835 829 828 829 823 843 835 825 840 846 835 827 850 841 848 838 857 846 860 864 858 845 868 867 869 884 858 852
788 758 767 776 744 779 782 767 779 802 812 789 789 787 824 802 805 780 798 766 796 741 807 784 787 780 814 802 815 797 768 779 793 782 805 805 793 803 811 816 803 796 806 805 823 826 819 793 807 817 810 822 822 824 819 817 826 811 823 834 825 812 829 822 835 844 840 837 834 834 838 826 851 826 851 863 870 848 858 857 873 846 857 872
758 787 783 774 782 773 782 766 776 790 773 780 779 777 805 812 768 786 780 796 777 806 759 798 741 815 788 815 823 752 776 766 769 792 779 814 814 815 815 816 823 818 813 822 801 820 807 811 812 814 810 830 818 823 822 821 812 838 829 825 815 828 814 821 819 821 815 835 837 823 847 848 835 835 861 864 865 850 849 870 868 867 868 857
771 787 789 775 782 768 773 766 775 790 790 785 772 772 778 822 805 768 776 765 767 762 779 750 779 769 741 809 741 822 754 801 814 784 814 814 803 821 808 803 796 805 818 813 806 790 803 803 816 818 810 800 819 824 807 821 831 829 819 829 829 832 828 822 818 826 832 816 833 830 847 831 826 839 868 851 850 856 861 875 863 873 867 846
767 783 760 771 762 770 735 771 776 795 782 778 772 780 778 771 804 784 771 796 809 817 767 748 751 776 826 816 806 832 807 780 744 744 811 810 802 816 795 811 803 802 805 789 822 807 790 812 806 810 813 819 819 824 825 815 831 831 826 829 829 819 841 828 825 819 823 818 832 825 831 837 840 831 850 859 849 857 862 882 863 868 873 855
775 763 763 786 761 769 772 772 775 776 782 773 777 772 772 778 804 793 794 766 770 790 767 818 799 774 826 827 747 747 747 776 806 754 777 824 824 802 820 777 802 802 808 824 806 822 822 818 813 799 806 811 811 826 811 811 816 834 819 827 823 824 838 821 826 826 818 818 823 831 825 830 842 838 851 850 835 850 857 856 855 865 868 865
785 783 762 753 777 761 764 757 758 753 772 769 772 754 778 780 771 792 784 797 781 793 747 778 785 778 808 760 809 821 763 741 756 781 782 806 824 810 821 821 777 796 794 795 810 798 809 811 813 813 824 797 816 795 837 818 817 818 819 815 819 835 834 822 815 834 823 821 819 831 817 838 835 835 847 854 835 836 861 856 861 881 857 865
761 767 762 774 779 774 769 762 772 772 758 758 772 773 771 804 789 772 779 770 772 778 791 785 776 761 761 770 764 808 768 812 761 753 798 779 798 824 790 802 802 795 807 775 809 795 814 815 813 814 802 806 803 809 816 825 799 818 836 831 824 817 816 822 816 828 823 837 837 828 826 828 841 825 856 858 835 850 850 854 871 871 881 857
740 744 775 781 779 778 765 766 770 758 754 762 756 756 783 792 785 787 780 776 760 779 780 761 778 761 788 784 798 788 788 788 779 774 794 811 824 824 813 824 795 794 795 808 823 816 820 815 815 810 816 808 796 814 805 812 825 825 807 815 802 825 815 813 813 817 823 826 834 821 828 832 828 844 852 850 835 851 850 870 857 871 857 881
758 767 767 767 788 737 760 765 762 760 756 760 743 760 784 781 795 795 776 785 776 761 775 783 780 790 774 799 786 788 783 799 788 796 808 808 777 777 787 782 780 808 780 806 792 829 793 796 819 793 783 814 821 799 821 818 823 802 824 835 824 801 813 826 834 822 837 837 829 831 828 843 838 844 849 850 835 836 864 853 857 850 867 866
719 779 732 773 748 762 775 765 723 750 774 765 749 763 782 790 769 786 786 770 809 768 786 760 770 787 785 768 777 776 788 766 784 790 782 802 804 783 780 773 804 806 798 780 829 819 794 831 824 809 828 829 829 802 813 811 810 816 825 816 822 820 820 822 827 823 825 837 826 834 824 837 844 844 861 857 835 851 850 851 857 870 867 870
772 720 754 733 785 734 775 788 739 772 720 768 774 748 766 795 778 795 789 798 776 776 754 788 761 757 802 763 802 779 788 802 808 771 778 777 790 810 785 788 818 805 777 777 818 815 792 824 792 792 792 827 817 794 808 811 810 817 818 816 816 823 822 827 834 825 827 826 835 833 821 831 831 831 844 847 835 837 851 844 858 867 858 868
770 747 779 752 785 785 734 738 788 758 727 775 774 769 781 771 785 771 783 772 768 789 788 759 780 802 763 779 802 790 803 766 777 808 806 777 780 808 779 777 807 804 806 802 819 822 815 819 801 813 809 809 829 805 803 820 815 810 815 822 822 820 819 823 826 826 824 824 831 831 821 840 829 830 855 841 841 834 841 837 854 871 857 871
757 751 744 779 766 775 796 775 775 749 744 758 778 765 763 763 771 785 783 772 749 754 753 766 752 802 812 779 802 791 790 775 774 774 783 807 778 782 782 782 793 791 807 802 788 788 792 800 813 804 813 813 794 807 794 808 813 817 817 824 820 819 817 814 824 826 826 830 833 824 828 841 830 851 847 848 836 841 841 837 836 863 857 869
747 757 747 754 784 776 753 772 753 751 753 727 775 737 745 761 776 770 782 802 764 782 778 774 792 786 763 812 782 779 775 777 743 752 783 785 774 782 781 791 787 805 799 788 781 815 815 806 785 813 799 815 790 830 797 805 807 829 824 818 805 819 820 811 822 837 835 830 829 822 821 825 841 845 847 834 848 853 834 841 850 851 871 871
752 736 749 749 764 772 766 772 763 751 740 753 741 762 762 776 774 765 775 752 754 775 748 754 768 787 777 772 790 793 777 752 777 745 792 787 799 785 818 784 791 798 778 788 781 806 819 813 798 810 792 786 832 821 817 816 810 803 791 793 805 812 823 827 813 838 830 833 831 824 822 830 830 830 853 851 857 843 848 835 851 851 860 871
750 762 747 760 767 773 760 772 766 773 770 752 741 738 763 783 783 759 776 743 744 776 761 773 761 783 797 790 799 790 777 765 782 749 786 781 781 802 804 782 789 782 778 786 785 792 780 813 778 811 811 823 823 790 794 803 810 812 808 808 827 829 821 813 823 834 824 828 826 830 842 822 839 841 855 865 857 848 843 835 835 864 849 847
738 727 749 731 735 763 760 752 751 763 775 746 730 736 739 763 760 759 761 751 781 757 766 766 796 797 774 788 792 785 792 752 789 792 786 780 788 790 790 789 802 785 787 795 810 816 799 786 810 784 805 790 823 821 817 813 813 812 818 805 831 811 825 829 835 822 826 818 822 832 826 817 848 830 844 840 847 862 842 849 833 850 859 867
749 727 714 753 774 760 760 761 785 777 783 741 730 757 756 754 759 759 752 764 756 738 767 773 761 797 797 788 782 808 792 770 770 792 791 778 798 788 791 787 794 785 786 797 783 776 809 807 796 811 823 810 781 806 823 819 819 791 815 823 815 816 821 821 828 824 822 826 826 826 832 830 832 844 829 849 868 838 848 851 835 850 849 869
753 725 727 726 737 735 769 756 751 748 771 748 732 755 761 757 758 755 764 763 750 751 761 786 788 760 777 779 785 795 773 801 769 784 774 794 778 785 785 788 786 786 789 799 785 810 788 810 794 796 821 781 812 781 795 811 812 796 804 805 805 823 827 806 824 835 825 841 822 824 831 821 835 822 856 858 844 851 862 837 825 837 851 849
754 748 725 731 733 747 755 749 745 751 751 754 755 738 757 783 755 764 761 761 746 759 752 741 760 766 761 776 794 784 797 809 795 780 791 773 789 778 787 783 772 780 778 791 812 785 811 808 810 807 821 781 805 812 819 819 806 828 818 828 804 803 835 826 835 824 836 824 822 816 818 831 832 821 846 856 865 863 843 832 829 837 835 850
751 748 719 744 747 745 758 748 768 743 752 739 760 774 744 744 748 770 776 751 751 758 751 755 757 755 765 773 782 795 784 763 789 782 788 773 769 779 768 784 783 782 780 788 793 785 799 807 808 771 814 800 785 800 793 790 819 794 778 791 828 794 823 804 807 827 822 825 827 818 827 832 830 827 853 827 844 856 865 844 834 849 843 840
727 741 719 738 747 758 747 772 739 739 764 739 751 760 792 786 756 758 745 748 727 741 754 748 747 747 747 794 763 763 802 794 788 789 787 780 783 773 783 789 784 789 784 788 809 793 799 783 788 808 798 811 814 823 818 811 793 817 831 809 828 792 803 816 803 839 828 836 823 838 838 824 830 827 830 846 865 846 860 862 838 832 849 833
738 732 729 741 735 735 741 737 764 729 741 761 740 745 795 788 754 745 774 754 734 761 734 734 740 751 758 782 786 771 802 798 779 784 794 782 772 788 778 789 769 779 784 780 805 789 788 797 797 795 797 803 778 812 790 822 790 784 800 822 803 820 813 831 828 827 807 831 825 831 817 838 819 817 846 854 856 832 819 863 838 825 854 824
734 729 741 741 744 758 744 737 741 753 732 738 752 745 744 737 794 754 790 763 788 785 742 779 753 742 751 746 744 797 791 785 774 760 770 784 768 786 773 790 784 791 791 786 800 797 799 799 799 795 795 800 808 810 791 801 811 811 791 827 818 791 803 803 822 822 807 807 825 839 834 827 830 829 827 840 838 855 819 851 830 833 832 824
725 717 715 731 734 744 763 734 737 739 749 764 741 749 757 747 785 756 745 756 744 752 770 761 726 757 763 739 782 776 793 776 793 762 790 784 791 794 782 769 794 790 769 784 778 800 797 793 796 809 797 802 810 785 788 790 795 802 820 791 804 825 822 795 807 807 808 819 836 816 834 824 829 816 829 853 855 855 863 866 850 829 833 824
717 720 715 737 734 731 734 751 731 750 740 735 740 743 749 777 781 761 789 787 752 741 761 747 770 763 739 739 797 773 751 789 785 762 779 784 787 765 762 784 773 771 771 780 800 794 785 797 795 796 797 804 797 802 807 795 820 811 790 791 807 778 816 828 834 822 836 836 807 844 825 817 832 833 827 855 849 840 824 855 836 836 824 824
694 734 729 717 758 731 710 731 743 756 741 741 750 719 747 749 751 751 751 770 749 748 758 770 763 749 720 759 742 797 782 782 776 753 779 771 787 764 770 775 775 788 768 768 791 793 800 802 788 795 797 813 813 805 799 804 790 790 800 818 808 778 818 815 808 819 827 825 816 825 831 837 816 832 848 840 841 853 863 841 824 829 838 824
718 700 729 725 750 713 708 713 755 764 743 741 734 741 755 756 748 748 748 763 764 740 753 763 777 744 755 766 757 754 762 760 755 762 775 777 777 776 759 768 787 787 777 775 768 774 786 778 795 777 810 799 790 799 795 804 820 794 814 799 818 808 815 825 805 829 820 820 816 820 836 839 816 833 848 848 855 841 841 863 854 843 824 865
699 703 729 678 699 710 744 750 755 743 735 745 712 732 758 747 769 748 767 758 752 756 746 747 749 750 770 746 758 759 754 746 746 748 775 773 763 773 769 781 788 756 778 774 760 793 785 788 796 807 786 796 800 799 794 811 795 802 809 794 798 789 805 782 825 808 820 820 816 832 804 804 824 816 800 833 808 820 828 844 834 843 814 802
728 718 709 702 712 718 738 741 709 738 733 738 730 745 750 760 753 751 751 767 749 747 747 760 749 770 736 773 734 770 749 765 757 746 766 764 756 775 775 775 773 770 750 772 781 784 777 777 783 793 772 796 795 816 799 802 799 800 789 813 807 789 811 795 823 808 806 816 816 823 839 837 804 837 798 814 820 820 846 834 837 854 815 829
710 711 718 709 729 744 733 733 731 737 724 731 727 736 726 734 750 750 748 768 766 760 745 760 753 767 725 753 765 770 756 749 763 758 773 772 775 770 773 773 756 770 777 778 786 802 790 791 800 807 796 802 797 802 799 800 804 811 811 801 807 789 798 810 823 815 820 820 827 837 820 814 816 821 807 807 828 843 832 860 848 822 814 799
699 732 700 693 723 737 736 720 738 728 730 728 730 734 742 726 727 749 750 766 766 760 748 758 769 743 746 749 751 742 751 742 742 769 775 769 756 752 773 762 752 779 764 791 790 783 802 776 791 774 807 805 796 790 815 788 811 804 795 793 807 807 786 810 825 806 813 819 820 827 821 824 829 821 812 798 831 829 843 815 822 807 821 814
