invasiveSpecies/multiSpecies/data/worldclim_KE/worldclim_KE_2050_BC85_Bio4.asc
ncols         347
nrows         295
xllcorner     36.068012264173
yllcorner     0.13039239511974
cellsize      0.0083333333333333
NODATA_value  -9999
[rows 74 to 110 of 295, columns 168 to 251 of 347]
-9999 -9999 -9999 -9999 -9999 -9999 -9999 -9999 -9999 -9999 -9999 -9999 -9999 -9999 -9999 -9999 -9999 -9999 -9999 -9999 -9999 -9999 -9999 -9999 -9999 -9999 -9999 -9999 -9999 -9999 881 881 881 891 901 894 919 901 901 925 898 917 911 924 925 911 907 922 918 927 938 938 937 937 940 922 922 922 924 927 947 916 910 910 911 954 954 943 930 932 914 917 917 928 939 951 938 963 961 941 955 961 962 963
-9999 -9999 -9999 -9999 -9999 -9999 -9999 -9999 -9999 -9999 -9999 -9999 -9999 -9999 -9999 -9999 -9999 -9999 -9999 -9999 -9999 -9999 -9999 -9999 -9999 -9999 -9999 -9999 -9999 881 884 879 914 881 927 914 901 884 917 911 921 893 912 930 914 898 905 922 908 938 938 938 937 919 922 922 930 931 928 944 949 921 921 910 907 927 954 954 950 943 918 914 913 930 939 940 938 977 953 972 941 956 956 962
-9999 -9999 -9999 -9999 -9999 -9999 -9999 -9999 -9999 -9999 -9999 -9999 -9999 -9999 -9999 -9999 -9999 -9999 -9999 -9999 -9999 -9999 -9999 -9999 -9999 -9999 -9999 -9999 -9999 897 890 902 877 877 898 901 912 912 881 925 893 917 917 911 937 916 926 930 930 908 930 938 911 923 922 930 930 931 924 949 945 935 916 915 907 925 927 938 954 932 930 913 905 924 939 940 951 963 966 953 963 943 957 957
-9999 -9999 -9999 -9999 -9999 -9999 -9999 -9999 -9999 -9999 -9999 -9999 -9999 -9999 -9999 -9999 -9999 -9999 -9999 -9999 -9999 -9999 -9999 -9999 -9999 -9999 -9999 -9999 -9999 893 890 907 884 919 936 916 930 901 912 898 887 899 895 895 907 916 916 933 936 936 908 944 933 924 922 922 931 931 918 936 935 916 903 903 907 909 925 927 938 947 942 924 914 921 937 937 938 951 963 956 955 949 951 951
-9999 -9999 -9999 -9999 -9999 -9999 -9999 -9999 -9999 -9999 -9999 -9999 -9999 -9999 -9999 -9999 -9999 -9999 -9999 -9999 -9999 -9999 -9999 -9999 -9999 -9999 -9999 -9999 885 897 872 897 900 889 912 889 919 915 898 874 917 911 895 895 888 907 916 926 926 930 908 914 921 911 910 931 931 924 931 920 935 929 930 903 897 907 909 909 947 949 936 911 901 921 924 940 938 938 963 970 963 950 943 951
-9999 -9999 -9999 -9999 -9999 -9999 -9999 -9999 -9999 -9999 -9999 -9999 -9999 -9999 -9999 -9999 -9999 -9999 -9999 -9999 -9999 -9999 -9999 -9999 -9999 -9999 -9999 -9999 901 911 911 872 877 865 919 903 894 878 876 924 915 911 903 890 877 916 916 909 921 936 916 916 937 908 910 931 931 931 931 920 935 935 930 903 897 909 909 909 940 949 949 924 901 909 925 940 938 938 951 972 967 962 927 951
-9999 -9999 -9999 -9999 -9999 -9999 -9999 -9999 -9999 -9999 -9999 -9999 -9999 -9999 -9999 -9999 -9999 -9999 -9999 -9999 -9999 -9999 -9999 -9999 -9999 -9999 -9999 890 890 889 907 897 874 919 881 881 881 878 912 917 901 898 886 873 877 899 916 916 923 923 916 916 903 911 907 911 918 931 931 924 932 930 934 904 899 897 909 909 921 949 931 928 911 901 937 938 940 938 956 958 953 953 937 939
-9999 -9999 -9999 -9999 -9999 -9999 -9999 -9999 -9999 -9999 -9999 -9999 -9999 -9999 -9999 -9999 -9999 -9999 -9999 -9999 -9999 -9999 -9999 -9999 -9999 -9999 -9999 890 877 888 874 881 905 908 900 887 884 885 910 915 917 906 877 877 894 904 904 918 913 915 928 916 911 911 911 908 918 931 931 924 926 933 937 928 911 918 918 918 957 955 941 928 911 911 912 922 922 925 931 945 940 940 940 927
-9999 -9999 -9999 -9999 -9999 -9999 -9999 -9999 -9999 -9999 -9999 -9999 -9999 -9999 -9999 -9999 -9999 -9999 -9999 -9999 -9999 -9999 -9999 -9999 -9999 -9999 -9999 879 883 885 873 905 905 905 908 887 885 884 903 917 917 900 901 901 877 896 911 911 918 915 928 922 911 911 910 921 911 918 924 931 926 938 933 928 928 911 920 920 918 939 941 941 928 915 922 922 921 922 931 940 940 926 926 926
-9999 -9999 -9999 -9999 -9999 -9999 -9999 -9999 -9999 -9999 -9999 -9999 -9999 -9999 -9999 -9999 -9999 -9999 -9999 -9999 -9999 -9999 -9999 -9999 -9999 -9999 878 878 886 883 876 873 905 905 910 908 885 885 891 902 917 903 903 897 885 880 893 906 918 913 919 914 916 911 910 923 911 918 931 931 926 912 926 925 933 917 920 920 920 924 939 941 928 915 918 922 924 921 925 931 940 926 927 941
-9999 -9999 -9999 -9999 -9999 -9999 -9999 -9999 -9999 -9999 -9999 -9999 -9999 -9999 -9999 -9999 -9999 -9999 -9999 -9999 -9999 -9999 -9999 -9999 -9999 -9999 876 876 876 879 878 883 885 885 908 905 905 889 884 904 909 903 903 897 885 885 880 893 913 911 918 915 915 914 928 910 911 921 918 918 924 926 912 934 933 924 917 920 920 911 938 952 941 928 917 918 922 935 918 918 918 926 926 926
-9999 -9999 -9999 -9999 -9999 -9999 -9999 -9999 -9999 -9999 -9999 -9999 -9999 -9999 -9999 -9999 -9999 -9999 -9999 -9999 -9999 -9999 -9999 -9999 -9999 -9999 893 873 888 881 876 886 888 901 887 908 910 898 889 891 900 909 903 903 915 915 885 880 893 893 913 913 913 901 913 897 923 911 908 918 924 926 912 934 933 921 930 920 920 920 924 953 933 941 904 918 926 945 918 928 918 928 926 913
-9999 -9999 -9999 -9999 -9999 -9999 -9999 -9999 -9999 -9999 -9999 -9999 -9999 -9999 -9999 -9999 -9999 -9999 -9999 -9999 -9999 -9999 -9999 -9999 -9999 885 885 885 885 893 884 884 879 876 887 887 905 892 896 889 900 897 909 909 921 914 915 885 885 880 905 910 915 919 910 897 925 925 915 922 918 926 912 934 921 921 929 929 924 920 913 913 939 933 904 918 926 949 911 910 928 913 913 913
-9999 -9999 -9999 -9999 -9999 -9999 -9999 -9999 -9999 -9999 -9999 -9999 -9999 -9999 -9999 -9999 -9999 -9999 -9999 -9999 -9999 -9999 -9999 -9999 855 869 855 878 885 881 880 884 884 886 886 883 908 905 892 898 889 900 897 895 900 900 900 915 915 880 880 893 913 915 913 897 897 925 918 915 911 926 908 921 934 923 923 924 924 924 913 941 935 933 906 906 926 926 949 907 914 914 915 914
-9999 -9999 -9999 -9999 -9999 -9999 -9999 -9999 -9999 -9999 -9999 -9999 -9999 -9999 -9999 -9999 -9999 -9999 -9999 -9999 -9999 -9999 -9999 875 884 873 869 855 855 885 881 884 884 886 886 872 883 908 903 895 889 889 885 899 913 900 900 900 900 907 888 880 893 904 900 903 910 913 911 915 911 926 908 908 923 923 923 937 924 917 913 936 936 921 919 906 906 926 926 930 912 914 914 901
-9999 -9999 -9999 -9999 -9999 -9999 -9999 -9999 -9999 -9999 -9999 -9999 -9999 -9999 -9999 -9999 -9999 -9999 -9999 -9999 891 872 872 872 884 872 873 866 855 878 881 883 884 884 886 884 887 903 903 895 898 898 889 889 897 892 900 913 900 900 907 888 893 913 901 898 910 899 913 918 915 913 908 908 921 923 923 922 933 924 917 910 934 921 911 906 906 926 926 949 923 909 914 902
-9999 -9999 -9999 -9999 -9999 -9999 -9999 -9999 -9999 -9999 -9999 -9999 -9999 -9999 -9999 -9999 867 867 867 881 859 879 879 879 879 884 884 874 866 855 855 881 883 884 888 886 870 885 883 891 892 895 898 896 908 898 897 892 900 900 910 896 880 893 887 900 900 913 913 925 915 915 908 908 909 923 921 923 930 937 917 914 914 934 909 909 912 914 926 951 940 925 925 911
-9999 -9999 -9999 -9999 -9999 -9999 -9999 -9999 -9999 -9999 -9999 -9999 -9999 -9999 -9999 -9999 858 866 862 887 875 867 859 868 859 859 891 872 875 855 868 864 883 876 900 909 908 870 903 908 916 903 905 905 908 908 904 898 921 912 895 896 883 904 912 912 898 898 899 925 918 908 913 911 895 882 909 910 909 920 904 901 887 922 909 911 902 914 926 945 945 930 917 908
-9999 -9999 -9999 -9999 -9999 -9999 -9999 -9999 -9999 -9999 -9999 -9999 -9999 -9999 -9999 -9999 867 867 867 867 866 861 861 863 858 871 867 891 874 852 855 868 874 876 892 900 905 908 870 890 896 908 903 905 905 905 916 902 916 905 897 896 883 891 913 899 895 898 900 897 920 918 908 910 882 899 897 909 917 917 920 901 900 913 909 909 912 914 914 933 946 932 930 904
-9999 -9999 -9999 -9999 -9999 -9999 -9999 -9999 -9999 -9999 -9999 -9999 -9999 -9999 -9999 -9999 867 867 882 890 870 879 882 867 861 858 859 879 872 875 875 855 864 883 892 892 900 900 908 908 879 903 896 916 905 916 908 908 908 904 897 896 896 904 908 899 894 892 886 900 925 920 918 910 882 885 897 909 910 930 920 887 887 913 913 909 909 914 914 926 946 919 904 906
-9999 -9999 -9999 -9999 -9999 -9999 -9999 -9999 -9999 -9999 -9999 -9999 -9999 -9999 -9999 -9999 880 871 881 881 859 879 893 882 861 858 862 859 879 881 875 864 864 855 866 880 899 900 900 905 908 908 892 916 905 906 911 916 908 906 897 896 896 883 911 899 894 892 884 900 913 910 918 892 882 884 897 909 910 930 913 898 887 900 911 911 909 920 907 911 912 946 917 906
-9999 -9999 -9999 -9999 -9999 -9999 -9999 -9999 -9999 -9999 -9999 -9999 -9999 -9999 -9999 -9999 839 854 849 871 871 879 879 883 867 861 849 862 859 891 861 852 852 855 872 867 880 899 899 900 900 905 894 887 908 905 905 911 919 908 897 897 897 903 903 915 894 894 892 884 900 910 918 910 879 882 884 909 917 930 930 921 884 887 897 913 925 916 907 907 911 927 906 906
-9999 -9999 -9999 -9999 -9999 -9999 -9999 -9999 -9999 -9999 -9999 -9999 -9999 -9999 -9999 -9999 861 851 861 839 839 862 879 879 867 867 857 849 859 859 871 876 874 852 872 879 865 868 892 899 907 905 894 894 897 908 907 908 905 899 912 908 895 884 897 882 903 887 911 884 882 884 920 912 892 879 884 913 909 907 930 919 923 884 898 913 925 920 907 900 927 927 934 906
-9999 -9999 -9999 -9999 -9999 -9999 -9999 -9999 -9999 -9999 -9999 -9999 -9999 -9999 -9999 -9999 873 873 880 861 859 839 871 879 895 867 867 855 862 859 859 883 883 861 869 869 867 871 880 899 900 900 905 905 887 907 907 908 897 898 905 897 881 921 899 884 894 894 894 884 882 904 884 911 895 879 884 884 897 909 917 930 923 897 898 911 911 932 907 903 902 939 934 906
-9999 -9999 -9999 -9999 -9999 -9999 -9999 -9999 -9999 -9999 -9999 -9999 -9999 -9999 -9999 -9999 860 874 874 868 873 847 874 871 883 874 867 864 855 847 862 883 871 874 878 865 865 871 865 892 900 900 891 878 876 907 905 905 905 905 905 897 897 897 903 894 897 903 884 887 911 894 884 914 871 909 895 879 897 913 917 919 921 897 900 923 913 925 932 924 896 925 925 922
-9999 -9999 -9999 -9999 -9999 -9999 -9999 -9999 -9999 -9999 -9999 -9999 -9999 -9999 -9999 -9999 851 864 860 860 873 847 847 867 871 874 880 867 847 847 847 862 859 874 882 878 858 870 871 868 892 899 871 899 899 905 889 905 887 899 905 907 887 884 882 882 897 906 903 903 882 897 897 882 871 894 871 881 884 897 907 886 920 897 884 923 911 932 928 919 898 915 920 906
-9999 -9999 -9999 -9999 -9999 -9999 -9999 -9999 -9999 -9999 -9999 -9999 -9999 -9999 -9999 -9999 -9999 851 864 860 859 873 859 847 867 880 880 867 864 855 862 862 859 859 892 876 869 867 871 871 871 858 868 900 871 892 891 911 903 911 897 897 905 900 906 897 897 905 897 906 897 897 911 882 902 882 868 917 909 908 915 921 920 887 907 920 911 932 928 914 902 886 920 906
-9999 -9999 -9999 -9999 -9999 -9999 -9999 -9999 -9999 -9999 -9999 -9999 -9999 -9999 -9999 -9999 824 824 850 845 840 880 872 833 870 878 874 884 876 866 852 852 859 856 871 867 876 855 842 858 858 855 887 852 858 890 877 864 879 879 905 887 887 897 912 887 897 884 902 884 906 890 899 871 884 900 908 879 884 891 914 894 891 907 905 918 918 928 928 908 912 897 925 906
-9999 -9999 -9999 -9999 -9999 -9999 -9999 -9999 -9999 -9999 -9999 -9999 -9999 -9999 838 846 853 824 853 840 865 873 859 833 866 868 874 885 876 880 879 852 852 859 862 874 876 871 864 858 858 888 885 884 858 893 884 867 898 892 877 900 897 883 887 897 897 897 912 897 897 906 893 899 876 898 871 871 917 879 917 904 928 899 919 907 920 918 921 908 887 900 925 922
-9999 -9999 -9999 -9999 -9999 -9999 -9999 -9999 -9999 -9999 -9999 -9999 840 840 855 855 824 827 847 843 846 839 845 845 863 874 874 871 862 871 875 855 882 857 859 867 867 871 874 851 873 880 883 864 911 855 877 879 879 864 907 889 897 905 892 897 899 900 897 888 901 890 897 887 871 879 871 879 882 871 925 902 907 882 926 899 909 926 934 910 887 900 917 922
-9999 -9999 -9999 -9999 -9999 -9999 -9999 -9999 -9999 -9999 -9999 -9999 845 840 833 827 847 827 847 838 839 840 845 832 859 859 859 870 873 864 865 845 883 866 862 855 861 861 862 874 874 839 890 883 898 880 890 858 870 884 864 877 866 879 887 899 890 873 888 884 900 897 902 897 902 868 871 908 868 913 871 879 921 917 924 896 918 909 907 920 887 900 915 922
-9999 -9999 -9999 -9999 -9999 -9999 -9999 -9999 -9999 -9999 -9999 832 840 840 840 833 827 834 841 840 840 840 844 845 863 863 863 870 858 871 874 888 863 879 875 862 853 853 861 861 864 883 862 859 898 887 862 858 855 858 875 866 885 909 884 887 873 887 888 888 870 902 900 897 877 876 889 882 871 912 871 879 884 886 924 926 899 903 907 903 921 900 915 921
-9999 -9999 -9999 -9999 -9999 -9999 -9999 -9999 -9999 -9999 849 829 840 844 834 834 840 840 833 834 841 824 833 845 848 858 858 858 883 864 873 862 836 879 867 874 862 855 861 861 880 862 862 883 896 888 855 874 896 870 858 870 877 866 870 900 887 870 890 877 897 870 902 887 879 876 889 868 871 892 871 871 886 879 895 924 892 918 919 903 923 885 902 917
-9999 -9999 -9999 -9999 -9999 -9999 -9999 -9999 -9999 -9999 842 853 843 850 822 835 846 847 834 840 846 845 840 846 850 847 852 863 836 852 849 865 863 859 871 870 867 881 859 870 872 883 883 859 894 874 897 855 885 842 842 870 851 866 884 874 872 892 877 900 900 870 892 887 895 902 884 868 871 896 871 871 915 871 867 918 918 922 918 884 903 915 911 885
-9999 -9999 -9999 -9999 -9999 -9999 -9999 -9999 -9999 859 834 825 840 840 857 843 845 822 835 846 820 834 834 855 862 870 862 836 862 839 846 868 873 866 856 859 846 870 862 862 858 866 867 883 862 871 891 862 870 864 864 861 858 878 862 883 874 887 872 887 884 887 900 892 889 907 871 874 871 903 868 871 871 871 893 893 892 899 921 918 884 915 918 915
-9999 -9999 -9999 -9999 -9999 -9999 -9999 -9999 -9999 829 825 829 835 835 843 855 855 855 822 836 857 834 855 841 855 859 832 841 867 832 843 863 874 859 874 851 877 857 846 846 847 866 866 870 883 859 874 855 870 862 891 842 858 869 883 880 862 888 872 858 889 872 902 889 891 889 875 874 868 864 884 896 879 904 884 911 901 892 910 882 918 898 913 913
-9999 -9999 -9999 -9999 -9999 -9999 -9999 -9999 867 855 855 834 829 815 838 838 838 812 818 829 835 857 850 866 870 846 846 841 839 852 841 856 859 863 870 863 870 874 851 859 852 870 837 868 881 883 874 858 883 874 870 849 870 850 870 862 877 877 887 877 883 887 885 887 891 874 875 874 864 864 891 891 904 917 872 877 907 922 922 889 903 929 885 898
