invasiveSpecies/multiSpecies/data/worldclim_KE/worldclim_KE_2050_BC26_Bio10.asc
ncols         347
nrows         295
xllcorner     36.068012264173
yllcorner     0.13039239511974
cellsize      0.0083333333333333
NODATA_value  -9999
[rows 148 to 184 of 295, columns 84 to 167 of 347]
-9999 -9999 -9999 -9999 -9999 -9999 -9999 -9999 -9999 -9999 -9999 -9999 -9999 -9999 -9999 -9999 -9999 -9999 -9999 -9999 -9999 -9999 -9999 -9999 -9999 -9999 -9999 -9999 -9999 -9999 -9999 -9999 -9999 -9999 -9999 -9999 -9999 -9999 -9999 -9999 -9999 256 256 252 249 247 241 236 230 230 234 238 234 225 214 211 200 205 220 232 238 242 244 250 252 255 256 257 258 259 260 260 260 260 260 259 260 261 261 261 260 260 262 261
-9999 -9999 -9999 -9999 -9999 -9999 -9999 -9999 -9999 -9999 -9999 -9999 -9999 -9999 -9999 -9999 -9999 -9999 -9999 -9999 -9999 -9999 -9999 -9999 -9999 -9999 -9999 -9999 -9999 -9999 -9999 -9999 -9999 -9999 -9999 -9999 -9999 -9999 -9999 -9999 -9999 256 253 251 249 242 238 234 229 225 229 237 234 228 221 220 211 216 209 225 234 242 244 246 251 254 255 257 258 259 259 259 260 259 260 259 260 260 260 261 260 261 261 261
-9999 -9999 -9999 -9999 -9999 -9999 -9999 -9999 -9999 -9999 -9999 -9999 -9999 -9999 -9999 -9999 -9999 -9999 -9999 -9999 -9999 -9999 -9999 -9999 -9999 -9999 -9999 -9999 -9999 -9999 -9999 -9999 -9999 -9999 -9999 -9999 -9999 -9999 -9999 -9999 -9999 256 248 249 247 240 234 228 227 225 231 234 235 235 231 227 226 221 212 217 229 234 236 236 243 240 250 256 259 259 259 259 259 259 258 259 259 259 259 260 260 260 260 260
-9999 -9999 -9999 -9999 -9999 -9999 -9999 -9999 -9999 -9999 -9999 -9999 -9999 -9999 -9999 -9999 -9999 -9999 -9999 -9999 -9999 -9999 -9999 -9999 -9999 -9999 -9999 -9999 -9999 -9999 -9999 -9999 -9999 -9999 -9999 -9999 -9999 -9999 -9999 -9999 -9999 255 247 247 243 238 239 223 225 221 227 234 232 230 231 230 224 219 212 206 224 222 225 226 237 234 245 254 257 258 258 257 257 258 257 258 258 258 259 259 259 260 260 260
-9999 -9999 -9999 -9999 -9999 -9999 -9999 -9999 -9999 -9999 -9999 -9999 -9999 -9999 -9999 -9999 -9999 -9999 -9999 -9999 -9999 -9999 -9999 -9999 -9999 -9999 -9999 -9999 -9999 -9999 -9999 -9999 -9999 -9999 -9999 -9999 -9999 -9999 -9999 -9999 -9999 255 248 248 240 234 232 228 229 226 224 229 231 229 223 218 224 201 201 193 216 207 214 218 229 227 240 251 256 257 257 257 257 256 256 258 258 258 258 259 259 260 260 261
-9999 -9999 -9999 -9999 -9999 -9999 -9999 -9999 -9999 -9999 -9999 -9999 -9999 -9999 -9999 -9999 -9999 -9999 -9999 -9999 -9999 -9999 -9999 -9999 -9999 -9999 -9999 -9999 -9999 -9999 -9999 -9999 -9999 -9999 -9999 -9999 -9999 -9999 -9999 -9999 -9999 254 253 250 242 234 224 225 227 222 217 224 216 224 218 211 214 205 189 179 194 189 206 204 216 220 232 247 254 256 255 256 256 253 254 257 257 258 258 259 259 260 260 261
-9999 -9999 -9999 -9999 -9999 -9999 -9999 -9999 -9999 -9999 -9999 -9999 -9999 -9999 -9999 -9999 -9999 -9999 -9999 -9999 -9999 -9999 -9999 -9999 -9999 -9999 -9999 -9999 -9999 -9999 -9999 -9999 -9999 -9999 -9999 -9999 -9999 -9999 -9999 -9999 -9999 -9999 253 251 245 235 230 226 226 221 214 218 225 226 220 207 203 181 179 180 193 194 183 188 202 222 242 249 253 255 254 254 253 253 255 256 256 257 257 258 259 260 261 261
-9999 -9999 -9999 -9999 -9999 -9999 -9999 -9999 -9999 -9999 -9999 -9999 -9999 -9999 -9999 -9999 -9999 -9999 -9999 -9999 -9999 -9999 -9999 -9999 -9999 -9999 -9999 -9999 -9999 -9999 -9999 -9999 -9999 -9999 -9999 -9999 -9999 -9999 -9999 -9999 -9999 -9999 253 251 248 232 223 224 224 224 208 208 216 211 217 212 191 177 176 186 204 205 194 208 223 231 239 246 251 253 252 249 252 253 254 254 255 255 257 258 259 260 260 261
-9999 -9999 -9999 -9999 -9999 -9999 -9999 -9999 -9999 -9999 -9999 -9999 -9999 -9999 -9999 -9999 -9999 -9999 -9999 -9999 -9999 -9999 -9999 -9999 -9999 -9999 -9999 -9999 -9999 -9999 -9999 -9999 -9999 -9999 -9999 -9999 -9999 -9999 -9999 -9999 -9999 -9999 252 250 245 233 222 226 225 222 212 207 214 206 209 200 186 176 174 187 201 213 199 196 200 223 231 241 245 251 248 247 250 247 250 250 253 254 256 258 258 259 260 260
-9999 -9999 -9999 -9999 -9999 -9999 -9999 -9999 -9999 -9999 -9999 -9999 -9999 -9999 -9999 -9999 -9999 -9999 -9999 -9999 -9999 -9999 -9999 -9999 -9999 -9999 -9999 -9999 -9999 -9999 -9999 -9999 -9999 -9999 -9999 -9999 -9999 -9999 -9999 -9999 -9999 -9999 254 248 241 230 222 228 227 221 218 213 220 211 205 183 175 176 173 174 189 213 214 203 184 207 224 233 241 243 243 240 236 228 237 246 249 248 254 257 258 259 259 259
-9999 -9999 -9999 -9999 -9999 -9999 -9999 -9999 -9999 -9999 -9999 -9999 -9999 -9999 -9999 -9999 -9999 -9999 -9999 -9999 -9999 -9999 -9999 -9999 -9999 -9999 -9999 -9999 -9999 -9999 -9999 -9999 -9999 -9999 -9999 -9999 -9999 -9999 -9999 -9999 -9999 253 253 244 241 230 223 228 227 227 226 223 223 217 201 184 174 174 172 174 189 211 217 206 191 184 213 224 236 237 239 234 234 230 228 231 229 239 253 257 257 259 258 259
-9999 -9999 -9999 -9999 -9999 -9999 -9999 -9999 -9999 -9999 -9999 -9999 -9999 -9999 -9999 -9999 -9999 -9999 -9999 -9999 -9999 -9999 -9999 -9999 -9999 -9999 -9999 -9999 -9999 -9999 -9999 -9999 -9999 -9999 -9999 -9999 -9999 -9999 -9999 -9999 -9999 253 252 245 242 232 225 230 230 231 230 227 224 216 197 184 172 181 175 174 184 214 219 215 206 196 205 214 227 230 232 223 230 243 248 251 237 249 253 256 257 257 258 259
-9999 -9999 -9999 -9999 -9999 -9999 -9999 -9999 -9999 -9999 -9999 -9999 -9999 -9999 -9999 -9999 -9999 -9999 -9999 -9999 -9999 -9999 -9999 -9999 -9999 -9999 -9999 -9999 -9999 -9999 -9999 -9999 -9999 -9999 -9999 -9999 -9999 -9999 -9999 -9999 253 252 251 246 240 233 236 234 235 231 228 223 217 215 200 185 179 187 187 173 183 202 219 218 206 193 181 184 202 216 218 226 235 243 250 252 249 252 255 257 257 258 258 259
-9999 -9999 -9999 -9999 -9999 -9999 -9999 -9999 -9999 -9999 -9999 -9999 -9999 -9999 -9999 -9999 -9999 -9999 -9999 -9999 -9999 -9999 -9999 -9999 -9999 -9999 -9999 -9999 -9999 -9999 -9999 -9999 -9999 -9999 -9999 -9999 -9999 -9999 -9999 -9999 252 251 251 246 242 236 239 236 235 228 226 224 216 213 196 189 181 186 193 181 182 186 216 223 211 194 183 188 201 213 228 237 238 247 252 253 254 255 256 256 257 258 258 259
-9999 -9999 -9999 -9999 -9999 -9999 -9999 -9999 -9999 -9999 -9999 -9999 -9999 -9999 -9999 -9999 -9999 -9999 -9999 -9999 -9999 -9999 -9999 -9999 -9999 -9999 -9999 -9999 -9999 -9999 -9999 -9999 -9999 -9999 -9999 -9999 -9999 -9999 -9999 -9999 252 250 250 249 243 238 235 231 230 229 228 225 220 215 210 192 189 194 203 191 185 205 215 223 217 205 194 195 198 223 233 238 246 250 252 253 254 255 256 256 256 257 258 258
-9999 -9999 -9999 -9999 -9999 -9999 -9999 -9999 -9999 -9999 -9999 -9999 -9999 -9999 -9999 -9999 -9999 -9999 -9999 -9999 -9999 -9999 -9999 -9999 -9999 -9999 -9999 -9999 -9999 -9999 -9999 -9999 -9999 -9999 -9999 -9999 -9999 -9999 -9999 -9999 -9999 250 248 245 242 233 221 227 228 227 226 223 212 210 205 194 201 193 207 197 189 196 212 225 219 211 208 200 199 223 235 235 242 245 250 252 252 253 255 255 256 257 257 258
-9999 -9999 -9999 -9999 -9999 -9999 -9999 -9999 -9999 -9999 -9999 -9999 -9999 -9999 -9999 -9999 -9999 -9999 -9999 -9999 -9999 -9999 -9999 -9999 -9999 -9999 -9999 -9999 -9999 -9999 -9999 -9999 -9999 -9999 -9999 -9999 -9999 -9999 -9999 -9999 -9999 246 246 242 236 232 218 224 227 225 222 218 205 216 213 195 208 202 201 209 191 199 210 223 226 222 214 209 207 207 221 225 234 241 248 249 252 253 254 255 256 257 257 257
-9999 -9999 -9999 -9999 -9999 -9999 -9999 -9999 -9999 -9999 -9999 -9999 -9999 -9999 -9999 -9999 -9999 -9999 -9999 -9999 -9999 -9999 -9999 -9999 -9999 -9999 -9999 -9999 -9999 -9999 -9999 -9999 -9999 -9999 -9999 -9999 -9999 -9999 -9999 -9999 -9999 251 246 242 234 230 230 227 227 226 222 213 204 214 219 206 217 211 207 218 207 198 210 219 226 222 215 214 211 213 223 230 227 243 249 250 252 250 253 255 255 256 257 257
-9999 -9999 -9999 -9999 -9999 -9999 -9999 -9999 -9999 -9999 -9999 -9999 -9999 -9999 -9999 -9999 -9999 -9999 -9999 -9999 -9999 -9999 -9999 -9999 -9999 -9999 -9999 -9999 -9999 -9999 -9999 -9999 -9999 -9999 -9999 -9999 -9999 -9999 -9999 -9999 -9999 249 247 246 238 234 233 232 230 226 224 221 207 219 222 216 211 219 214 222 208 205 206 217 227 227 221 217 213 210 225 237 246 245 247 245 247 251 251 255 255 256 256 256
-9999 -9999 -9999 -9999 -9999 -9999 -9999 -9999 -9999 -9999 -9999 -9999 -9999 -9999 -9999 -9999 -9999 -9999 -9999 -9999 -9999 -9999 -9999 -9999 -9999 -9999 -9999 -9999 -9999 -9999 -9999 -9999 -9999 -9999 -9999 -9999 -9999 -9999 -9999 -9999 -9999 250 248 246 237 233 230 228 228 226 224 221 214 219 223 223 217 223 218 227 226 217 215 218 227 227 218 209 205 216 227 230 243 241 249 249 251 252 252 253 253 255 255 256
-9999 -9999 -9999 -9999 -9999 -9999 -9999 -9999 -9999 -9999 -9999 -9999 -9999 -9999 -9999 -9999 -9999 -9999 -9999 -9999 -9999 -9999 -9999 -9999 -9999 -9999 -9999 -9999 -9999 -9999 -9999 -9999 -9999 -9999 -9999 -9999 -9999 -9999 -9999 -9999 -9999 -9999 246 245 235 231 229 225 226 225 224 222 220 219 223 226 215 221 224 225 227 225 224 221 227 226 218 214 215 220 220 230 234 241 247 246 248 240 233 241 251 253 254 255
-9999 -9999 -9999 -9999 -9999 -9999 -9999 -9999 -9999 -9999 -9999 -9999 -9999 -9999 -9999 -9999 -9999 -9999 -9999 -9999 -9999 -9999 -9999 -9999 -9999 -9999 -9999 -9999 -9999 -9999 -9999 -9999 -9999 -9999 -9999 -9999 -9999 -9999 -9999 -9999 -9999 -9999 245 242 236 230 228 229 227 225 225 223 221 218 221 226 219 225 225 226 228 227 229 229 228 226 226 222 223 222 224 225 222 230 239 237 241 234 230 229 238 243 252 253
-9999 -9999 -9999 -9999 -9999 -9999 -9999 -9999 -9999 -9999 -9999 -9999 -9999 -9999 -9999 -9999 -9999 -9999 -9999 -9999 -9999 -9999 -9999 -9999 -9999 -9999 -9999 -9999 -9999 -9999 -9999 -9999 -9999 -9999 -9999 -9999 -9999 -9999 -9999 -9999 -9999 248 247 243 239 233 232 228 225 224 224 223 221 224 224 227 225 224 227 228 229 229 228 225 217 220 221 220 222 218 213 210 199 216 230 227 227 219 222 241 242 242 249 251
-9999 -9999 -9999 -9999 -9999 -9999 -9999 -9999 -9999 -9999 -9999 -9999 -9999 -9999 -9999 -9999 -9999 -9999 -9999 -9999 -9999 -9999 -9999 -9999 -9999 -9999 -9999 -9999 -9999 -9999 -9999 -9999 -9999 -9999 -9999 -9999 -9999 -9999 -9999 -9999 -9999 244 243 241 235 232 231 229 222 221 221 223 226 225 226 228 228 227 228 229 229 228 225 219 212 212 214 212 218 206 196 205 193 200 205 210 218 218 224 233 232 228 233 249
-9999 -9999 -9999 -9999 -9999 -9999 -9999 -9999 -9999 -9999 -9999 -9999 -9999 -9999 -9999 -9999 -9999 -9999 -9999 -9999 -9999 -9999 -9999 -9999 -9999 -9999 -9999 -9999 -9999 -9999 -9999 -9999 -9999 -9999 -9999 -9999 -9999 -9999 -9999 -9999 -9999 244 243 241 234 232 230 228 226 216 222 224 227 226 227 229 231 231 230 230 228 227 224 217 207 199 206 198 213 209 192 200 193 204 221 222 220 232 226 219 218 223 226 249
-9999 -9999 -9999 -9999 -9999 -9999 -9999 -9999 -9999 -9999 -9999 -9999 -9999 -9999 -9999 -9999 -9999 -9999 -9999 -9999 -9999 -9999 -9999 -9999 -9999 -9999 -9999 -9999 -9999 -9999 -9999 -9999 -9999 -9999 -9999 -9999 -9999 -9999 -9999 -9999 244 245 241 240 237 231 230 228 228 225 225 227 228 231 228 231 230 229 225 226 228 226 222 216 191 194 200 194 196 204 188 196 196 213 226 234 230 245 245 239 230 226 232 247
-9999 -9999 -9999 -9999 -9999 -9999 -9999 -9999 -9999 -9999 -9999 -9999 -9999 -9999 -9999 -9999 -9999 -9999 -9999 -9999 -9999 -9999 -9999 -9999 -9999 -9999 -9999 -9999 -9999 -9999 -9999 -9999 -9999 -9999 -9999 -9999 -9999 -9999 -9999 -9999 243 244 242 240 238 234 232 231 230 229 228 227 229 231 232 233 230 228 226 221 225 226 221 215 205 190 188 188 185 198 187 193 202 221 236 241 240 248 249 247 229 214 217 239
-9999 -9999 -9999 -9999 -9999 -9999 -9999 -9999 -9999 -9999 -9999 -9999 -9999 -9999 -9999 -9999 -9999 -9999 -9999 -9999 -9999 -9999 -9999 -9999 -9999 -9999 -9999 -9999 -9999 -9999 -9999 -9999 -9999 -9999 -9999 -9999 -9999 -9999 -9999 -9999 241 242 242 240 237 232 234 233 232 233 231 228 230 230 232 230 229 227 219 212 218 223 223 216 208 199 191 188 180 191 204 200 214 225 236 245 248 249 251 250 242 225 241 253
-9999 -9999 -9999 -9999 -9999 -9999 -9999 -9999 -9999 -9999 -9999 -9999 -9999 -9999 -9999 -9999 -9999 -9999 -9999 -9999 -9999 -9999 -9999 -9999 -9999 -9999 -9999 -9999 -9999 -9999 -9999 -9999 -9999 -9999 -9999 -9999 -9999 -9999 -9999 -9999 -9999 240 244 240 236 235 236 235 233 235 233 232 233 232 233 228 225 226 220 207 218 217 221 218 215 211 200 186 185 204 214 219 219 224 236 246 250 250 252 253 252 248 247 254
-9999 -9999 -9999 -9999 -9999 -9999 -9999 -9999 -9999 -9999 -9999 -9999 -9999 -9999 -9999 -9999 -9999 -9999 -9999 -9999 -9999 -9999 -9999 -9999 -9999 -9999 -9999 -9999 -9999 -9999 -9999 -9999 -9999 -9999 -9999 -9999 -9999 -9999 -9999 -9999 -9999 239 241 240 240 240 238 237 235 236 235 236 234 234 233 230 228 227 225 220 211 212 216 220 217 212 204 198 187 203 216 229 232 227 235 244 252 253 254 254 255 255 255 255
-9999 -9999 -9999 -9999 -9999 -9999 -9999 -9999 -9999 -9999 -9999 -9999 -9999 -9999 -9999 -9999 -9999 -9999 -9999 -9999 -9999 -9999 -9999 -9999 -9999 -9999 -9999 -9999 -9999 -9999 -9999 -9999 -9999 -9999 242 240 -9999 -9999 -9999 -9999 -9999 237 238 240 240 241 241 240 237 238 236 236 233 233 232 230 229 228 226 224 220 219 217 207 212 214 213 205 195 212 223 231 241 244 231 238 250 254 254 255 256 257 257 258
-9999 -9999 -9999 -9999 -9999 -9999 -9999 -9999 -9999 -9999 -9999 -9999 -9999 -9999 -9999 -9999 -9999 -9999 -9999 -9999 -9999 -9999 -9999 -9999 -9999 -9999 -9999 -9999 -9999 -9999 -9999 -9999 -9999 241 240 239 238 -9999 -9999 -9999 -9999 236 237 237 237 240 239 238 236 236 234 234 233 231 231 231 230 228 227 226 224 224 221 215 209 212 210 206 208 222 227 231 243 249 249 238 251 253 255 255 256 257 257 258
-9999 -9999 -9999 -9999 -9999 -9999 -9999 -9999 -9999 -9999 -9999 -9999 -9999 -9999 -9999 -9999 -9999 -9999 -9999 -9999 -9999 -9999 -9999 -9999 -9999 -9999 -9999 -9999 -9999 -9999 -9999 -9999 -9999 239 238 238 237 235 -9999 -9999 -9999 234 235 235 236 237 237 237 235 234 233 233 232 230 230 231 229 228 228 227 226 225 224 217 212 207 208 208 226 226 237 235 249 251 249 239 250 254 255 256 256 257 258 258
-9999 -9999 -9999 -9999 -9999 -9999 -9999 -9999 -9999 -9999 -9999 -9999 -9999 -9999 -9999 -9999 -9999 -9999 -9999 -9999 -9999 -9999 -9999 -9999 -9999 -9999 -9999 -9999 -9999 -9999 -9999 -9999 -9999 238 235 236 237 234 -9999 -9999 235 234 234 233 234 236 236 235 234 234 232 230 230 228 228 228 228 227 227 226 225 223 224 220 212 206 207 217 230 237 245 246 249 252 251 236 250 253 256 256 257 257 258 258
-9999 -9999 -9999 -9999 -9999 -9999 -9999 -9999 -9999 -9999 -9999 -9999 -9999 -9999 -9999 -9999 -9999 -9999 -9999 -9999 -9999 -9999 -9999 -9999 -9999 -9999 -9999 -9999 -9999 -9999 -9999 -9999 -9999 238 236 234 235 235 231 -9999 -9999 233 232 232 232 232 235 234 232 233 231 228 228 228 227 226 227 226 226 225 218 217 214 213 218 204 200 214 226 239 247 249 250 252 253 252 254 255 256 257 257 257 257 257
-9999 -9999 -9999 -9999 -9999 -9999 -9999 -9999 -9999 -9999 -9999 -9999 -9999 -9999 -9999 -9999 -9999 -9999 -9999 -9999 -9999 -9999 -9999 -9999 -9999 -9999 -9999 -9999 -9999 -9999 -9999 -9999 -9999 239 235 235 233 233 232 -9999 234 233 231 232 231 230 233 233 231 232 231 229 227 227 226 226 226 226 227 226 222 223 223 214 215 211 201 210 224 245 249 250 252 253 253 254 255 255 256 256 257 256 257 257
-9999 -9999 -9999 -9999 -9999 -9999 -9999 -9999 -9999 -9999 -9999 -9999 -9999 -9999 -9999 -9999 -9999 -9999 -9999 -9999 -9999 -9999 -9999 -9999 -9999 -9999 -9999 -9999 -9999 -9999 -9999 -9999 -9999 238 237 235 232 231 231 230 232 233 231 230 228 230 231 232 231 230 230 229 227 227 227 226 227 226 227 228 226 225 225 226 225 224 215 210 226 230 247 251 252 253 254 254 255 255 256 256 256 257 257 256
