invasiveSpecies/multiSpecies/data/worldclim_KE/worldclim_KE_2050_BC26_Bio16.asc
ncols         347
nrows         295
xllcorner     36.068012264173
yllcorner     0.13039239511974
cellsize      0.0083333333333333
NODATA_value  -9999
[rows 111 to 147 of 295, columns 168 to 251 of 347]
-9999 -9999 -9999 -9999 -9999 -9999 -9999 208 208 207 207 192 189 189 189 189 189 189 190 195 202 221 191 199 200 195 188 193 203 254 204 188 187 186 186 185 185 185 185 185 184 186 189 191 191 190 190 194 194 195 196 195 192 192 192 192 192 192 191 193 191 190 187 187 183 183 177 177 177 179 179 178 175 175 175 178 179 178 177 177 175 174 174 173
-9999 -9999 -9999 -9999 -9999 -9999 -9999 208 208 208 207 193 191 189 191 191 190 190 190 197 197 193 191 199 200 200 189 193 227 265 191 188 187 186 186 186 186 186 186 185 185 186 189 190 189 189 189 193 194 194 194 195 192 192 191 192 192 190 190 189 191 187 186 184 178 177 177 177 176 176 175 177 179 179 175 174 174 177 177 175 173 173 173 173
-9999 -9999 -9999 -9999 -9999 -9999 210 207 203 208 196 193 191 197 191 191 191 190 190 193 193 192 192 201 193 189 189 193 232 199 191 190 188 187 186 187 187 187 187 187 187 187 188 190 189 189 189 193 194 194 191 190 191 191 191 191 190 190 190 188 187 187 186 184 179 178 180 180 180 179 179 179 179 179 179 177 173 173 173 172 172 173 173 173
-9999 -9999 -9999 -9999 -9999 211 211 211 209 209 198 195 192 193 192 192 192 192 192 194 192 192 200 193 190 189 189 194 213 211 193 190 187 188 186 187 187 187 187 187 187 188 189 190 188 189 189 194 194 192 185 185 186 191 191 191 192 191 190 187 187 187 186 179 183 183 183 181 180 180 179 179 179 179 179 177 177 172 172 172 172 172 173 173
-9999 -9999 -9999 -9999 -9999 212 211 211 211 211 209 196 195 196 192 192 192 192 192 193 192 195 205 193 191 191 192 197 210 198 194 190 189 188 187 187 187 187 187 187 188 189 189 191 192 192 191 194 194 186 185 185 184 184 192 192 192 193 188 179 179 179 187 186 184 183 183 182 181 180 180 180 180 179 179 177 177 177 172 172 172 172 173 173
-9999 -9999 -9999 -9999 214 214 213 214 212 210 212 198 196 196 194 193 192 192 193 195 194 195 198 193 191 194 193 197 210 240 196 192 189 189 187 189 187 188 188 188 189 191 191 193 192 191 191 193 187 187 200 187 184 183 196 192 181 181 181 179 186 187 187 187 187 185 184 184 183 182 182 180 180 180 179 177 177 177 172 172 172 172 173 173
-9999 -9999 214 215 215 215 216 215 216 214 213 213 202 202 197 194 195 195 195 197 197 195 196 193 192 192 193 198 211 251 203 192 190 189 189 189 189 190 191 190 190 195 193 192 187 186 188 191 187 192 210 190 182 193 193 190 185 190 179 189 188 187 188 188 188 186 185 184 184 182 181 180 180 180 179 179 177 177 177 172 172 172 173 173
216 214 215 217 217 218 219 219 218 217 215 215 211 207 200 197 197 197 200 201 197 195 196 195 192 192 193 201 203 247 196 194 190 190 189 189 193 217 197 191 191 196 190 188 186 184 184 186 186 194 221 197 182 181 191 181 190 190 190 190 190 189 189 188 188 187 187 185 184 182 182 181 180 180 179 179 177 177 172 172 172 173 173 173
217 217 217 218 218 222 223 221 219 218 217 216 216 216 205 208 199 198 202 199 198 199 197 196 192 193 196 198 209 219 203 194 192 190 190 189 196 204 198 199 196 190 188 188 185 185 184 186 184 194 206 185 181 181 181 181 193 191 190 190 190 190 191 191 189 188 188 186 184 184 182 181 180 179 179 173 174 172 174 173 173 173 173 173
221 220 218 219 222 223 223 223 219 219 218 215 215 216 215 205 207 199 202 199 198 200 199 195 195 195 196 201 206 250 200 196 192 190 191 191 193 203 199 194 191 190 191 188 185 185 184 183 183 183 183 183 193 194 193 193 193 194 193 193 191 191 191 191 190 189 188 186 185 184 182 182 180 179 178 176 175 176 174 173 173 173 173 177
224 221 223 222 225 225 226 223 221 219 217 215 211 210 215 205 203 200 202 202 200 204 199 196 197 196 197 199 219 204 198 194 192 193 193 193 194 195 194 193 193 192 190 188 187 186 185 184 183 183 183 196 196 195 195 194 194 195 194 194 193 192 192 192 191 190 188 187 187 186 184 183 183 181 178 176 176 176 174 173 173 174 173 181
239 232 228 224 224 226 226 225 223 221 219 217 210 208 205 205 203 201 204 203 203 207 199 197 200 196 198 201 219 200 195 194 193 194 193 193 194 194 194 194 194 191 191 188 186 186 186 185 183 183 194 198 197 197 197 194 194 195 195 195 195 193 193 192 191 190 188 187 188 187 187 187 184 183 179 178 177 176 174 173 173 173 173 183
244 236 229 226 227 229 230 228 227 225 224 221 212 208 206 219 206 204 207 204 203 204 199 199 200 199 200 201 217 199 195 194 193 196 193 197 195 197 194 194 194 191 189 188 187 186 186 185 183 184 197 197 197 197 197 197 194 196 198 197 196 196 195 193 191 189 188 189 190 189 187 187 184 183 180 178 176 176 174 174 174 173 179 184
294 249 233 229 230 230 230 229 228 227 229 224 214 208 209 219 220 208 206 206 205 204 202 200 201 200 200 199 197 197 195 195 196 197 196 197 197 197 194 194 192 191 189 188 187 186 186 184 186 195 197 197 199 197 197 197 197 198 198 199 197 197 195 193 190 189 189 190 190 190 188 187 184 184 180 175 175 176 174 174 174 174 183 184
278 287 237 233 235 234 230 232 229 229 229 230 227 213 211 221 212 210 209 210 207 203 203 201 204 200 201 198 199 197 195 195 196 200 197 197 197 195 194 192 191 189 189 188 187 186 186 185 187 195 201 201 200 197 198 199 201 198 199 201 199 198 196 194 190 189 190 191 191 191 190 187 187 186 181 175 176 174 174 174 174 174 186 185
244 249 242 235 235 238 236 236 233 232 230 230 228 224 216 221 213 210 210 210 210 206 204 203 204 201 202 200 205 199 195 195 196 197 197 197 195 195 193 192 191 189 191 191 188 186 185 185 194 196 197 200 199 197 198 205 206 202 201 201 199 197 197 197 193 192 194 194 194 191 190 187 187 177 182 175 177 174 174 174 173 185 186 188
240 233 236 237 237 240 238 236 235 233 233 234 230 231 229 224 216 212 212 212 210 207 206 204 203 202 200 200 203 198 195 197 200 200 200 197 196 195 193 192 192 191 192 191 188 186 185 185 187 186 196 196 197 197 199 206 210 204 203 202 201 197 198 197 193 194 195 197 196 195 192 190 187 175 175 175 174 174 174 174 187 188 188 188
227 229 234 236 237 242 243 238 236 234 234 235 233 233 232 231 229 227 212 211 210 208 206 205 203 204 202 202 202 199 195 199 205 200 201 199 197 195 194 193 192 191 189 188 186 186 186 185 183 183 195 196 195 196 200 203 203 204 202 202 201 197 197 197 194 194 194 195 197 195 191 191 182 175 175 175 173 174 174 174 188 188 188 185
224 229 233 235 237 242 240 238 238 238 238 239 235 235 233 231 231 230 230 228 210 207 207 206 205 205 202 202 200 199 198 199 203 202 204 203 199 197 195 194 192 192 191 189 189 189 193 182 182 182 182 182 182 185 197 200 200 201 201 201 199 196 193 193 193 194 194 194 176 176 174 175 175 175 175 174 173 173 173 188 188 188 188 187
226 229 233 234 236 238 239 238 238 238 238 240 236 235 234 232 231 231 229 228 213 210 208 206 206 205 203 202 201 199 199 199 202 203 202 201 197 197 195 195 192 192 189 189 188 186 186 182 182 182 182 182 182 182 179 197 197 200 200 201 197 196 185 193 193 177 176 178 176 175 176 176 189 174 174 174 173 173 173 188 188 188 188 187
223 229 231 232 233 236 236 237 235 236 237 238 237 236 235 232 232 231 229 224 214 209 207 206 204 206 204 203 203 203 203 203 203 202 200 200 199 200 198 196 196 192 192 189 188 185 185 185 183 182 181 181 182 181 179 187 194 194 196 197 178 179 178 176 176 176 185 184 193 194 196 194 187 174 173 173 173 173 191 190 191 189 188 187
224 228 229 230 232 232 233 233 234 235 235 238 239 236 232 231 230 230 221 213 210 208 208 205 204 204 204 203 203 200 200 202 203 204 211 208 208 199 200 196 196 195 192 192 189 186 185 183 182 182 181 181 181 181 179 179 179 179 179 179 178 178 176 176 176 192 192 193 193 194 196 194 192 174 173 173 173 174 191 191 191 189 179 162
219 224 228 229 229 230 230 231 229 230 235 238 238 236 231 229 229 228 216 217 210 207 206 205 204 204 203 203 203 199 199 199 212 214 211 210 202 197 195 195 192 192 191 189 189 186 182 181 181 182 181 181 181 179 179 179 179 179 179 178 178 176 176 176 176 176 176 193 195 195 194 194 176 174 173 173 173 176 177 192 192 166 165 162
218 221 227 228 229 230 229 230 228 228 233 238 236 235 231 229 225 215 214 228 208 207 206 204 202 204 202 201 201 199 198 199 200 210 210 208 199 199 195 192 195 192 189 188 186 184 182 182 183 182 181 180 179 179 179 178 178 178 178 178 178 179 177 176 176 176 176 177 193 195 195 194 177 185 176 173 173 195 185 193 192 168 166 164
218 222 227 226 228 229 231 224 225 229 233 236 235 233 231 228 227 211 210 210 207 206 204 204 201 201 202 201 199 198 196 197 199 209 209 207 206 204 199 196 191 191 189 188 184 182 183 185 185 181 181 180 181 181 180 179 179 178 179 179 179 179 177 176 177 176 176 177 183 196 196 195 197 194 176 173 176 195 196 196 195 194 177 166
218 223 225 222 224 228 223 219 225 228 229 230 231 231 230 228 226 210 207 207 207 204 204 201 201 200 201 200 200 196 195 194 195 200 205 205 206 204 202 200 191 187 187 187 184 184 183 185 183 181 181 180 181 181 180 180 179 178 179 179 179 179 179 178 178 177 177 177 177 195 197 198 198 198 177 177 178 195 196 199 199 197 193 168
226 226 227 219 219 224 220 217 223 225 225 227 228 229 228 227 210 208 207 206 205 203 203 201 200 198 199 197 198 196 196 194 193 197 197 197 194 192 199 200 198 188 187 184 184 184 184 185 185 183 180 181 182 181 181 184 180 179 179 179 179 179 179 180 179 179 179 179 177 179 198 198 200 199 198 196 196 196 197 199 205 199 197 171
228 228 227 223 218 217 216 215 219 224 226 227 229 228 225 225 225 208 206 204 203 203 200 200 200 197 196 196 195 195 194 194 192 195 195 193 192 191 190 190 199 192 187 186 184 184 186 187 185 183 181 181 183 184 194 194 181 181 181 180 180 179 180 180 180 179 179 179 179 179 198 198 199 198 198 198 198 196 199 204 207 204 199 185
224 226 226 224 221 217 214 213 223 224 226 230 229 227 224 224 221 208 206 204 203 202 199 199 198 196 196 194 194 193 193 192 191 193 192 192 190 190 190 188 198 192 187 185 184 184 187 185 183 183 181 188 193 184 195 190 181 181 181 181 181 182 182 182 181 180 180 180 180 180 180 198 198 198 189 198 198 198 199 201 206 203 200 196
214 225 224 224 223 222 221 214 223 223 224 231 226 225 223 222 221 217 208 206 204 202 203 200 200 199 196 194 192 191 191 191 190 192 189 189 189 188 186 186 186 186 185 185 184 183 187 182 182 181 181 194 188 198 197 190 183 182 182 182 182 185 184 183 182 182 181 181 180 180 180 180 185 180 177 177 196 198 199 199 202 199 197 195
211 211 209 223 221 221 221 221 211 219 219 220 222 222 220 223 220 220 219 209 206 216 195 195 200 195 192 192 192 191 191 191 189 188 189 189 188 188 187 186 186 186 185 185 185 186 183 181 180 181 184 196 188 199 198 185 185 184 182 182 183 185 185 183 186 184 182 182 182 180 179 179 179 179 177 177 185 197 199 200 198 196 183 168
210 209 207 207 208 207 207 220 211 208 209 211 216 218 218 216 212 208 203 200 198 194 194 194 193 192 192 192 192 190 190 190 189 191 190 188 188 188 187 187 188 187 189 187 185 186 181 181 183 199 197 197 201 201 199 187 186 184 183 184 185 187 185 185 187 185 183 183 182 182 181 179 179 179 177 177 176 197 197 195 195 194 181 168
210 209 210 207 206 206 206 207 207 203 203 202 216 217 216 215 212 212 209 208 207 194 194 194 193 193 193 194 192 190 190 191 191 191 192 191 189 188 189 189 190 188 186 186 185 181 181 190 191 199 199 201 201 201 199 189 188 185 184 184 187 188 187 186 186 186 186 186 183 182 181 180 179 180 183 181 176 174 193 194 174 194 189 187
210 210 209 207 208 206 205 203 203 206 206 201 200 215 214 197 206 211 195 193 193 197 194 194 194 193 195 197 194 192 191 191 191 192 192 193 189 189 189 189 190 193 184 184 183 181 186 191 199 199 199 202 201 202 200 196 189 201 186 188 188 189 189 189 187 186 187 185 184 183 181 181 183 196 195 177 176 173 174 172 172 170 169 168
212 210 210 211 208 206 206 206 209 207 207 208 206 200 198 198 196 195 195 195 201 197 210 194 194 194 197 201 194 194 192 191 191 192 192 196 192 191 191 190 192 192 188 182 181 184 186 196 200 199 196 202 203 203 202 192 190 192 187 186 189 190 190 190 190 190 187 186 185 183 183 184 184 187 195 179 177 175 172 171 171 170 169 168
213 213 213 212 210 209 208 208 207 207 209 208 204 199 198 204 199 195 195 204 211 211 211 194 196 196 202 201 197 194 194 194 194 195 195 196 195 193 191 190 192 190 188 184 185 195 207 203 203 200 202 203 203 203 196 192 196 193 188 188 191 193 190 190 190 191 189 187 187 185 183 191 196 195 195 195 194 175 176 171 171 186 168 168
216 214 213 212 211 209 209 208 209 207 206 209 206 198 200 204 207 203 216 215 214 201 197 195 198 199 204 203 195 197 194 194 195 196 195 198 197 193 191 191 192 192 186 183 188 207 207 205 205 204 202 204 205 204 195 193 196 190 189 189 189 193 193 192 191 190 189 187 187 185 198 197 196 197 196 196 191 184 176 176 186 168 168 167
