invasiveSpecies/multiSpecies/data/worldclim_KE/worldclim_KE_2050_BC85_Bio13.asc
ncols         347
nrows         295
xllcorner     36.068012264173
yllcorner     0.13039239511974
cellsize      0.0083333333333333
NODATA_value  -9999
[rows 148 to 184 of 295, columns 84 to 167 of 347]
-9999 -9999 -9999 -9999 -9999 -9999 -9999 -9999 -9999 -9999 -9999 -9999 -9999 -9999 -9999 -9999 -9999 -9999 -9999 -9999 -9999 -9999 -9999 -9999 -9999 -9999 -9999 -9999 -9999 -9999 -9999 -9999 -9999 -9999 -9999 -9999 -9999 -9999 -9999 -9999 -9999 138 140 146 150 155 166 174 184 185 181 175 182 194 200 200 196 200 204 192 180 176 170 160 158 152 150 148 147 146 145 145 145 145 146 147 146 145 145 145 147 148 145 146
-9999 -9999 -9999 -9999 -9999 -9999 -9999 -9999 -9999 -9999 -9999 -9999 -9999 -9999 -9999 -9999 -9999 -9999 -9999 -9999 -9999 -9999 -9999 -9999 -9999 -9999 -9999 -9999 -9999 -9999 -9999 -9999 -9999 -9999 -9999 -9999 -9999 -9999 -9999 -9999 -9999 139 144 147 150 163 169 177 187 191 188 178 182 191 199 201 202 203 204 201 189 176 170 168 160 153 150 149 148 146 145 146 146 146 147 148 146 146 146 146 146 146 146 147
-9999 -9999 -9999 -9999 -9999 -9999 -9999 -9999 -9999 -9999 -9999 -9999 -9999 -9999 -9999 -9999 -9999 -9999 -9999 -9999 -9999 -9999 -9999 -9999 -9999 -9999 -9999 -9999 -9999 -9999 -9999 -9999 -9999 -9999 -9999 -9999 -9999 -9999 -9999 -9999 -9999 139 150 150 155 166 176 186 188 191 185 181 180 182 189 194 197 202 205 206 197 189 187 187 175 181 161 151 147 147 146 148 148 148 149 149 147 147 148 146 147 147 147 148
-9999 -9999 -9999 -9999 -9999 -9999 -9999 -9999 -9999 -9999 -9999 -9999 -9999 -9999 -9999 -9999 -9999 -9999 -9999 -9999 -9999 -9999 -9999 -9999 -9999 -9999 -9999 -9999 -9999 -9999 -9999 -9999 -9999 -9999 -9999 -9999 -9999 -9999 -9999 -9999 -9999 141 153 154 162 170 170 191 191 195 191 182 185 190 188 192 200 204 206 204 205 207 205 204 187 193 172 153 149 149 147 150 151 150 151 150 149 150 149 149 149 149 148 148
-9999 -9999 -9999 -9999 -9999 -9999 -9999 -9999 -9999 -9999 -9999 -9999 -9999 -9999 -9999 -9999 -9999 -9999 -9999 -9999 -9999 -9999 -9999 -9999 -9999 -9999 -9999 -9999 -9999 -9999 -9999 -9999 -9999 -9999 -9999 -9999 -9999 -9999 -9999 -9999 -9999 141 152 152 168 177 181 186 187 192 194 190 188 192 199 203 200 199 199 195 209 207 212 212 201 205 183 159 151 150 150 151 151 153 153 150 150 150 150 150 149 148 147 146
-9999 -9999 -9999 -9999 -9999 -9999 -9999 -9999 -9999 -9999 -9999 -9999 -9999 -9999 -9999 -9999 -9999 -9999 -9999 -9999 -9999 -9999 -9999 -9999 -9999 -9999 -9999 -9999 -9999 -9999 -9999 -9999 -9999 -9999 -9999 -9999 -9999 -9999 -9999 -9999 -9999 142 144 150 163 177 190 190 190 195 199 195 201 197 202 202 204 201 190 186 196 193 208 208 213 213 198 169 154 151 153 153 153 159 156 152 152 151 151 149 149 147 148 147
-9999 -9999 -9999 -9999 -9999 -9999 -9999 -9999 -9999 -9999 -9999 -9999 -9999 -9999 -9999 -9999 -9999 -9999 -9999 -9999 -9999 -9999 -9999 -9999 -9999 -9999 -9999 -9999 -9999 -9999 -9999 -9999 -9999 -9999 -9999 -9999 -9999 -9999 -9999 -9999 -9999 -9999 145 147 159 176 183 190 192 196 199 200 196 196 202 200 197 183 184 186 196 197 191 196 208 212 180 164 158 153 155 155 156 159 155 154 153 152 151 150 149 148 146 146
-9999 -9999 -9999 -9999 -9999 -9999 -9999 -9999 -9999 -9999 -9999 -9999 -9999 -9999 -9999 -9999 -9999 -9999 -9999 -9999 -9999 -9999 -9999 -9999 -9999 -9999 -9999 -9999 -9999 -9999 -9999 -9999 -9999 -9999 -9999 -9999 -9999 -9999 -9999 -9999 -9999 -9999 145 149 154 181 192 192 193 195 195 196 201 201 203 203 188 181 182 189 205 206 199 210 209 200 184 172 162 158 159 167 161 158 156 156 156 155 152 150 149 148 147 146
-9999 -9999 -9999 -9999 -9999 -9999 -9999 -9999 -9999 -9999 -9999 -9999 -9999 -9999 -9999 -9999 -9999 -9999 -9999 -9999 -9999 -9999 -9999 -9999 -9999 -9999 -9999 -9999 -9999 -9999 -9999 -9999 -9999 -9999 -9999 -9999 -9999 -9999 -9999 -9999 -9999 -9999 146 151 159 179 192 191 193 196 197 195 201 196 201 194 184 181 181 190 201 210 202 201 206 212 200 182 174 162 167 172 163 170 164 166 160 158 155 151 150 148 148 148
-9999 -9999 -9999 -9999 -9999 -9999 -9999 -9999 -9999 -9999 -9999 -9999 -9999 -9999 -9999 -9999 -9999 -9999 -9999 -9999 -9999 -9999 -9999 -9999 -9999 -9999 -9999 -9999 -9999 -9999 -9999 -9999 -9999 -9999 -9999 -9999 -9999 -9999 -9999 -9999 -9999 -9999 144 153 165 183 194 189 191 197 200 200 201 201 197 181 178 179 181 182 192 210 213 207 193 213 210 197 183 179 179 187 195 212 194 174 169 170 158 153 151 148 148 149
-9999 -9999 -9999 -9999 -9999 -9999 -9999 -9999 -9999 -9999 -9999 -9999 -9999 -9999 -9999 -9999 -9999 -9999 -9999 -9999 -9999 -9999 -9999 -9999 -9999 -9999 -9999 -9999 -9999 -9999 -9999 -9999 -9999 -9999 -9999 -9999 -9999 -9999 -9999 -9999 -9999 144 144 161 165 185 194 188 191 193 195 199 200 203 194 181 178 179 180 182 191 210 213 210 198 196 216 213 193 191 187 200 201 209 213 208 211 193 159 153 151 149 150 149
-9999 -9999 -9999 -9999 -9999 -9999 -9999 -9999 -9999 -9999 -9999 -9999 -9999 -9999 -9999 -9999 -9999 -9999 -9999 -9999 -9999 -9999 -9999 -9999 -9999 -9999 -9999 -9999 -9999 -9999 -9999 -9999 -9999 -9999 -9999 -9999 -9999 -9999 -9999 -9999 -9999 144 147 158 164 181 192 186 188 188 190 194 200 203 191 179 177 181 181 182 188 212 212 214 212 204 213 218 210 205 202 218 206 180 170 164 196 168 159 155 151 151 150 149
-9999 -9999 -9999 -9999 -9999 -9999 -9999 -9999 -9999 -9999 -9999 -9999 -9999 -9999 -9999 -9999 -9999 -9999 -9999 -9999 -9999 -9999 -9999 -9999 -9999 -9999 -9999 -9999 -9999 -9999 -9999 -9999 -9999 -9999 -9999 -9999 -9999 -9999 -9999 -9999 144 146 147 156 168 180 178 181 181 188 193 200 202 203 192 181 178 185 187 181 187 204 213 214 210 201 193 197 213 221 221 213 197 179 164 162 168 161 156 152 151 151 150 149
-9999 -9999 -9999 -9999 -9999 -9999 -9999 -9999 -9999 -9999 -9999 -9999 -9999 -9999 -9999 -9999 -9999 -9999 -9999 -9999 -9999 -9999 -9999 -9999 -9999 -9999 -9999 -9999 -9999 -9999 -9999 -9999 -9999 -9999 -9999 -9999 -9999 -9999 -9999 -9999 146 148 149 158 165 176 172 178 181 192 197 200 204 204 189 185 180 185 192 184 186 191 215 212 215 203 195 200 214 222 211 192 191 171 162 159 157 156 154 153 153 152 151 149
-9999 -9999 -9999 -9999 -9999 -9999 -9999 -9999 -9999 -9999 -9999 -9999 -9999 -9999 -9999 -9999 -9999 -9999 -9999 -9999 -9999 -9999 -9999 -9999 -9999 -9999 -9999 -9999 -9999 -9999 -9999 -9999 -9999 -9999 -9999 -9999 -9999 -9999 -9999 -9999 147 150 151 152 164 174 180 187 190 191 195 199 204 205 203 187 185 190 202 191 188 207 215 212 217 212 204 207 212 217 200 191 173 165 162 159 156 156 154 154 153 152 151 151
-9999 -9999 -9999 -9999 -9999 -9999 -9999 -9999 -9999 -9999 -9999 -9999 -9999 -9999 -9999 -9999 -9999 -9999 -9999 -9999 -9999 -9999 -9999 -9999 -9999 -9999 -9999 -9999 -9999 -9999 -9999 -9999 -9999 -9999 -9999 -9999 -9999 -9999 -9999 -9999 -9999 149 154 160 167 184 198 193 192 195 197 200 203 202 199 188 196 190 205 196 191 199 213 211 216 217 217 211 212 219 198 198 183 175 165 160 159 158 156 155 153 152 152 151
-9999 -9999 -9999 -9999 -9999 -9999 -9999 -9999 -9999 -9999 -9999 -9999 -9999 -9999 -9999 -9999 -9999 -9999 -9999 -9999 -9999 -9999 -9999 -9999 -9999 -9999 -9999 -9999 -9999 -9999 -9999 -9999 -9999 -9999 -9999 -9999 -9999 -9999 -9999 -9999 -9999 158 158 166 178 184 198 196 195 198 202 204 196 206 206 189 204 198 200 209 192 201 213 213 210 216 219 219 219 220 221 216 200 186 170 167 160 159 157 154 153 153 153 152
-9999 -9999 -9999 -9999 -9999 -9999 -9999 -9999 -9999 -9999 -9999 -9999 -9999 -9999 -9999 -9999 -9999 -9999 -9999 -9999 -9999 -9999 -9999 -9999 -9999 -9999 -9999 -9999 -9999 -9999 -9999 -9999 -9999 -9999 -9999 -9999 -9999 -9999 -9999 -9999 -9999 149 158 166 181 189 190 194 195 198 202 203 195 206 207 202 209 208 207 212 209 201 213 216 210 216 220 220 222 223 220 209 215 180 166 164 162 165 160 155 154 154 153 152
-9999 -9999 -9999 -9999 -9999 -9999 -9999 -9999 -9999 -9999 -9999 -9999 -9999 -9999 -9999 -9999 -9999 -9999 -9999 -9999 -9999 -9999 -9999 -9999 -9999 -9999 -9999 -9999 -9999 -9999 -9999 -9999 -9999 -9999 -9999 -9999 -9999 -9999 -9999 -9999 -9999 154 157 159 175 183 185 187 192 198 200 204 199 207 206 208 207 211 211 211 210 208 210 217 210 210 218 221 222 222 217 192 174 175 172 175 172 164 163 156 154 153 153 153
-9999 -9999 -9999 -9999 -9999 -9999 -9999 -9999 -9999 -9999 -9999 -9999 -9999 -9999 -9999 -9999 -9999 -9999 -9999 -9999 -9999 -9999 -9999 -9999 -9999 -9999 -9999 -9999 -9999 -9999 -9999 -9999 -9999 -9999 -9999 -9999 -9999 -9999 -9999 -9999 -9999 151 156 159 176 185 191 194 195 198 202 205 205 207 206 207 211 209 212 207 208 216 217 217 209 211 220 219 217 224 214 209 179 184 167 167 162 159 162 159 159 156 155 154
-9999 -9999 -9999 -9999 -9999 -9999 -9999 -9999 -9999 -9999 -9999 -9999 -9999 -9999 -9999 -9999 -9999 -9999 -9999 -9999 -9999 -9999 -9999 -9999 -9999 -9999 -9999 -9999 -9999 -9999 -9999 -9999 -9999 -9999 -9999 -9999 -9999 -9999 -9999 -9999 -9999 -9999 160 163 181 189 192 199 199 200 202 205 206 208 207 205 211 211 210 210 207 211 213 217 210 212 220 221 223 223 223 209 201 186 171 174 170 189 208 189 164 161 159 156
-9999 -9999 -9999 -9999 -9999 -9999 -9999 -9999 -9999 -9999 -9999 -9999 -9999 -9999 -9999 -9999 -9999 -9999 -9999 -9999 -9999 -9999 -9999 -9999 -9999 -9999 -9999 -9999 -9999 -9999 -9999 -9999 -9999 -9999 -9999 -9999 -9999 -9999 -9999 -9999 -9999 -9999 161 168 180 191 194 193 198 202 203 205 207 208 208 205 212 208 209 209 207 209 205 208 209 212 213 219 220 222 221 219 223 211 190 196 188 204 213 217 196 185 162 159
-9999 -9999 -9999 -9999 -9999 -9999 -9999 -9999 -9999 -9999 -9999 -9999 -9999 -9999 -9999 -9999 -9999 -9999 -9999 -9999 -9999 -9999 -9999 -9999 -9999 -9999 -9999 -9999 -9999 -9999 -9999 -9999 -9999 -9999 -9999 -9999 -9999 -9999 -9999 -9999 -9999 155 158 166 175 186 190 196 202 203 204 206 207 207 207 205 207 209 207 207 205 205 209 213 220 220 220 221 221 225 226 225 217 229 212 219 220 231 229 187 187 187 170 164
-9999 -9999 -9999 -9999 -9999 -9999 -9999 -9999 -9999 -9999 -9999 -9999 -9999 -9999 -9999 -9999 -9999 -9999 -9999 -9999 -9999 -9999 -9999 -9999 -9999 -9999 -9999 -9999 -9999 -9999 -9999 -9999 -9999 -9999 -9999 -9999 -9999 -9999 -9999 -9999 -9999 163 168 170 182 188 193 196 204 206 207 207 204 207 206 204 206 207 207 206 206 210 214 220 220 220 222 222 225 220 212 223 212 220 226 232 232 233 227 210 212 221 211 168
-9999 -9999 -9999 -9999 -9999 -9999 -9999 -9999 -9999 -9999 -9999 -9999 -9999 -9999 -9999 -9999 -9999 -9999 -9999 -9999 -9999 -9999 -9999 -9999 -9999 -9999 -9999 -9999 -9999 -9999 -9999 -9999 -9999 -9999 -9999 -9999 -9999 -9999 -9999 -9999 -9999 164 168 171 186 191 194 198 202 207 207 207 204 206 206 203 201 201 205 205 210 211 216 221 215 207 218 210 225 224 208 218 211 225 228 228 231 209 224 235 237 232 227 171
-9999 -9999 -9999 -9999 -9999 -9999 -9999 -9999 -9999 -9999 -9999 -9999 -9999 -9999 -9999 -9999 -9999 -9999 -9999 -9999 -9999 -9999 -9999 -9999 -9999 -9999 -9999 -9999 -9999 -9999 -9999 -9999 -9999 -9999 -9999 -9999 -9999 -9999 -9999 -9999 164 164 171 173 180 191 195 199 200 204 206 204 203 200 204 200 202 206 212 211 208 213 219 221 197 202 210 204 208 219 203 214 215 231 222 206 214 177 179 195 218 227 214 175
-9999 -9999 -9999 -9999 -9999 -9999 -9999 -9999 -9999 -9999 -9999 -9999 -9999 -9999 -9999 -9999 -9999 -9999 -9999 -9999 -9999 -9999 -9999 -9999 -9999 -9999 -9999 -9999 -9999 -9999 -9999 -9999 -9999 -9999 -9999 -9999 -9999 -9999 -9999 -9999 168 167 170 176 180 188 191 195 198 200 203 204 202 200 198 196 203 208 211 218 214 213 220 221 213 196 196 198 198 211 202 209 220 228 199 186 190 171 168 175 220 240 240 195
-9999 -9999 -9999 -9999 -9999 -9999 -9999 -9999 -9999 -9999 -9999 -9999 -9999 -9999 -9999 -9999 -9999 -9999 -9999 -9999 -9999 -9999 -9999 -9999 -9999 -9999 -9999 -9999 -9999 -9999 -9999 -9999 -9999 -9999 -9999 -9999 -9999 -9999 -9999 -9999 171 170 170 174 182 191 189 191 195 194 199 203 202 202 199 204 207 210 218 215 220 218 219 222 216 207 199 197 193 204 220 218 231 223 199 177 168 167 164 165 188 230 189 159
-9999 -9999 -9999 -9999 -9999 -9999 -9999 -9999 -9999 -9999 -9999 -9999 -9999 -9999 -9999 -9999 -9999 -9999 -9999 -9999 -9999 -9999 -9999 -9999 -9999 -9999 -9999 -9999 -9999 -9999 -9999 -9999 -9999 -9999 -9999 -9999 -9999 -9999 -9999 -9999 -9999 174 168 176 185 188 187 189 193 192 195 198 196 200 198 207 212 211 219 210 220 221 221 223 223 222 210 196 196 219 230 230 231 226 201 174 164 164 160 157 160 172 173 158
-9999 -9999 -9999 -9999 -9999 -9999 -9999 -9999 -9999 -9999 -9999 -9999 -9999 -9999 -9999 -9999 -9999 -9999 -9999 -9999 -9999 -9999 -9999 -9999 -9999 -9999 -9999 -9999 -9999 -9999 -9999 -9999 -9999 -9999 -9999 -9999 -9999 -9999 -9999 -9999 -9999 177 173 174 177 179 184 187 190 189 193 191 194 194 199 204 209 211 215 220 218 219 222 223 224 222 215 208 199 218 230 215 209 222 204 179 160 158 157 155 153 155 155 153
-9999 -9999 -9999 -9999 -9999 -9999 -9999 -9999 -9999 -9999 -9999 -9999 -9999 -9999 -9999 -9999 -9999 -9999 -9999 -9999 -9999 -9999 -9999 -9999 -9999 -9999 -9999 -9999 -9999 -9999 -9999 -9999 -9999 -9999 167 171 -9999 -9999 -9999 -9999 -9999 182 182 177 179 177 178 180 185 185 189 191 198 199 201 206 208 210 214 218 221 222 223 216 222 224 225 219 206 227 226 212 188 179 214 195 166 155 155 152 152 150 149 148
-9999 -9999 -9999 -9999 -9999 -9999 -9999 -9999 -9999 -9999 -9999 -9999 -9999 -9999 -9999 -9999 -9999 -9999 -9999 -9999 -9999 -9999 -9999 -9999 -9999 -9999 -9999 -9999 -9999 -9999 -9999 -9999 -9999 167 171 174 176 -9999 -9999 -9999 -9999 186 184 185 184 179 180 184 189 191 194 194 199 202 203 204 207 210 213 216 219 220 223 223 219 223 223 219 223 227 220 211 182 168 166 196 161 156 153 152 151 149 148 147
-9999 -9999 -9999 -9999 -9999 -9999 -9999 -9999 -9999 -9999 -9999 -9999 -9999 -9999 -9999 -9999 -9999 -9999 -9999 -9999 -9999 -9999 -9999 -9999 -9999 -9999 -9999 -9999 -9999 -9999 -9999 -9999 -9999 172 176 177 180 184 -9999 -9999 -9999 189 188 189 188 186 187 188 192 195 198 199 201 207 207 206 210 211 213 215 218 219 221 225 223 218 220 222 222 222 198 202 167 162 167 194 164 155 152 151 151 150 147 147
-9999 -9999 -9999 -9999 -9999 -9999 -9999 -9999 -9999 -9999 -9999 -9999 -9999 -9999 -9999 -9999 -9999 -9999 -9999 -9999 -9999 -9999 -9999 -9999 -9999 -9999 -9999 -9999 -9999 -9999 -9999 -9999 -9999 175 184 181 181 187 -9999 -9999 189 192 193 193 193 189 190 193 195 197 202 206 207 211 211 212 212 214 216 218 219 223 223 226 224 218 219 230 215 198 178 175 167 160 160 200 164 156 152 150 149 149 147 147
-9999 -9999 -9999 -9999 -9999 -9999 -9999 -9999 -9999 -9999 -9999 -9999 -9999 -9999 -9999 -9999 -9999 -9999 -9999 -9999 -9999 -9999 -9999 -9999 -9999 -9999 -9999 -9999 -9999 -9999 -9999 -9999 -9999 176 181 187 185 187 193 -9999 -9999 195 198 198 197 200 193 198 199 199 204 211 211 212 214 215 215 218 218 219 225 225 225 224 228 214 210 230 225 192 172 165 164 159 157 159 155 153 152 149 148 148 147 148
-9999 -9999 -9999 -9999 -9999 -9999 -9999 -9999 -9999 -9999 -9999 -9999 -9999 -9999 -9999 -9999 -9999 -9999 -9999 -9999 -9999 -9999 -9999 -9999 -9999 -9999 -9999 -9999 -9999 -9999 -9999 -9999 -9999 175 185 186 189 190 193 -9999 193 197 199 199 202 203 198 199 204 203 204 208 214 214 215 216 216 219 218 219 225 225 225 226 227 225 211 225 227 178 167 163 160 157 156 155 152 151 150 149 149 149 148 148
-9999 -9999 -9999 -9999 -9999 -9999 -9999 -9999 -9999 -9999 -9999 -9999 -9999 -9999 -9999 -9999 -9999 -9999 -9999 -9999 -9999 -9999 -9999 -9999 -9999 -9999 -9999 -9999 -9999 -9999 -9999 -9999 -9999 178 182 187 191 196 197 200 198 195 200 203 207 205 203 202 205 207 207 210 214 214 215 218 216 219 218 218 222 223 224 223 224 226 230 226 226 216 171 162 159 157 155 153 151 151 150 150 150 149 148 149
