invasiveSpecies/multiSpecies/data/worldclim_KE/worldclim_KE_2050_BC85_Bio1.asc
ncols         347
nrows         295
xllcorner     36.068012264173
yllcorner     0.13039239511974
cellsize      0.0083333333333333
NODATA_value  -9999
[rows 148 to 184 of 295, columns 168 to 251 of 347]
258 259 259 260 260 261 262 262 262 263 263 262 263 264 264 262 262 259 259 260 260 265 266 265 264 263 261 263 265 266 267 267 266 266 266 266 266 267 268 267 267 268 269 270 271 263 263 263 264 264 264 264 264 264 264 266 266 269 269 269 269 269 268 269 269 269 270 270 270 267 267 267 267 267 268 268 268 272 274 275 277 278 279 279
258 258 259 260 260 261 262 262 263 263 264 264 264 264 263 261 260 257 258 259 261 265 265 265 264 264 262 263 265 265 266 266 266 266 265 265 266 267 267 266 267 267 268 268 269 263 263 263 264 264 264 264 263 262 263 263 264 268 269 268 268 268 268 268 269 269 270 270 270 269 267 267 266 267 267 268 268 273 274 268 277 278 278 279
258 258 259 260 261 262 262 263 263 263 263 263 263 263 262 261 260 259 259 259 265 265 265 264 263 263 261 263 264 265 266 266 266 265 265 265 266 266 267 266 266 266 267 268 270 266 264 263 263 264 264 263 262 262 263 264 267 268 268 268 268 268 267 268 269 269 269 269 270 269 268 267 266 267 267 267 271 267 268 272 276 277 278 278
258 259 260 260 261 262 262 262 262 263 262 262 262 262 262 260 260 261 262 260 265 265 264 264 262 263 262 261 264 264 265 266 266 265 264 265 265 266 266 266 266 266 267 268 270 270 264 263 263 263 263 263 262 262 263 265 267 268 268 268 268 268 267 268 268 269 267 268 268 269 268 267 266 266 266 267 267 267 267 273 276 277 278 278
259 259 260 261 261 261 261 261 262 263 262 261 262 261 260 260 260 261 262 263 264 265 264 263 262 263 262 263 264 265 265 266 265 265 263 264 265 265 265 266 266 267 268 268 270 270 268 263 263 263 263 263 262 262 262 265 267 268 268 268 267 267 267 268 268 267 267 268 268 268 268 267 267 266 266 266 266 266 272 276 276 277 278 278
259 260 260 261 261 261 260 261 261 262 262 261 262 261 260 259 260 261 262 263 264 264 263 262 262 262 262 263 264 265 265 265 265 264 263 264 264 265 265 266 266 267 269 269 270 269 262 262 262 262 263 263 261 262 262 264 267 267 267 267 267 266 267 267 267 266 267 267 268 267 267 267 265 266 265 266 266 271 274 275 276 277 277 277
259 260 260 260 260 260 260 261 261 262 262 261 261 261 260 259 261 260 262 263 263 264 263 261 261 262 262 263 264 264 264 265 265 264 263 263 264 265 266 267 267 268 268 269 269 264 262 262 262 262 263 262 261 261 262 265 267 267 267 267 266 266 266 267 267 266 267 267 266 266 266 265 265 265 265 266 266 273 274 275 276 277 277 277
259 259 259 260 260 260 261 261 262 261 261 261 261 261 260 259 260 260 261 262 263 264 262 261 260 261 261 262 263 264 264 264 264 263 263 264 265 266 267 268 268 269 269 269 264 261 261 261 261 261 262 262 261 262 262 265 266 267 266 266 266 265 266 266 266 265 266 267 265 265 265 265 265 265 265 265 271 273 275 275 276 276 277 277
258 258 258 259 260 260 260 261 261 261 260 261 261 260 260 259 260 259 261 262 263 263 262 262 260 261 261 262 263 264 264 264 264 263 263 263 265 266 267 268 269 269 269 260 260 261 261 261 261 261 261 261 261 262 261 264 266 266 266 266 265 264 265 265 265 265 265 263 265 263 263 263 264 265 265 265 272 274 274 275 276 276 276 277
258 258 259 259 259 259 260 261 261 261 260 260 260 260 259 259 260 260 261 261 262 263 262 261 260 260 261 262 262 263 263 264 264 263 262 262 264 265 266 268 268 268 266 260 260 260 260 261 260 261 261 262 262 262 262 262 264 266 265 265 264 261 262 263 264 262 262 262 262 262 262 264 264 266 270 272 273 274 275 275 276 276 276 276
258 258 259 259 259 259 260 260 260 260 260 259 260 259 259 259 259 260 261 262 262 262 261 261 260 260 261 262 262 263 263 263 263 263 262 263 264 264 266 268 268 261 259 259 260 260 260 260 260 259 260 260 260 261 261 261 262 265 266 265 262 261 261 263 260 260 260 260 261 262 263 267 269 270 271 272 273 273 274 275 275 275 276 276
257 258 258 258 258 259 259 260 260 260 259 259 259 259 259 260 259 260 261 260 261 262 261 261 260 259 260 262 263 262 262 263 263 262 262 263 264 265 266 268 268 258 259 259 259 259 259 259 259 259 259 259 260 261 260 260 262 264 265 265 262 260 260 260 260 260 261 261 262 263 263 264 269 271 271 272 273 273 274 275 275 275 275 276
257 257 258 258 258 258 259 259 260 259 259 259 259 259 260 260 260 261 261 260 261 261 261 260 260 260 261 262 262 262 262 262 262 262 261 263 266 266 268 268 260 258 258 258 258 258 257 258 258 258 258 259 259 260 260 260 262 264 265 263 260 260 260 260 260 260 261 262 262 263 264 266 265 265 271 272 273 274 274 274 275 275 275 275
257 257 257 257 258 258 259 259 259 259 258 259 259 260 260 260 261 261 260 260 260 261 261 260 259 259 261 261 262 261 261 261 261 261 260 259 259 267 267 257 257 257 258 258 258 257 257 257 257 258 257 258 258 259 259 259 262 264 264 263 260 260 260 261 261 260 261 262 262 263 264 267 269 270 271 272 273 273 274 274 274 275 275 275
256 257 257 258 258 258 258 258 258 257 258 258 259 260 260 260 260 260 259 259 260 260 260 260 259 259 260 261 261 261 260 260 260 260 260 259 258 267 257 257 257 256 257 258 257 257 257 256 256 254 256 257 258 259 259 259 263 264 264 262 260 260 260 261 261 261 261 262 262 263 263 269 266 269 271 272 273 274 274 274 274 274 275 275
256 256 257 257 257 258 257 258 257 257 258 258 259 259 259 260 260 260 260 259 259 260 260 260 260 260 260 261 262 262 261 261 261 260 259 258 257 267 264 257 257 257 257 258 257 257 257 256 256 255 256 257 258 259 259 262 263 263 264 263 261 261 261 261 262 262 262 262 263 263 264 265 265 266 266 272 273 273 274 273 274 274 275 275
256 256 257 257 257 257 257 257 257 257 258 258 259 259 260 260 260 260 259 259 259 260 260 259 261 260 261 261 262 262 262 261 262 261 259 260 264 266 266 258 258 258 257 258 257 257 257 256 254 254 256 257 257 259 259 259 263 263 263 263 262 261 261 261 262 263 264 265 266 266 265 265 265 266 271 272 273 273 273 273 274 274 274 275
256 256 257 257 257 257 256 256 256 257 257 258 259 259 259 259 259 259 259 259 259 259 259 260 260 261 262 262 262 263 262 262 262 261 261 262 262 266 266 258 258 258 258 258 258 258 258 257 255 255 256 257 258 258 259 263 264 263 263 263 262 261 260 261 262 263 263 264 264 264 265 270 266 271 272 272 272 273 273 273 273 274 274 275
255 256 257 257 257 257 256 256 256 257 257 258 258 259 259 259 259 258 259 259 260 260 261 260 260 261 261 263 262 263 263 263 263 263 263 257 260 266 266 258 257 258 258 258 258 258 258 257 257 256 257 257 258 258 262 263 264 264 264 263 262 262 261 262 262 267 264 264 264 264 266 269 271 271 272 271 272 272 272 273 273 274 274 274
254 255 256 256 256 257 256 256 257 257 257 257 258 258 259 259 259 259 259 259 260 260 261 261 261 262 262 263 263 264 264 264 263 264 264 264 265 265 266 257 257 257 257 258 258 258 258 258 259 257 258 258 258 258 263 264 264 265 262 262 262 262 262 263 263 266 268 267 264 264 270 271 271 271 271 271 271 271 272 272 273 273 274 274
253 255 255 256 256 257 255 256 256 256 256 257 258 258 258 259 259 259 260 260 260 261 262 261 262 262 263 263 263 264 264 264 263 264 265 265 265 265 265 257 257 257 257 259 259 259 260 260 261 261 258 258 258 259 264 264 264 265 265 263 265 266 263 263 263 267 268 269 269 270 270 270 270 270 270 270 270 271 271 272 272 273 273 274
253 254 255 255 256 256 255 256 256 256 256 257 258 258 259 259 259 259 260 260 261 261 261 262 262 263 263 263 263 263 264 264 264 265 265 265 265 257 257 257 256 257 258 259 259 259 260 261 261 262 262 261 258 263 264 264 265 265 265 266 266 266 266 267 267 267 268 268 268 269 269 269 270 269 269 269 270 271 271 272 272 273 273 274
252 253 254 255 255 255 255 256 257 256 256 257 258 258 259 259 260 260 260 260 261 262 262 263 263 263 263 263 262 263 264 264 265 264 265 264 264 261 257 257 257 257 258 259 260 260 260 261 261 262 262 262 263 264 264 264 264 265 265 265 265 266 266 267 267 267 267 268 268 268 268 269 269 269 268 269 270 270 271 271 272 273 273 273
251 252 254 254 255 255 256 256 257 257 256 257 258 258 258 259 260 260 261 261 262 262 263 262 262 262 262 262 262 263 263 262 263 264 263 264 264 263 257 257 257 257 257 260 260 260 261 261 262 262 262 263 263 264 263 263 264 265 265 265 265 265 266 266 266 267 267 267 267 267 268 268 269 268 268 269 269 269 271 272 272 273 273 273
250 252 253 255 255 256 256 257 257 258 258 258 258 259 259 259 260 260 261 261 261 262 262 262 262 262 261 261 262 263 263 261 262 262 262 262 264 261 261 257 257 258 259 260 260 260 260 261 262 262 262 263 263 263 263 263 264 264 264 264 265 265 265 266 266 266 266 266 266 267 268 268 268 267 268 269 269 269 270 271 272 273 273 273
250 252 254 255 256 256 256 257 257 258 259 259 258 259 260 260 260 260 260 261 262 262 262 261 261 261 261 262 263 263 263 262 263 262 261 262 263 263 261 261 260 259 259 260 259 260 261 261 261 262 262 263 263 263 263 263 263 264 264 264 264 265 265 266 266 266 266 266 266 267 267 267 267 267 268 268 269 270 270 270 272 272 273 273
249 253 254 255 256 257 257 257 258 258 258 259 259 259 260 260 261 261 261 261 262 262 261 260 261 261 261 262 263 263 262 261 261 260 260 261 262 262 262 261 260 259 259 259 259 260 261 261 261 262 262 263 262 262 262 262 263 263 263 264 264 265 265 265 265 265 265 266 266 266 266 266 267 267 267 269 270 270 271 272 272 272 272 273
252 254 255 255 255 256 257 258 258 259 259 259 260 260 260 261 261 261 261 262 262 261 261 260 260 260 261 261 262 263 262 261 260 257 260 260 261 262 262 261 261 259 259 259 260 260 261 261 261 261 262 262 262 262 262 262 263 263 263 263 264 264 265 264 264 265 266 265 266 265 266 266 267 267 268 269 269 270 271 272 272 272 272 272
249 255 256 256 256 257 257 258 258 259 260 260 260 260 260 260 260 261 261 262 261 261 260 260 259 260 260 261 262 262 262 261 260 257 256 259 260 261 262 261 260 260 259 259 260 260 260 260 261 261 261 262 261 262 262 262 262 262 263 263 264 264 264 264 264 264 265 265 265 265 266 266 267 267 268 269 269 271 271 271 271 272 272 272
254 256 257 257 257 257 258 259 259 259 259 259 260 260 259 260 260 261 261 261 261 260 260 259 259 260 260 261 261 262 262 261 259 256 256 258 260 261 261 260 260 259 258 259 259 260 260 260 260 261 261 261 261 262 262 263 263 263 263 264 264 264 264 265 265 265 265 265 265 266 267 267 267 268 268 269 270 271 271 271 270 271 272 272
256 257 257 258 258 258 258 259 259 259 258 259 259 259 259 260 260 261 260 260 261 259 259 258 259 259 260 261 261 261 262 261 260 256 255 257 259 260 259 260 259 259 258 258 259 259 259 260 260 260 261 262 262 263 263 263 263 263 264 264 265 265 265 265 265 265 265 265 266 266 267 268 268 269 269 270 270 270 270 270 270 270 271 272
256 256 257 257 258 258 258 258 259 258 259 259 259 258 259 260 260 260 259 260 260 260 258 258 258 259 260 260 261 261 261 260 259 255 255 256 259 259 258 259 259 259 258 257 258 259 260 260 260 261 261 262 262 263 263 263 264 264 264 265 265 265 265 265 266 266 266 266 266 266 266 267 268 269 270 270 269 269 269 268 269 270 271 272
256 255 256 256 257 257 257 257 257 258 259 258 258 258 259 259 260 260 259 260 259 257 258 258 258 259 259 260 261 261 261 260 259 258 257 257 258 258 256 258 258 258 258 258 258 259 260 260 261 261 262 262 262 263 263 264 263 264 264 265 265 265 265 265 266 266 266 266 267 266 267 267 269 269 269 269 269 269 268 268 269 270 271 272
256 254 255 255 255 256 257 257 257 258 258 258 257 258 259 259 259 259 258 259 259 256 257 257 257 258 259 260 260 260 261 260 260 259 257 257 257 258 257 257 258 258 258 257 258 259 259 260 261 261 261 262 262 263 263 263 263 264 264 264 264 264 264 265 265 266 266 266 267 267 268 268 268 268 268 268 268 268 268 268 268 270 270 271
255 254 255 254 254 255 257 256 256 258 258 257 257 258 258 259 259 258 258 258 258 254 254 256 257 258 258 259 260 260 260 260 260 259 258 257 258 257 256 256 257 257 257 257 258 258 259 260 260 261 261 262 262 263 263 263 263 263 263 263 264 264 265 265 266 266 266 266 266 267 267 268 268 267 267 267 267 268 268 268 269 270 270 271
255 254 254 254 253 254 256 256 257 257 257 257 258 258 258 258 258 257 257 258 258 254 254 256 257 258 259 258 259 260 260 260 259 259 258 257 257 257 256 255 257 257 257 258 258 258 260 260 260 260 261 262 262 263 263 262 262 262 262 263 264 264 264 265 266 265 265 265 266 266 266 267 267 266 266 267 267 268 269 269 269 269 270 270
254 254 253 253 254 255 255 256 257 257 257 256 257 258 258 258 257 257 258 258 257 255 254 253 257 258 258 258 258 260 260 259 259 259 258 257 256 256 256 255 256 257 257 258 258 257 258 259 260 260 261 262 262 262 262 262 261 262 263 263 263 264 264 265 265 265 265 265 265 266 266 266 266 266 266 267 268 267 268 269 269 269 270 269
