invasiveSpecies/multiSpecies/data/worldclim_KE/worldclim_KE_2050_BC85_Bio1.asc
ncols         347
nrows         295
xllcorner     36.068012264173
yllcorner     0.13039239511974
cellsize      0.0083333333333333
NODATA_value  -9999
[rows 222 to 258 of 295, columns 168 to 251 of 347]
246 247 248 250 250 251 251 249 248 247 249 248 250 252 253 254 255 255 255 255 255 255 256 255 255 256 256 255 255 254 253 252 251 249 246 243 249 252 253 254 255 256 258 258 259 259 260 260 261 261 261 260 256 254 256 258 261 261 261 261 261 261 261 261 261 261 260 261 261 261 261 262 262 262 262 261 262 262 262 261 263 264 264 265
239 247 248 249 250 250 250 246 245 246 245 232 239 251 252 253 254 255 255 255 255 256 256 256 255 256 256 256 254 254 253 250 250 248 237 241 248 251 251 252 254 256 258 259 259 259 260 260 261 260 261 261 260 255 247 253 261 260 261 261 260 261 261 261 261 261 260 261 261 261 261 262 261 262 261 261 261 261 261 262 263 264 264 264
234 247 248 248 249 250 250 242 242 243 245 244 235 247 251 252 254 255 255 255 255 256 256 257 256 256 256 256 255 255 254 252 249 248 232 241 241 249 250 238 248 252 257 259 260 260 260 261 260 260 260 261 261 260 260 260 260 260 260 260 260 260 260 261 261 260 260 260 260 261 261 261 261 261 261 261 261 261 261 262 261 263 263 264
236 243 247 248 249 249 249 247 239 237 244 246 247 250 252 253 254 255 255 255 255 255 255 256 256 256 257 257 253 255 254 253 251 250 247 247 246 247 237 233 236 243 254 258 259 260 260 259 260 260 260 260 260 261 261 260 260 260 260 260 260 260 260 260 260 260 260 260 260 260 260 261 261 261 260 260 260 260 261 261 262 262 263 263
243 245 246 247 248 250 250 247 245 247 248 250 251 252 253 253 254 255 255 255 255 255 255 256 256 257 257 257 256 256 254 253 253 252 251 242 239 232 240 241 236 238 254 259 259 260 259 259 260 260 260 260 261 261 260 260 260 259 260 259 259 260 260 260 259 259 259 259 260 260 260 260 260 260 260 260 259 260 261 261 261 262 261 261
244 244 246 243 246 250 250 250 249 248 250 251 252 253 253 254 254 254 254 255 255 255 255 255 255 256 257 257 256 255 255 256 251 254 254 251 248 237 244 249 253 251 258 259 259 259 258 258 260 260 260 260 261 261 260 260 260 259 259 259 259 259 259 259 259 259 259 259 259 259 260 259 260 260 260 259 259 259 260 261 261 261 260 255
244 246 247 244 246 249 250 251 251 250 251 252 253 253 253 253 254 254 254 255 255 255 256 256 256 257 257 257 258 256 256 257 258 257 256 256 256 238 237 248 256 257 258 259 259 259 259 258 260 260 260 260 260 260 260 260 260 259 259 258 258 258 258 259 259 259 259 259 259 258 259 258 260 259 259 259 259 260 260 261 261 259 259 260
243 243 248 246 247 249 250 251 251 252 252 252 252 252 253 253 254 255 255 255 255 256 256 256 256 257 257 258 258 257 257 258 259 259 258 258 258 259 258 246 258 259 259 260 259 259 258 259 260 259 260 260 260 260 260 260 259 259 258 258 258 258 258 258 258 258 259 259 258 258 257 257 259 259 259 259 259 259 260 260 259 259 259 260
242 241 247 246 245 249 250 249 250 252 252 252 252 253 253 254 254 255 255 255 255 256 256 256 257 257 258 258 258 258 258 258 259 259 259 259 258 258 258 259 258 259 258 259 259 259 259 258 259 259 260 259 260 259 259 259 259 259 258 258 257 258 257 258 258 258 258 256 257 257 257 257 258 258 258 258 259 259 259 259 259 259 259 -9999
248 249 250 248 248 249 249 250 251 251 252 252 252 253 253 254 254 253 253 255 256 256 256 256 257 257 258 258 258 258 258 258 259 258 258 258 258 258 258 258 258 258 259 259 259 259 258 258 258 259 259 259 259 259 259 258 258 258 257 257 257 257 257 257 257 257 257 256 257 256 -9999 -9999 258 258 257 258 259 258 258 259 259 259 259 -9999
249 250 250 249 247 249 249 250 251 251 252 252 253 253 253 254 252 252 255 255 255 255 255 256 256 257 258 258 258 258 259 258 258 257 257 258 258 258 258 258 258 258 259 259 259 259 259 258 258 258 259 259 259 257 258 258 257 257 257 257 256 256 256 256 256 256 256 256 -9999 -9999 -9999 -9999 257 257 257 257 257 258 258 258 257 259 -9999 -9999
250 251 251 250 247 249 249 250 252 251 250 252 253 253 252 252 252 254 255 254 255 256 256 256 257 257 257 257 256 257 257 256 256 256 256 256 256 258 257 257 257 257 258 258 258 259 258 258 258 258 258 258 257 257 257 257 257 256 256 256 256 256 255 256 255 256 -9999 -9999 -9999 -9999 -9999 -9999 -9999 257 257 256 257 258 258 257 257 257 -9999 -9999
251 252 252 251 243 250 248 249 252 252 252 253 254 253 251 251 252 254 254 255 256 257 256 257 257 257 257 256 256 253 257 257 256 256 255 255 255 255 255 255 256 256 258 258 258 259 258 258 258 258 257 257 256 256 256 256 256 256 255 255 255 255 255 -9999 -9999 -9999 -9999 -9999 -9999 -9999 -9999 -9999 -9999 -9999 256 256 256 257 257 257 -9999 -9999 -9999 -9999
252 253 253 252 250 251 246 247 252 253 253 254 254 254 252 252 253 254 256 256 257 257 257 257 257 257 257 255 256 254 256 256 256 255 255 255 255 255 255 255 255 256 256 258 258 258 257 257 257 257 257 256 256 256 256 256 255 255 255 254 254 -9999 -9999 -9999 -9999 -9999 -9999 -9999 -9999 -9999 -9999 -9999 -9999 -9999 -9999 -9999 255 256 -9999 -9999 -9999 -9999 -9999 -9999
252 253 253 253 252 252 251 251 252 253 253 254 255 252 253 254 254 256 256 257 257 257 257 257 257 257 254 255 255 255 254 255 255 254 255 255 255 255 254 255 255 255 256 257 258 257 257 257 257 256 256 255 255 255 255 255 255 254 254 -9999 -9999 -9999 -9999 -9999 -9999 -9999 -9999 -9999 -9999 -9999 -9999 -9999 -9999 -9999 -9999 -9999 -9999 -9999 -9999 -9999 -9999 -9999 -9999 -9999
253 254 254 253 252 252 252 251 252 253 253 249 255 255 253 255 256 257 257 257 257 257 257 256 256 254 254 254 254 254 254 254 255 255 254 255 254 254 254 254 254 253 254 257 257 257 257 256 256 256 255 255 254 255 255 255 255 -9999 -9999 -9999 -9999 -9999 -9999 -9999 -9999 -9999 -9999 -9999 -9999 -9999 -9999 -9999 -9999 -9999 -9999 -9999 -9999 -9999 -9999 -9999 -9999 -9999 -9999 -9999
255 255 255 254 253 253 252 251 252 254 253 254 256 256 256 257 257 257 257 255 257 257 256 256 255 255 254 254 255 255 254 254 255 255 254 254 254 254 254 254 253 251 243 255 257 256 256 256 255 255 255 254 254 254 254 -9999 -9999 -9999 -9999 -9999 -9999 -9999 -9999 -9999 -9999 -9999 -9999 -9999 -9999 -9999 -9999 -9999 -9999 -9999 -9999 -9999 -9999 -9999 -9999 -9999 -9999 -9999 -9999 -9999
255 255 256 255 254 253 252 252 255 255 254 255 256 257 257 257 257 257 257 257 257 256 256 255 254 254 254 254 254 255 254 254 254 254 253 254 254 253 253 252 237 219 235 254 256 256 255 255 255 255 254 254 -9999 -9999 -9999 -9999 -9999 -9999 -9999 -9999 -9999 -9999 -9999 -9999 -9999 -9999 -9999 -9999 -9999 -9999 -9999 -9999 -9999 -9999 -9999 -9999 -9999 -9999 -9999 -9999 -9999 -9999 -9999 -9999
256 257 256 255 255 253 253 252 256 256 256 256 257 257 257 257 257 257 256 256 256 256 255 255 255 255 254 254 253 254 254 254 254 254 253 254 253 253 253 251 235 225 249 251 254 254 255 255 254 254 -9999 -9999 -9999 -9999 -9999 -9999 -9999 -9999 -9999 -9999 -9999 -9999 -9999 -9999 -9999 -9999 -9999 -9999 -9999 -9999 -9999 -9999 -9999 -9999 -9999 -9999 -9999 -9999 -9999 -9999 -9999 -9999 -9999 -9999
255 256 256 256 256 255 254 256 257 257 256 257 257 257 257 256 256 256 256 256 256 255 255 254 254 254 253 253 253 253 253 254 254 254 253 253 253 253 252 251 245 244 239 251 239 252 253 254 -9999 -9999 -9999 -9999 -9999 -9999 -9999 -9999 -9999 -9999 -9999 -9999 -9999 -9999 -9999 -9999 -9999 -9999 -9999 -9999 -9999 -9999 -9999 -9999 -9999 -9999 -9999 -9999 -9999 -9999 -9999 -9999 -9999 -9999 -9999 -9999
252 252 254 256 257 257 257 256 257 257 257 257 257 257 256 256 256 256 256 256 256 255 255 255 255 254 254 254 253 253 253 254 254 254 253 253 253 253 252 251 247 245 228 231 232 253 -9999 -9999 -9999 -9999 -9999 -9999 -9999 -9999 -9999 -9999 -9999 -9999 -9999 -9999 -9999 -9999 -9999 -9999 -9999 -9999 -9999 -9999 -9999 -9999 -9999 -9999 -9999 -9999 -9999 -9999 -9999 -9999 -9999 -9999 -9999 -9999 -9999 -9999
252 252 253 253 255 257 256 257 256 257 257 257 257 257 256 256 256 256 256 256 255 255 254 255 254 254 254 253 253 253 253 253 253 253 253 253 252 252 252 251 249 237 223 226 -9999 -9999 -9999 -9999 -9999 -9999 -9999 -9999 -9999 -9999 -9999 -9999 -9999 -9999 -9999 -9999 -9999 -9999 -9999 -9999 -9999 -9999 -9999 -9999 -9999 -9999 -9999 -9999 -9999 -9999 -9999 -9999 -9999 -9999 -9999 -9999 -9999 -9999 -9999 -9999
251 253 253 254 254 255 256 256 256 256 257 257 257 256 256 256 256 255 255 255 255 255 255 254 254 254 254 253 253 253 253 253 253 253 253 253 252 252 252 251 249 -9999 -9999 -9999 -9999 -9999 -9999 -9999 -9999 -9999 -9999 -9999 -9999 -9999 -9999 -9999 -9999 -9999 -9999 -9999 -9999 -9999 -9999 -9999 -9999 -9999 -9999 -9999 -9999 -9999 -9999 -9999 -9999 -9999 -9999 -9999 -9999 -9999 -9999 -9999 -9999 -9999 -9999 -9999
253 253 253 254 255 255 255 255 254 254 256 256 257 256 256 256 256 255 255 255 255 254 254 254 254 254 254 254 253 253 253 253 253 253 253 252 252 252 -9999 -9999 -9999 -9999 -9999 -9999 -9999 -9999 -9999 -9999 -9999 -9999 -9999 -9999 -9999 -9999 -9999 -9999 -9999 -9999 -9999 -9999 -9999 -9999 -9999 -9999 -9999 -9999 -9999 -9999 -9999 -9999 -9999 -9999 -9999 -9999 -9999 -9999 -9999 -9999 -9999 -9999 -9999 -9999 -9999 -9999
252 253 253 253 254 254 254 254 254 254 255 255 255 256 255 255 255 255 255 254 254 254 254 254 254 254 254 253 253 253 253 253 253 253 252 -9999 -9999 -9999 -9999 -9999 -9999 -9999 -9999 -9999 -9999 -9999 -9999 -9999 -9999 -9999 -9999 -9999 -9999 -9999 -9999 -9999 -9999 -9999 -9999 -9999 -9999 -9999 -9999 -9999 -9999 -9999 -9999 -9999 -9999 -9999 -9999 -9999 -9999 -9999 -9999 -9999 -9999 -9999 -9999 -9999 -9999 -9999 -9999 -9999
252 252 253 253 253 253 254 254 254 255 254 255 255 255 255 255 255 255 255 254 254 254 254 254 254 253 254 253 253 252 252 253 -9999 -9999 -9999 -9999 -9999 -9999 -9999 -9999 -9999 -9999 -9999 -9999 -9999 -9999 -9999 -9999 -9999 -9999 -9999 -9999 -9999 -9999 -9999 -9999 -9999 -9999 -9999 -9999 -9999 -9999 -9999 -9999 -9999 -9999 -9999 -9999 -9999 -9999 -9999 -9999 -9999 -9999 -9999 -9999 -9999 -9999 -9999 -9999 -9999 -9999 -9999 -9999
252 252 253 253 253 253 253 254 254 254 254 255 255 255 255 255 254 255 255 254 254 254 254 254 254 253 253 253 253 -9999 -9999 -9999 -9999 -9999 -9999 -9999 -9999 -9999 -9999 -9999 -9999 -9999 -9999 -9999 -9999 -9999 -9999 -9999 -9999 -9999 -9999 -9999 -9999 -9999 -9999 -9999 -9999 -9999 -9999 -9999 -9999 -9999 -9999 -9999 -9999 -9999 -9999 -9999 -9999 -9999 -9999 -9999 -9999 -9999 -9999 -9999 -9999 -9999 -9999 -9999 -9999 -9999 -9999 -9999
252 252 253 252 253 252 253 253 254 254 254 255 255 255 255 255 255 254 255 254 254 254 254 254 253 253 -9999 -9999 -9999 -9999 -9999 -9999 -9999 -9999 -9999 -9999 -9999 -9999 -9999 -9999 -9999 -9999 -9999 -9999 -9999 -9999 -9999 -9999 -9999 -9999 -9999 -9999 -9999 -9999 -9999 -9999 -9999 -9999 -9999 -9999 -9999 -9999 -9999 -9999 -9999 -9999 -9999 -9999 -9999 -9999 -9999 -9999 -9999 -9999 -9999 -9999 -9999 -9999 -9999 -9999 -9999 -9999 -9999 -9999
252 251 249 251 252 251 251 253 254 254 255 255 255 255 255 255 254 254 254 254 255 254 254 -9999 -9999 -9999 -9999 -9999 -9999 -9999 -9999 -9999 -9999 -9999 -9999 -9999 -9999 -9999 -9999 -9999 -9999 -9999 -9999 -9999 -9999 -9999 -9999 -9999 -9999 -9999 -9999 -9999 -9999 -9999 -9999 -9999 -9999 -9999 -9999 -9999 -9999 -9999 -9999 -9999 -9999 -9999 -9999 -9999 -9999 -9999 -9999 -9999 -9999 -9999 -9999 -9999 -9999 -9999 -9999 -9999 -9999 -9999 -9999 -9999
251 250 249 249 251 250 250 252 253 254 255 255 255 255 255 255 255 254 254 254 254 -9999 -9999 -9999 -9999 -9999 -9999 -9999 -9999 -9999 -9999 -9999 -9999 -9999 -9999 -9999 -9999 -9999 -9999 -9999 -9999 -9999 -9999 -9999 -9999 -9999 -9999 -9999 -9999 -9999 -9999 -9999 -9999 -9999 -9999 -9999 -9999 -9999 -9999 -9999 -9999 -9999 -9999 -9999 -9999 -9999 -9999 -9999 -9999 -9999 -9999 -9999 -9999 -9999 -9999 -9999 -9999 -9999 -9999 -9999 -9999 -9999 -9999 -9999
250 247 248 248 249 249 249 252 253 253 254 254 254 255 254 255 254 254 -9999 -9999 -9999 -9999 -9999 -9999 -9999 -9999 -9999 -9999 -9999 -9999 -9999 -9999 -9999 -9999 -9999 -9999 -9999 -9999 -9999 -9999 -9999 -9999 -9999 -9999 -9999 -9999 -9999 -9999 -9999 -9999 -9999 -9999 -9999 -9999 -9999 -9999 -9999 -9999 -9999 -9999 -9999 -9999 -9999 -9999 -9999 -9999 -9999 -9999 -9999 -9999 -9999 -9999 -9999 -9999 -9999 -9999 -9999 -9999 -9999 -9999 -9999 -9999 -9999 -9999
249 240 236 234 247 248 243 250 252 253 253 254 254 254 254 -9999 -9999 -9999 -9999 -9999 -9999 -9999 -9999 -9999 -9999 -9999 -9999 -9999 -9999 -9999 -9999 -9999 -9999 -9999 -9999 -9999 -9999 -9999 -9999 -9999 -9999 -9999 -9999 -9999 -9999 -9999 -9999 -9999 -9999 -9999 -9999 -9999 -9999 -9999 -9999 -9999 -9999 -9999 -9999 -9999 -9999 -9999 -9999 -9999 -9999 -9999 -9999 -9999 -9999 -9999 -9999 -9999 -9999 -9999 -9999 -9999 -9999 -9999 -9999 -9999 -9999 -9999 -9999 -9999
246 244 221 225 237 242 240 249 251 252 253 254 254 254 -9999 -9999 -9999 -9999 -9999 -9999 -9999 -9999 -9999 -9999 -9999 -9999 -9999 -9999 -9999 -9999 -9999 -9999 -9999 -9999 -9999 -9999 -9999 -9999 -9999 -9999 -9999 -9999 -9999 -9999 -9999 -9999 -9999 -9999 -9999 -9999 -9999 -9999 -9999 -9999 -9999 -9999 -9999 -9999 -9999 -9999 -9999 -9999 -9999 -9999 -9999 -9999 -9999 -9999 -9999 -9999 -9999 -9999 -9999 -9999 -9999 -9999 -9999 -9999 -9999 -9999 -9999 -9999 -9999 -9999
247 245 230 228 236 245 246 249 251 252 253 254 254 254 -9999 -9999 -9999 -9999 -9999 -9999 -9999 -9999 -9999 -9999 -9999 -9999 -9999 -9999 -9999 -9999 -9999 -9999 -9999 -9999 -9999 -9999 -9999 -9999 -9999 -9999 -9999 -9999 -9999 -9999 -9999 -9999 -9999 -9999 -9999 -9999 -9999 -9999 -9999 -9999 -9999 -9999 -9999 -9999 -9999 -9999 -9999 -9999 -9999 -9999 -9999 -9999 -9999 -9999 -9999 -9999 -9999 -9999 -9999 -9999 -9999 -9999 -9999 -9999 -9999 -9999 -9999 -9999 -9999 -9999
246 245 238 222 232 226 225 232 246 253 254 254 254 254 -9999 -9999 -9999 -9999 -9999 -9999 -9999 -9999 -9999 -9999 -9999 -9999 -9999 -9999 -9999 -9999 -9999 -9999 -9999 -9999 -9999 -9999 -9999 -9999 -9999 -9999 -9999 -9999 -9999 -9999 -9999 -9999 -9999 -9999 -9999 -9999 -9999 -9999 -9999 -9999 -9999 -9999 -9999 -9999 -9999 -9999 -9999 -9999 -9999 -9999 -9999 -9999 -9999 -9999 -9999 -9999 -9999 -9999 -9999 -9999 -9999 -9999 -9999 -9999 -9999 -9999 -9999 -9999 -9999 -9999
229 244 242 224 228 218 220 220 227 252 254 254 254 254 -9999 -9999 -9999 -9999 -9999 -9999 -9999 -9999 -9999 -9999 -9999 -9999 -9999 -9999 -9999 -9999 -9999 -9999 -9999 -9999 -9999 -9999 -9999 -9999 -9999 -9999 -9999 -9999 -9999 -9999 -9999 -9999 -9999 -9999 -9999 -9999 -9999 -9999 -9999 -9999 -9999 -9999 -9999 -9999 -9999 -9999 -9999 -9999 -9999 -9999 -9999 -9999 -9999 -9999 -9999 -9999 -9999 -9999 -9999 -9999 -9999 -9999 -9999 -9999 -9999 -9999 -9999 -9999 -9999 -9999
243 242 242 229 223 226 243 246 245 251 253 253 254 254 -9999 -9999 -9999 -9999 -9999 -9999 -9999 -9999 -9999 -9999 -9999 -9999 -9999 -9999 -9999 -9999 -9999 -9999 -9999 -9999 -9999 -9999 -9999 -9999 -9999 -9999 -9999 -9999 -9999 -9999 -9999 -9999 -9999 -9999 -9999 -9999 -9999 -9999 -9999 -9999 -9999 -9999 -9999 -9999 -9999 -9999 -9999 -9999 -9999 -9999 -9999 -9999 -9999 -9999 -9999 -9999 -9999 -9999 -9999 -9999 -9999 -9999 -9999 -9999 -9999 -9999 -9999 -9999 -9999 -9999
