invasiveSpecies/multiSpecies/data/worldclim_KE/worldclim_KE_2050_BC26_Bio17.asc
ncols         347
nrows         295
xllcorner     36.068012264173
yllcorner     0.13039239511974
cellsize      0.0083333333333333
NODATA_value  -9999
[rows 123 to 163 of 295, columns 92 to 183 of 347]
-9999 -9999 -9999 -9999 -9999 -9999 -9999 -9999 -9999 -9999 -9999 -9999 -9999 -9999 -9999 -9999 -9999 -9999 -9999 -9999 -9999 -9999 -9999 -9999 -9999 -9999 -9999 -9999 -9999 -9999 -9999 -9999 -9999 -9999 -9999 -9999 -9999 -9999 -9999 -9999 -9999 -9999 -9999 -9999 -9999 -9999 -9999 -9999 -9999 -9999 -9999 -9999 -9999 -9999 -9999 -9999 13 13 13 14 14 14 14 13 13 13 13 12 11 13 11 11 11 12 14 14 14 12 11 11 11 11 11 11 11 11 11 11 11 8 8 11
-9999 -9999 -9999 -9999 -9999 -9999 -9999 -9999 -9999 -9999 -9999 -9999 -9999 -9999 -9999 -9999 -9999 -9999 -9999 -9999 -9999 -9999 -9999 -9999 -9999 -9999 -9999 -9999 -9999 -9999 -9999 -9999 -9999 -9999 -9999 -9999 -9999 -9999 -9999 -9999 -9999 -9999 -9999 -9999 -9999 -9999 -9999 -9999 -9999 -9999 -9999 -9999 -9999 -9999 13 13 13 13 13 13 13 14 14 13 13 13 13 12 11 11 11 11 11 12 12 17 16 14 12 11 11 11 11 11 11 11 11 11 11 8 8 11
-9999 -9999 -9999 -9999 -9999 -9999 -9999 -9999 -9999 -9999 -9999 -9999 -9999 -9999 -9999 -9999 -9999 -9999 -9999 -9999 -9999 -9999 -9999 -9999 -9999 -9999 -9999 -9999 -9999 -9999 -9999 -9999 -9999 -9999 -9999 -9999 -9999 -9999 -9999 -9999 -9999 -9999 -9999 -9999 -9999 -9999 -9999 -9999 -9999 -9999 -9999 15 15 15 14 13 14 13 13 13 13 13 13 13 13 13 13 12 11 11 11 11 11 11 11 14 14 15 12 11 11 11 11 11 11 11 11 11 11 9 8 11
-9999 -9999 -9999 -9999 -9999 -9999 -9999 -9999 -9999 -9999 -9999 -9999 -9999 -9999 -9999 -9999 -9999 -9999 -9999 -9999 -9999 -9999 -9999 -9999 -9999 -9999 -9999 -9999 -9999 -9999 -9999 -9999 -9999 -9999 -9999 -9999 -9999 -9999 -9999 -9999 -9999 -9999 -9999 -9999 -9999 -9999 -9999 -9999 -9999 15 15 15 15 15 15 15 15 13 13 13 14 13 13 13 13 13 14 12 11 11 13 13 11 11 12 12 14 14 12 12 11 12 11 11 11 11 11 11 11 11 10 11
-9999 -9999 -9999 -9999 -9999 -9999 -9999 -9999 -9999 -9999 -9999 -9999 -9999 -9999 -9999 -9999 -9999 -9999 -9999 -9999 -9999 -9999 -9999 -9999 -9999 -9999 -9999 -9999 -9999 -9999 -9999 -9999 -9999 -9999 -9999 -9999 -9999 -9999 -9999 -9999 -9999 17 16 16 15 15 15 15 15 15 17 15 15 15 15 15 13 13 13 13 14 14 14 13 13 13 13 13 11 11 11 12 11 11 11 12 12 12 12 12 12 12 11 11 11 11 11 11 11 11 11 11
-9999 -9999 -9999 -9999 -9999 -9999 -9999 -9999 -9999 -9999 -9999 -9999 -9999 -9999 -9999 -9999 -9999 -9999 -9999 -9999 -9999 -9999 -9999 -9999 -9999 -9999 -9999 -9999 -9999 -9999 -9999 -9999 -9999 -9999 -9999 -9999 -9999 -9999 -9999 -9999 17 17 17 17 17 17 15 16 15 15 20 15 15 15 14 14 14 13 13 13 14 17 14 14 13 13 13 13 11 11 11 11 11 11 11 11 12 12 12 12 12 12 12 11 11 11 11 11 11 11 11 11
-9999 -9999 -9999 -9999 -9999 -9999 -9999 -9999 -9999 -9999 -9999 -9999 -9999 -9999 -9999 -9999 -9999 -9999 -9999 -9999 -9999 -9999 -9999 -9999 -9999 -9999 -9999 -9999 -9999 -9999 -9999 -9999 -9999 -9999 -9999 -9999 -9999 -9999 17 17 17 17 20 17 19 18 16 19 17 16 16 15 15 15 15 14 14 13 13 13 14 14 17 15 14 13 13 13 13 11 11 11 11 11 11 11 11 12 12 12 12 12 12 11 11 11 11 11 11 11 11 11
-9999 -9999 -9999 -9999 -9999 -9999 -9999 -9999 -9999 -9999 -9999 -9999 -9999 -9999 -9999 -9999 -9999 -9999 -9999 -9999 -9999 -9999 -9999 -9999 -9999 -9999 -9999 -9999 -9999 -9999 -9999 -9999 -9999 -9999 -9999 -9999 18 18 17 18 18 18 22 20 19 19 19 19 19 16 16 15 15 15 15 15 14 14 13 13 13 14 14 14 14 14 13 13 13 12 11 11 11 11 11 11 12 12 12 12 12 12 11 11 11 11 11 11 11 11 11 11
-9999 -9999 -9999 -9999 -9999 -9999 -9999 -9999 -9999 -9999 -9999 -9999 -9999 -9999 -9999 -9999 -9999 -9999 -9999 -9999 -9999 -9999 -9999 -9999 -9999 -9999 -9999 -9999 -9999 -9999 -9999 20 20 20 20 19 18 20 20 20 21 18 23 23 23 20 19 19 20 20 19 16 15 15 15 15 15 14 14 14 13 13 13 14 14 13 13 13 13 12 12 12 11 12 11 11 11 12 12 11 11 11 11 11 11 11 11 11 11 11 11 11
-9999 -9999 -9999 -9999 -9999 -9999 -9999 -9999 -9999 -9999 -9999 -9999 -9999 -9999 -9999 -9999 -9999 -9999 -9999 -9999 -9999 -9999 -9999 -9999 -9999 -9999 -9999 -9999 -9999 -9999 -9999 20 20 20 20 20 20 20 20 20 21 19 23 27 23 22 26 19 20 25 21 20 16 15 15 15 16 16 14 14 13 13 14 14 14 13 13 13 13 13 12 12 12 12 11 11 11 12 11 11 11 11 11 11 11 11 11 11 11 11 11 11
-9999 -9999 -9999 -9999 -9999 -9999 -9999 -9999 -9999 -9999 -9999 -9999 -9999 -9999 -9999 -9999 -9999 -9999 -9999 -9999 -9999 -9999 -9999 -9999 -9999 -9999 -9999 -9999 -9999 -9999 -9999 -9999 20 20 20 21 20 20 20 20 21 19 20 23 29 26 27 23 21 22 26 21 16 15 15 15 17 18 15 14 14 13 14 14 14 13 13 13 13 13 12 12 12 12 11 11 11 11 11 11 11 11 11 11 11 11 11 11 11 11 11 11
-9999 -9999 -9999 -9999 -9999 -9999 -9999 -9999 -9999 -9999 -9999 -9999 -9999 -9999 -9999 -9999 -9999 -9999 -9999 -9999 -9999 -9999 -9999 -9999 -9999 -9999 -9999 -9999 -9999 -9999 -9999 -9999 20 21 20 21 20 20 20 21 21 20 23 23 25 31 35 33 27 33 28 24 19 16 15 15 16 21 21 14 14 14 15 17 14 14 13 13 13 13 12 12 11 11 11 11 11 11 11 11 11 11 11 11 11 11 11 11 11 11 11 11
-9999 -9999 -9999 -9999 -9999 -9999 -9999 -9999 -9999 -9999 -9999 -9999 -9999 -9999 -9999 -9999 -9999 -9999 -9999 -9999 -9999 -9999 -9999 -9999 -9999 -9999 -9999 -9999 -9999 -9999 -9999 -9999 20 21 20 21 20 21 21 21 23 20 23 27 27 31 46 40 35 51 29 21 19 16 16 16 18 24 21 18 14 14 16 25 17 14 13 13 13 13 12 12 11 11 11 11 11 11 11 11 11 11 11 11 11 11 11 11 11 11 11 10
-9999 -9999 -9999 -9999 -9999 -9999 -9999 -9999 -9999 -9999 -9999 -9999 -9999 -9999 -9999 -9999 -9999 -9999 -9999 -9999 -9999 -9999 -9999 -9999 -9999 -9999 -9999 -9999 -9999 -9999 -9999 -9999 20 20 21 21 20 21 22 22 23 21 23 26 29 33 42 41 53 72 68 22 20 20 16 16 18 24 28 24 18 14 14 16 14 14 14 13 13 13 12 12 11 11 11 11 11 11 11 11 11 11 11 11 11 11 11 11 11 11 11 10
-9999 -9999 -9999 -9999 -9999 -9999 -9999 -9999 -9999 -9999 -9999 -9999 -9999 -9999 -9999 -9999 -9999 -9999 -9999 -9999 -9999 -9999 -9999 -9999 -9999 -9999 -9999 -9999 -9999 -9999 -9999 -9999 20 21 20 21 21 21 22 22 22 22 23 24 31 37 44 48 62 72 60 30 27 23 20 17 20 20 21 26 21 18 20 20 18 16 15 13 13 13 12 12 12 11 11 12 12 11 11 11 11 11 11 11 11 11 11 11 11 11 10 10
-9999 -9999 -9999 -9999 -9999 -9999 -9999 -9999 -9999 -9999 -9999 -9999 -9999 -9999 -9999 -9999 -9999 -9999 -9999 -9999 -9999 -9999 -9999 -9999 -9999 -9999 -9999 -9999 -9999 -9999 -9999 -9999 -9999 20 20 20 20 21 22 23 21 20 20 25 27 33 55 49 72 60 63 46 35 25 18 18 18 22 16 16 18 21 26 26 18 18 15 14 13 13 12 12 12 11 11 12 12 12 11 11 11 11 11 11 11 11 11 11 11 11 10 9
-9999 -9999 -9999 -9999 -9999 -9999 -9999 -9999 -9999 -9999 -9999 -9999 -9999 -9999 -9999 -9999 -9999 -9999 -9999 -9999 -9999 -9999 -9999 -9999 -9999 -9999 -9999 -9999 -9999 -9999 -9999 -9999 -9999 20 20 21 20 21 21 21 20 20 20 23 28 35 41 39 45 59 55 38 22 18 16 16 16 19 16 15 16 18 26 26 18 15 15 15 14 13 12 12 11 11 11 12 12 12 11 11 11 11 11 10 11 11 11 11 11 10 9 9
-9999 -9999 -9999 -9999 -9999 -9999 -9999 -9999 -9999 -9999 -9999 -9999 -9999 -9999 -9999 -9999 -9999 -9999 -9999 -9999 -9999 -9999 -9999 -9999 -9999 -9999 -9999 -9999 -9999 -9999 -9999 -9999 -9999 20 21 21 20 20 19 19 19 20 20 20 25 31 29 31 34 46 51 36 20 17 16 15 16 16 18 14 14 16 23 16 17 14 13 13 13 12 12 12 11 11 11 11 11 12 11 11 11 11 11 10 11 11 11 11 10 9 9 9
-9999 -9999 -9999 -9999 -9999 -9999 -9999 -9999 -9999 -9999 -9999 -9999 -9999 -9999 -9999 -9999 -9999 -9999 -9999 -9999 -9999 -9999 -9999 -9999 -9999 -9999 -9999 -9999 -9999 -9999 -9999 -9999 -9999 20 21 21 20 21 20 20 20 19 20 20 22 27 26 27 27 33 49 47 22 17 16 15 15 14 19 14 14 15 18 14 14 13 13 13 13 12 12 12 12 11 11 11 11 11 11 11 11 11 11 11 9 10 9 9 9 9 9 9
-9999 -9999 -9999 -9999 -9999 -9999 -9999 -9999 -9999 -9999 -9999 -9999 -9999 -9999 -9999 -9999 -9999 -9999 -9999 -9999 -9999 -9999 -9999 -9999 -9999 -9999 -9999 -9999 -9999 -9999 -9999 -9999 -9999 20 20 21 21 21 21 21 20 20 20 20 20 22 21 20 24 29 45 42 27 19 16 15 14 14 15 15 14 14 14 14 13 13 13 13 12 12 12 12 11 11 11 11 11 11 10 10 10 10 10 11 9 9 9 9 9 9 9 9
-9999 -9999 -9999 -9999 -9999 -9999 -9999 -9999 -9999 -9999 -9999 -9999 -9999 -9999 -9999 -9999 -9999 -9999 -9999 -9999 -9999 -9999 -9999 -9999 -9999 -9999 -9999 -9999 -9999 -9999 -9999 -9999 -9999 20 21 21 21 21 21 22 20 19 20 20 20 22 24 25 29 33 47 49 25 18 17 16 14 14 14 16 13 13 13 13 13 13 13 13 12 12 12 12 12 11 11 11 11 11 10 10 10 10 9 9 9 9 9 9 9 9 9 9
-9999 -9999 -9999 -9999 -9999 -9999 -9999 -9999 -9999 -9999 -9999 -9999 -9999 -9999 -9999 -9999 -9999 -9999 -9999 -9999 -9999 -9999 -9999 -9999 -9999 -9999 -9999 -9999 -9999 -9999 -9999 -9999 -9999 20 21 21 21 21 21 22 21 21 20 20 21 21 21 24 27 34 51 31 22 17 16 16 14 14 14 13 13 13 13 13 13 13 13 13 12 12 12 12 12 11 11 11 11 11 10 10 10 10 9 9 9 9 9 9 8 9 9 8
-9999 -9999 -9999 -9999 -9999 -9999 -9999 -9999 -9999 -9999 -9999 -9999 -9999 -9999 -9999 -9999 -9999 -9999 -9999 -9999 -9999 -9999 -9999 -9999 -9999 -9999 -9999 -9999 -9999 -9999 -9999 -9999 -9999 21 20 21 21 21 22 23 22 24 20 20 22 27 21 21 27 31 38 22 20 18 16 16 14 14 13 13 13 13 13 13 13 13 13 13 12 12 12 12 12 11 11 11 11 11 10 10 10 10 9 9 9 9 9 9 9 8 8 8
-9999 -9999 -9999 -9999 -9999 -9999 -9999 -9999 -9999 -9999 -9999 -9999 -9999 -9999 -9999 -9999 -9999 -9999 -9999 -9999 -9999 -9999 -9999 -9999 -9999 -9999 -9999 -9999 -9999 -9999 -9999 -9999 -9999 -9999 21 21 21 21 22 24 24 24 21 20 21 27 25 21 25 35 44 25 22 19 17 16 14 14 13 13 13 13 13 13 13 13 13 12 12 12 12 12 11 11 11 11 11 11 11 10 10 10 10 9 9 9 9 9 9 8 8 8
-9999 -9999 -9999 -9999 -9999 -9999 -9999 -9999 -9999 -9999 -9999 -9999 -9999 -9999 -9999 -9999 -9999 -9999 -9999 -9999 -9999 -9999 -9999 -9999 -9999 -9999 -9999 -9999 -9999 -9999 -9999 -9999 -9999 -9999 21 21 21 22 24 24 24 24 21 20 21 24 31 27 27 40 27 22 20 20 18 16 16 14 13 13 13 13 13 13 13 13 13 12 12 12 12 12 12 11 11 11 11 11 11 10 10 10 10 9 9 9 9 9 9 8 8 8
-9999 -9999 -9999 -9999 -9999 -9999 -9999 -9999 -9999 -9999 -9999 -9999 -9999 -9999 -9999 -9999 -9999 -9999 -9999 -9999 -9999 -9999 -9999 -9999 -9999 -9999 -9999 -9999 -9999 -9999 -9999 -9999 -9999 21 21 21 21 21 22 22 24 24 21 20 21 24 29 31 40 35 25 19 17 17 16 16 16 14 13 13 13 13 13 13 13 13 13 12 12 12 12 12 12 12 11 11 11 11 11 10 10 10 9 9 9 9 9 9 9 8 8 8
-9999 -9999 -9999 -9999 -9999 -9999 -9999 -9999 -9999 -9999 -9999 -9999 -9999 -9999 -9999 -9999 -9999 -9999 -9999 -9999 -9999 -9999 -9999 -9999 -9999 -9999 -9999 -9999 -9999 -9999 -9999 -9999 -9999 21 21 21 21 22 22 22 24 24 23 21 21 21 25 25 30 27 31 22 19 17 16 16 16 14 14 13 13 13 13 13 13 13 13 13 12 12 12 12 12 12 11 11 11 11 11 10 10 10 9 9 9 9 9 9 9 8 8 9
-9999 -9999 -9999 -9999 -9999 -9999 -9999 -9999 -9999 -9999 -9999 -9999 -9999 -9999 -9999 -9999 -9999 -9999 -9999 -9999 -9999 -9999 -9999 -9999 -9999 -9999 -9999 -9999 -9999 -9999 -9999 -9999 -9999 21 22 21 21 22 22 24 24 24 21 21 21 21 21 22 22 24 29 26 20 19 17 17 16 17 15 13 13 13 13 13 13 13 13 13 12 12 12 12 12 12 12 12 11 11 11 10 10 10 9 9 9 9 9 9 9 8 8 9
-9999 -9999 -9999 -9999 -9999 -9999 -9999 -9999 -9999 -9999 -9999 -9999 -9999 -9999 -9999 -9999 -9999 -9999 -9999 -9999 -9999 -9999 -9999 -9999 -9999 -9999 -9999 -9999 -9999 -9999 -9999 -9999 -9999 21 22 22 22 22 22 25 25 25 24 21 21 21 21 21 22 25 29 33 22 22 21 20 17 17 15 13 13 13 13 13 13 13 13 13 12 12 12 12 12 12 12 11 11 11 10 10 10 10 9 9 9 9 9 9 9 9 9 9
-9999 -9999 -9999 -9999 -9999 -9999 -9999 -9999 -9999 -9999 -9999 -9999 -9999 -9999 -9999 -9999 -9999 -9999 -9999 -9999 -9999 -9999 -9999 -9999 -9999 -9999 -9999 -9999 -9999 -9999 -9999 -9999 -9999 21 22 21 22 23 23 24 24 24 24 22 21 21 24 26 23 38 38 47 25 31 26 24 19 19 17 14 13 13 13 13 13 13 13 13 12 12 12 12 12 12 12 11 11 11 10 10 10 10 9 9 9 9 9 9 9 9 9 9
-9999 -9999 -9999 -9999 -9999 -9999 -9999 -9999 -9999 -9999 -9999 -9999 -9999 -9999 -9999 -9999 -9999 -9999 -9999 -9999 -9999 -9999 -9999 -9999 -9999 -9999 -9999 -9999 -9999 -9999 -9999 -9999 -9999 21 21 21 22 23 25 25 24 25 27 24 27 24 26 30 27 34 53 69 46 51 31 33 24 22 18 15 13 13 13 13 13 13 13 13 12 12 12 12 12 12 12 11 11 10 10 10 10 10 9 9 9 9 9 9 9 9 9 9
-9999 -9999 -9999 -9999 -9999 -9999 -9999 -9999 -9999 -9999 -9999 -9999 -9999 -9999 -9999 -9999 -9999 -9999 -9999 -9999 -9999 -9999 -9999 -9999 -9999 -9999 -9999 -9999 -9999 -9999 -9999 -9999 -9999 -9999 21 21 22 23 23 25 24 25 29 26 23 23 25 34 37 67 69 66 46 45 61 51 35 21 15 15 13 13 13 13 13 13 13 13 12 12 12 12 12 12 12 11 11 11 10 10 10 10 9 9 9 9 9 9 9 9 9 9
-9999 -9999 -9999 -9999 -9999 -9999 -9999 -9999 -9999 -9999 -9999 -9999 -9999 -9999 -9999 -9999 -9999 -9999 -9999 -9999 -9999 -9999 -9999 -9999 -9999 -9999 -9999 -9999 -9999 -9999 -9999 -9999 -9999 -9999 21 21 22 23 25 25 25 25 34 33 27 30 26 29 50 74 75 55 33 33 44 29 21 18 16 15 14 13 13 13 13 13 13 13 13 12 12 12 12 12 12 11 11 11 11 10 10 10 9 9 9 9 9 9 9 9 9 9
-9999 -9999 -9999 -9999 -9999 -9999 -9999 -9999 -9999 -9999 -9999 -9999 -9999 -9999 -9999 -9999 -9999 -9999 -9999 -9999 -9999 -9999 -9999 -9999 -9999 -9999 -9999 -9999 -9999 -9999 -9999 -9999 -9999 -9999 21 22 22 23 25 25 25 25 30 34 28 34 31 40 58 75 77 53 37 26 38 41 36 20 18 15 15 14 14 15 13 13 13 13 13 12 12 12 12 12 12 12 11 11 11 10 10 10 9 9 9 9 9 9 9 9 9 9
-9999 -9999 -9999 -9999 -9999 -9999 -9999 -9999 -9999 -9999 -9999 -9999 -9999 -9999 -9999 -9999 -9999 -9999 -9999 -9999 -9999 -9999 -9999 -9999 -9999 -9999 -9999 -9999 -9999 -9999 -9999 -9999 -9999 -9999 21 22 22 23 25 24 24 26 26 29 25 30 34 63 77 75 78 77 51 26 25 33 57 29 19 17 15 15 15 15 15 18 15 13 13 13 12 12 12 12 12 12 12 11 11 10 10 10 9 9 9 9 9 9 9 9 9 9
-9999 -9999 -9999 -9999 -9999 -9999 -9999 -9999 -9999 -9999 -9999 -9999 -9999 -9999 -9999 -9999 -9999 -9999 -9999 -9999 -9999 -9999 -9999 -9999 -9999 -9999 -9999 -9999 -9999 -9999 -9999 -9999 -9999 22 21 22 22 23 25 23 24 24 24 24 24 26 39 61 78 78 80 76 51 27 24 31 47 55 25 19 16 15 15 16 15 16 17 15 15 15 12 12 12 12 12 12 12 11 11 10 10 10 9 9 9 9 9 9 9 9 9 9
-9999 -9999 -9999 -9999 -9999 -9999 -9999 -9999 -9999 -9999 -9999 -9999 -9999 -9999 -9999 -9999 -9999 -9999 -9999 -9999 -9999 -9999 -9999 -9999 -9999 -9999 -9999 -9999 -9999 -9999 -9999 -9999 -9999 22 22 22 22 23 25 23 23 22 22 22 24 26 43 62 81 66 76 76 57 25 22 24 30 40 30 24 18 17 16 19 16 15 13 13 15 12 12 12 12 12 12 12 12 11 11 10 10 10 10 9 9 9 9 9 9 9 9 9
-9999 -9999 -9999 -9999 -9999 -9999 -9999 -9999 -9999 -9999 -9999 -9999 -9999 -9999 -9999 -9999 -9999 -9999 -9999 -9999 -9999 -9999 -9999 -9999 -9999 -9999 -9999 -9999 -9999 -9999 -9999 -9999 23 23 22 22 22 23 23 23 21 22 22 24 26 27 40 58 69 53 55 77 61 34 23 23 31 42 61 55 31 23 21 18 15 15 13 13 13 12 12 12 12 12 12 12 12 12 11 11 10 10 10 9 9 9 9 9 9 9 9 9
-9999 -9999 -9999 -9999 -9999 -9999 -9999 -9999 -9999 -9999 -9999 -9999 -9999 -9999 -9999 -9999 -9999 -9999 -9999 -9999 -9999 -9999 -9999 -9999 -9999 -9999 -9999 -9999 -9999 -9999 -9999 -9999 23 23 22 22 22 23 22 23 21 22 24 24 26 28 45 52 64 56 47 65 62 53 24 21 27 40 57 49 32 23 18 15 15 13 13 13 12 11 11 11 11 11 11 11 11 11 11 11 10 10 10 9 9 9 9 9 9 9 9 9
-9999 -9999 -9999 -9999 -9999 -9999 -9999 -9999 -9999 -9999 -9999 -9999 -9999 -9999 -9999 -9999 -9999 -9999 -9999 -9999 -9999 -9999 -9999 -9999 -9999 -9999 -9999 -9999 -9999 -9999 -9999 -9999 23 23 22 22 22 23 23 23 23 22 22 23 24 26 30 48 53 45 34 49 55 32 24 21 23 30 40 39 35 19 16 15 15 13 13 13 12 11 11 11 11 11 11 11 11 11 11 11 10 10 10 9 9 9 9 9 9 9 9 9
-9999 -9999 -9999 -9999 -9999 -9999 -9999 -9999 -9999 -9999 -9999 -9999 -9999 -9999 -9999 -9999 -9999 -9999 -9999 -9999 -9999 -9999 -9999 -9999 -9999 -9999 -9999 -9999 -9999 -9999 -9999 -9999 -9999 23 22 22 22 23 27 25 23 23 22 24 28 30 34 46 36 46 30 40 49 40 25 19 22 26 26 33 33 19 16 15 15 15 13 13 13 12 11 11 11 11 11 11 11 11 11 11 10 10 10 9 9 9 9 9 9 9 9 9
