invasiveSpecies/multiSpecies/data/worldclim_KE/worldclim_KE_2050_BC85_Bio6.asc
ncols         347
nrows         295
xllcorner     36.068012264173
yllcorner     0.13039239511974
cellsize      0.0083333333333333
NODATA_value  -9999
[rows 185 to 221 of 295, columns 168 to 251 of 347]
163 162 162 163 164 164 164 165 167 167 167 167 167 168 168 168 167 167 168 167 167 164 164 164 166 166 167 168 169 169 169 168 168 169 169 168 166 167 166 166 167 167 168 168 169 169 169 169 170 172 172 173 173 173 173 172 172 173 173 173 174 174 175 176 176 176 176 176 177 177 177 178 177 179 178 179 180 180 181 181 181 181 183 182
163 162 162 163 163 163 164 166 165 166 165 166 167 168 168 168 167 167 167 167 164 164 164 163 166 167 168 168 169 169 168 167 168 168 169 168 167 167 166 166 167 167 168 168 169 169 170 170 172 171 172 172 173 173 173 173 172 173 173 173 174 175 176 176 176 176 175 176 176 177 176 177 178 177 179 178 179 180 180 180 181 180 181 181
163 162 162 163 163 162 164 164 165 167 166 165 167 167 167 167 167 166 163 163 163 163 163 163 166 166 167 168 168 168 167 166 168 168 167 168 168 167 166 166 167 167 167 168 169 169 170 170 171 171 172 172 172 173 172 172 172 173 173 173 175 175 175 176 175 175 175 176 176 176 176 176 177 177 179 177 179 179 180 179 179 180 180 180
162 161 161 161 161 161 163 165 166 165 165 165 166 167 167 167 166 166 163 163 162 161 162 162 162 166 167 168 168 168 167 166 166 168 168 167 168 166 166 166 167 167 168 168 168 169 170 170 170 172 172 172 172 172 172 172 171 172 173 173 173 175 174 174 175 175 175 176 176 175 175 176 176 177 177 178 179 179 178 178 179 180 180 180
160 160 160 158 160 158 162 164 165 166 165 165 165 166 166 166 166 164 163 163 162 162 162 162 162 166 167 168 168 167 167 167 167 167 167 166 168 167 166 165 167 167 168 168 169 169 170 170 170 170 170 172 171 172 171 171 172 172 173 173 173 174 175 175 173 173 175 175 175 175 175 175 176 176 178 178 179 179 177 178 179 180 179 179
159 158 150 155 155 158 161 163 165 165 166 164 164 164 165 166 166 165 165 164 162 162 162 163 162 166 167 168 167 167 167 166 166 166 167 166 167 167 166 166 167 167 167 168 169 169 169 170 170 169 171 170 172 172 172 171 172 172 172 173 173 173 174 173 174 173 174 174 175 175 175 175 175 176 176 177 177 178 178 178 179 179 177 178
158 157 135 132 157 159 161 163 164 164 164 164 164 165 165 164 166 166 166 165 162 162 162 163 162 166 167 167 167 167 166 167 166 165 166 166 166 166 165 166 167 164 165 168 169 169 170 170 170 169 171 170 172 172 171 171 170 172 172 173 173 173 173 174 172 173 174 174 175 175 176 176 176 176 177 176 177 178 178 178 179 179 180 179
155 155 154 136 151 160 162 163 164 164 164 165 163 163 165 164 166 166 164 165 163 163 163 162 162 165 166 167 167 167 166 166 166 165 166 166 166 166 165 166 167 168 168 168 169 169 169 169 169 169 170 170 172 172 170 171 171 172 172 172 173 173 173 172 173 174 174 175 175 175 176 176 176 177 176 176 178 176 179 179 180 180 180 181
152 154 153 153 158 160 162 163 164 164 163 164 163 163 164 164 164 164 165 164 164 163 163 163 162 162 166 166 167 167 165 165 165 165 165 165 165 166 166 166 167 168 168 168 169 169 169 168 169 169 170 171 170 170 170 171 171 172 172 172 173 173 172 172 174 174 174 174 175 175 176 176 176 176 177 177 179 178 178 180 180 181 181 181
134 150 151 151 159 161 163 163 164 164 163 163 163 163 163 164 164 165 164 163 164 164 164 164 163 157 165 166 167 167 166 165 164 164 165 164 164 165 165 166 167 167 167 168 168 169 168 169 169 169 170 170 171 171 170 170 171 172 172 172 172 172 172 173 174 173 174 175 175 175 175 176 176 177 178 178 178 179 179 179 179 180 181 181
139 133 149 145 158 161 162 163 163 163 163 163 162 162 163 164 164 164 164 162 162 164 164 163 159 163 165 166 167 166 166 165 164 164 164 164 164 165 165 166 167 167 167 168 168 168 168 169 169 169 170 170 170 171 170 171 171 171 172 172 172 173 173 173 174 174 175 175 175 176 175 176 176 177 177 178 179 178 179 180 180 179 180 180
145 129 139 155 159 161 162 163 163 163 163 163 162 162 163 163 163 163 163 164 163 165 164 164 164 165 166 166 166 166 166 164 163 160 163 164 164 165 165 165 167 167 167 168 168 168 168 169 169 169 169 169 170 170 170 170 171 172 172 172 173 173 173 173 173 174 175 174 175 176 176 176 177 177 177 177 179 179 180 180 180 179 181 181
156 156 157 158 160 161 162 162 162 162 163 162 162 162 162 163 163 163 163 163 164 165 166 166 166 166 166 166 166 166 165 165 163 162 163 162 161 161 164 165 165 167 166 167 167 168 168 169 169 169 169 169 170 170 169 170 171 172 172 173 173 173 173 174 174 174 175 175 175 176 176 177 177 177 178 178 179 178 179 179 180 180 181 180
158 159 160 160 161 161 162 162 162 162 162 162 162 162 162 163 163 164 164 164 164 166 166 166 166 166 166 166 166 166 165 165 164 163 163 156 162 164 165 165 166 165 167 167 168 168 168 168 169 168 169 169 169 169 169 171 171 171 172 172 173 173 173 174 174 174 175 176 176 176 176 177 177 177 178 178 178 178 178 178 180 179 179 180
159 159 160 160 160 157 159 160 161 161 162 162 162 162 163 163 163 164 164 164 166 165 165 165 165 166 165 165 165 165 165 164 163 163 163 162 163 164 164 164 165 166 167 167 168 168 168 168 168 168 169 169 169 169 169 171 171 172 172 172 172 173 173 173 174 175 174 176 176 176 176 176 177 177 177 178 176 177 178 179 179 178 179 180
158 159 159 158 148 146 157 160 161 161 162 162 162 162 162 163 163 164 164 165 164 166 165 165 164 165 165 165 165 165 165 164 164 163 163 163 163 163 162 163 164 166 166 167 166 168 168 168 168 168 169 168 169 169 169 171 170 172 172 173 173 173 173 173 174 174 175 175 176 176 176 177 177 177 177 172 175 176 178 179 178 179 179 179
155 137 153 156 150 152 155 158 160 161 161 161 161 162 163 163 163 164 164 165 165 165 165 166 165 165 164 163 165 165 164 164 164 163 163 162 161 161 161 162 164 166 166 166 166 168 168 167 167 168 168 169 169 169 170 170 171 171 172 173 173 173 173 174 174 174 175 175 175 176 176 177 177 177 176 174 176 177 178 178 178 178 178 178
149 138 153 155 152 145 155 159 160 160 161 161 162 162 162 163 163 163 164 164 164 164 165 165 164 165 164 164 164 164 163 163 162 161 161 159 158 159 159 159 163 165 166 167 166 168 168 168 167 167 168 169 169 170 170 170 171 172 172 173 173 173 173 173 174 174 174 175 175 176 176 176 176 177 176 173 175 176 177 177 177 178 178 179
149 151 153 155 155 156 157 158 158 159 160 161 161 162 162 162 163 163 164 164 164 164 164 165 164 164 163 163 164 164 163 163 162 159 159 156 151 157 158 157 163 165 166 166 168 168 169 168 168 168 168 169 169 170 170 170 171 171 172 172 172 172 173 173 173 174 174 175 176 176 175 175 175 176 176 175 175 176 178 178 178 178 178 178
153 155 156 157 158 157 156 157 155 157 157 159 160 161 162 162 163 163 163 163 163 164 164 164 165 165 164 164 163 163 161 161 161 159 158 148 137 155 156 154 163 165 166 166 168 168 169 169 168 168 169 168 169 170 170 170 170 172 172 172 172 172 173 173 174 173 173 174 175 175 175 175 175 176 175 176 176 176 178 178 178 178 179 179
154 155 156 157 157 155 154 140 135 142 156 157 159 161 161 162 163 163 163 163 163 164 164 164 163 163 164 164 164 162 162 161 159 157 156 140 130 134 156 157 163 164 166 167 168 168 169 169 169 169 169 169 169 170 170 169 170 170 170 171 172 172 173 173 173 173 173 175 174 175 174 174 175 175 175 176 176 178 178 178 179 179 179 179
153 155 156 156 154 152 139 133 129 132 154 156 158 160 160 162 162 163 162 163 163 163 164 165 164 163 163 162 163 163 162 162 158 158 155 139 129 147 156 157 163 164 167 167 168 167 169 169 169 170 169 169 169 170 170 171 170 171 171 171 172 172 172 173 173 173 173 173 173 173 173 174 175 175 175 176 177 177 177 178 179 179 180 180
153 154 156 154 153 146 125 124 140 141 145 155 159 159 158 161 162 162 162 163 163 164 163 164 163 163 163 162 162 163 161 160 158 158 154 143 131 141 158 159 162 164 165 168 167 168 168 169 169 170 170 170 170 170 170 170 170 171 171 171 172 172 172 172 172 172 172 173 173 173 173 174 175 175 175 176 176 177 177 178 179 179 179 180
154 155 156 155 152 133 117 114 130 149 139 138 157 158 159 161 161 162 162 163 163 163 163 163 163 163 162 162 162 163 161 162 159 153 154 146 138 146 158 161 163 164 166 167 168 168 169 169 169 169 169 170 170 170 171 171 172 171 172 172 172 172 172 172 172 172 172 173 174 174 175 175 176 176 175 175 176 176 177 178 178 178 178 179
154 155 157 155 152 149 109 113 119 134 152 155 157 158 159 160 161 162 162 163 162 163 163 163 162 162 162 162 161 161 162 160 159 148 141 145 148 156 160 162 163 165 166 167 167 168 168 169 169 169 169 170 170 171 171 171 171 171 171 171 172 172 172 172 172 172 172 173 173 175 175 176 176 177 176 175 176 177 178 177 178 178 179 180
154 157 158 156 154 144 108 108 113 114 147 156 157 158 159 160 161 161 161 162 162 163 163 163 162 162 162 162 161 161 161 161 159 152 143 149 151 160 161 163 164 165 166 167 167 167 167 167 169 168 169 170 170 171 171 171 171 171 172 172 172 172 173 172 172 172 172 173 174 173 173 175 176 177 176 176 176 177 177 178 178 179 179 180
155 157 158 157 155 152 130 106 111 129 155 157 158 159 160 161 161 161 161 162 162 161 163 163 162 162 162 162 161 161 161 160 160 155 154 157 157 160 163 164 165 166 167 167 167 168 168 167 169 169 170 170 170 171 171 171 171 173 173 172 173 173 173 173 173 173 173 173 175 174 174 175 176 177 176 176 177 176 177 177 178 179 180 180
156 157 158 159 157 155 147 138 127 143 154 157 158 160 161 161 161 162 162 162 162 162 162 163 162 162 162 162 162 161 162 160 160 158 159 161 160 161 164 165 166 166 166 167 167 168 166 166 168 169 170 170 170 171 171 171 171 172 173 172 172 173 173 173 173 173 173 173 173 173 174 176 176 177 177 177 177 177 178 178 178 179 179 181
156 157 159 159 157 157 156 152 146 149 157 158 159 161 161 162 162 162 162 162 162 162 162 163 162 162 163 163 162 162 162 161 161 160 159 161 163 164 165 166 166 167 167 167 168 168 167 168 169 169 170 170 170 171 170 171 171 171 171 173 172 173 173 174 173 174 174 172 172 172 171 173 175 177 178 178 178 178 178 178 178 179 180 179
156 157 159 160 160 159 158 157 154 157 158 160 160 162 162 162 162 163 163 163 163 162 163 163 163 163 163 163 162 162 162 161 162 160 162 162 164 163 164 166 166 167 167 167 169 168 169 168 169 169 170 170 170 170 170 171 171 171 172 173 173 174 174 174 174 174 174 172 170 159 164 173 176 177 177 178 177 177 177 178 178 179 179 178
156 158 159 160 160 160 160 158 159 160 161 161 162 162 163 162 163 163 163 163 163 163 163 163 163 163 163 163 163 162 162 160 160 161 162 163 161 162 162 166 167 167 167 168 168 168 168 169 168 168 167 169 168 169 169 170 171 171 171 172 173 173 174 174 174 174 173 174 169 166 166 171 173 177 177 177 177 177 177 176 176 177 178 178
156 158 159 159 160 161 161 161 161 161 162 162 162 162 163 163 163 163 164 164 164 163 163 164 163 163 163 163 163 162 161 159 159 158 158 162 160 162 164 167 167 168 168 168 168 168 170 168 168 168 160 158 165 167 166 170 170 171 171 172 173 173 172 174 174 173 173 174 174 174 172 172 174 176 177 177 176 176 176 176 176 176 177 179
156 157 159 160 161 161 161 162 162 162 162 162 163 163 164 164 163 163 164 164 164 164 164 164 163 163 163 164 163 162 160 158 157 159 160 159 156 162 166 166 167 167 168 168 168 170 169 168 168 169 166 142 154 165 167 170 171 171 171 172 173 173 174 174 173 173 173 173 173 174 173 175 175 176 175 175 175 175 176 175 176 176 177 178
156 158 159 160 161 161 162 162 162 162 162 163 163 163 163 164 164 163 164 164 164 164 164 165 163 163 164 164 163 162 161 161 161 161 161 157 155 161 165 166 167 167 168 168 169 170 169 169 170 168 166 137 145 162 168 170 170 171 171 171 172 173 174 174 173 172 172 172 172 173 175 174 175 174 175 175 175 175 175 175 175 176 177 178
157 158 159 161 160 161 161 161 162 162 162 162 163 163 164 163 164 164 164 164 165 165 165 165 164 163 164 164 163 162 162 162 162 161 161 157 158 164 165 166 166 167 167 168 169 169 169 169 169 170 166 140 147 163 168 170 171 171 172 172 173 173 173 171 169 170 172 172 172 173 173 175 175 174 175 174 175 175 175 175 174 176 176 177
157 158 159 159 161 161 161 162 161 161 161 162 163 163 163 164 165 163 162 165 165 165 165 165 164 163 165 164 164 162 163 162 162 161 160 160 161 164 164 165 166 167 167 168 169 169 169 169 170 169 167 143 162 165 168 170 171 171 172 172 172 173 173 171 170 172 172 172 173 173 173 174 173 174 175 175 174 174 174 174 174 175 176 177
156 157 158 159 160 161 161 161 159 158 160 160 162 163 163 164 164 164 164 165 165 165 165 165 165 165 165 164 164 163 163 162 161 158 154 155 157 162 163 164 166 166 167 168 169 169 169 171 170 170 170 163 157 166 166 170 171 171 172 172 172 171 173 166 172 172 172 171 172 173 172 173 173 173 173 174 174 174 174 174 174 175 176 177
