invasiveSpecies/multiSpecies/data/worldclim_KE/worldclim_KE_2050_BC26_Bio17.asc
ncols         347
nrows         295
xllcorner     36.068012264173
yllcorner     0.13039239511974
cellsize      0.0083333333333333
NODATA_value  -9999
[rows 164 to 204 of 295, columns 92 to 183 of 347]
-9999 -9999 -9999 -9999 -9999 -9999 -9999 -9999 -9999 -9999 -9999 -9999 -9999 -9999 -9999 -9999 -9999 -9999 -9999 -9999 -9999 -9999 -9999 -9999 -9999 -9999 -9999 -9999 -9999 -9999 -9999 -9999 -9999 24 22 23 23 23 27 25 23 25 25 26 34 26 28 44 30 36 36 29 48 38 27 21 19 20 24 26 27 26 19 18 15 15 13 13 13 12 11 11 11 11 11 11 11 11 11 11 10 10 10 9 9 9 9 9 9 9 9 9
-9999 -9999 -9999 -9999 -9999 -9999 -9999 -9999 -9999 -9999 -9999 -9999 -9999 -9999 -9999 -9999 -9999 -9999 -9999 -9999 -9999 -9999 -9999 -9999 -9999 -9999 -9999 -9999 -9999 -9999 -9999 -9999 -9999 23 22 23 23 24 23 25 23 24 25 28 35 26 24 32 25 28 30 24 29 38 27 22 19 20 23 24 24 23 19 16 16 15 13 13 13 12 12 11 11 11 11 11 11 11 11 11 10 10 10 10 9 9 9 9 9 9 9 9
-9999 -9999 -9999 -9999 -9999 -9999 -9999 -9999 -9999 -9999 -9999 -9999 -9999 -9999 -9999 -9999 -9999 -9999 -9999 -9999 -9999 -9999 -9999 -9999 -9999 -9999 -9999 -9999 -9999 -9999 -9999 -9999 -9999 23 22 22 23 23 23 23 23 23 24 25 32 24 24 26 28 24 26 22 29 31 30 23 19 19 20 22 24 24 18 15 15 15 13 13 13 12 12 11 11 11 11 11 11 11 11 11 11 10 10 10 9 9 9 9 9 9 9 9
-9999 -9999 -9999 -9999 -9999 -9999 -9999 -9999 -9999 -9999 -9999 -9999 -9999 -9999 -9999 -9999 -9999 -9999 -9999 -9999 -9999 -9999 -9999 -9999 -9999 -9999 -9999 -9999 -9999 -9999 -9999 -9999 -9999 23 23 22 23 23 24 24 23 23 25 25 28 24 23 22 24 22 24 20 20 24 24 22 19 19 22 26 29 22 16 16 15 15 13 13 13 12 12 12 11 11 11 11 11 11 11 11 12 10 10 10 9 9 9 9 9 9 9 9
-9999 -9999 -9999 -9999 -9999 -9999 -9999 -9999 -9999 -9999 -9999 -9999 -9999 -9999 -9999 -9999 -9999 -9999 -9999 -9999 -9999 -9999 -9999 -9999 -9999 -9999 -9999 -9999 -9999 -9999 -9999 -9999 -9999 -9999 24 23 23 24 24 25 25 25 25 25 25 24 23 22 26 23 21 21 20 20 20 21 19 19 22 23 23 20 19 16 15 15 13 13 13 15 15 13 12 11 11 11 11 11 11 11 12 10 11 10 9 9 9 9 9 9 9 9
-9999 -9999 -9999 -9999 -9999 -9999 -9999 -9999 -9999 -9999 -9999 -9999 -9999 -9999 -9999 -9999 -9999 -9999 -9999 -9999 -9999 -9999 -9999 -9999 -9999 -9999 -9999 -9999 -9999 -9999 -9999 -9999 -9999 -9999 24 23 23 24 24 24 24 25 25 25 25 24 24 22 24 21 21 21 20 19 19 19 19 19 19 19 19 19 19 18 18 16 15 15 15 15 15 15 13 12 11 11 11 11 11 11 12 11 11 10 9 9 9 9 9 9 9 9
-9999 -9999 -9999 -9999 -9999 -9999 -9999 -9999 -9999 -9999 -9999 -9999 -9999 -9999 -9999 -9999 -9999 -9999 -9999 -9999 -9999 -9999 -9999 -9999 -9999 -9999 -9999 -9999 -9999 -9999 -9999 -9999 -9999 25 24 23 23 24 24 24 25 25 25 25 25 23 22 21 22 21 21 20 19 19 19 19 23 21 20 20 19 21 22 24 32 21 15 16 15 18 18 12 12 12 12 11 11 11 11 11 12 12 11 10 9 9 9 9 9 9 9 9
-9999 -9999 -9999 -9999 -9999 -9999 -9999 -9999 -9999 -9999 -9999 -9999 -9999 -9999 -9999 -9999 -9999 -9999 -9999 -9999 -9999 -9999 -9999 -9999 -9999 -9999 -9999 -9999 -9999 -9999 -9999 -9999 -9999 25 24 23 24 24 24 24 25 25 25 25 22 22 22 21 21 21 20 20 19 19 20 22 25 25 23 24 21 27 35 27 38 30 26 24 19 18 16 14 14 15 13 11 11 11 11 11 11 11 11 10 9 9 9 9 9 9 9 9
-9999 -9999 -9999 -9999 -9999 -9999 -9999 -9999 -9999 -9999 -9999 -9999 -9999 -9999 -9999 -9999 -9999 -9999 -9999 -9999 -9999 -9999 -9999 -9999 -9999 -9999 -9999 -9999 -9999 -9999 -9999 -9999 -9999 25 24 23 24 24 24 24 25 27 25 25 22 22 22 21 21 20 20 20 20 20 20 23 27 34 27 34 22 25 40 30 38 26 18 18 18 15 15 18 18 16 15 12 11 11 11 11 11 11 10 10 9 9 9 9 9 9 9 9
-9999 -9999 -9999 -9999 -9999 -9999 -9999 -9999 -9999 -9999 -9999 -9999 -9999 -9999 -9999 -9999 -9999 -9999 -9999 -9999 -9999 -9999 -9999 -9999 -9999 -9999 -9999 -9999 -9999 -9999 -9999 -9999 26 25 25 23 24 24 24 25 24 25 25 22 22 22 22 21 21 21 21 20 20 20 21 23 43 38 32 38 36 29 45 34 34 22 16 15 15 13 12 13 15 15 14 12 11 11 11 11 11 11 10 10 9 9 9 9 9 9 9 9
-9999 -9999 -9999 -9999 -9999 -9999 -9999 -9999 -9999 -9999 -9999 -9999 -9999 -9999 -9999 -9999 -9999 -9999 -9999 -9999 -9999 -9999 -9999 -9999 -9999 -9999 -9999 -9999 -9999 -9999 -9999 -9999 26 26 25 25 24 24 24 24 24 23 23 22 22 22 21 21 21 21 21 22 21 20 21 23 29 45 47 45 50 34 47 38 28 18 15 15 15 13 12 12 15 20 18 12 11 11 11 11 11 11 10 10 9 9 9 9 9 9 9 9
-9999 -9999 -9999 -9999 -9999 -9999 -9999 -9999 -9999 -9999 -9999 -9999 -9999 -9999 -9999 -9999 -9999 -9999 -9999 -9999 -9999 -9999 -9999 -9999 -9999 -9999 -9999 -9999 -9999 -9999 -9999 -9999 26 26 26 26 24 24 24 24 24 23 22 22 22 22 21 21 21 21 24 26 24 21 20 23 27 32 42 47 60 41 27 29 22 17 15 15 13 13 12 12 12 15 12 11 11 11 11 11 11 11 10 10 9 9 9 9 9 9 9 9
-9999 -9999 -9999 -9999 -9999 -9999 -9999 -9999 -9999 -9999 -9999 -9999 -9999 -9999 -9999 -9999 -9999 -9999 -9999 -9999 -9999 -9999 -9999 -9999 -9999 -9999 -9999 -9999 -9999 -9999 -9999 -9999 -9999 26 25 26 25 24 24 23 23 23 22 22 22 22 21 22 22 21 24 29 24 24 21 22 23 24 32 49 49 27 22 20 19 17 15 14 13 13 12 12 12 12 12 11 11 11 11 11 11 11 10 10 9 9 9 9 9 9 9 9
-9999 -9999 -9999 -9999 -9999 -9999 -9999 -9999 -9999 -9999 -9999 -9999 -9999 -9999 -9999 -9999 -9999 -9999 -9999 -9999 -9999 -9999 -9999 -9999 -9999 -9999 -9999 -9999 -9999 -9999 -9999 -9999 -9999 26 26 26 25 23 23 23 23 23 22 22 22 21 21 21 21 21 21 23 26 25 23 21 23 25 28 32 47 28 21 16 16 16 15 15 13 13 12 12 11 11 11 11 11 11 11 11 11 11 10 10 9 9 9 9 9 9 9 9
-9999 -9999 -9999 -9999 -9999 -9999 -9999 -9999 -9999 -9999 -9999 -9999 -9999 -9999 -9999 -9999 -9999 -9999 -9999 -9999 -9999 -9999 -9999 -9999 -9999 -9999 29 27 -9999 -9999 -9999 -9999 -9999 26 26 26 26 23 23 23 23 23 22 22 22 22 22 22 21 21 21 21 22 22 23 27 25 23 24 27 37 24 19 16 15 15 15 15 13 13 12 12 11 11 11 11 11 11 11 11 11 11 10 10 9 9 9 9 9 9 9 9
-9999 -9999 -9999 -9999 -9999 -9999 -9999 -9999 -9999 -9999 -9999 -9999 -9999 -9999 -9999 -9999 -9999 -9999 -9999 -9999 -9999 -9999 -9999 -9999 -9999 30 30 28 27 -9999 -9999 -9999 -9999 26 26 26 26 25 23 23 23 23 23 22 22 22 22 22 21 21 21 21 21 21 21 23 25 25 25 27 25 19 17 16 15 15 14 15 13 13 12 12 11 11 11 11 11 11 11 11 11 11 10 10 9 9 9 9 9 9 9 9
-9999 -9999 -9999 -9999 -9999 -9999 -9999 -9999 -9999 -9999 -9999 -9999 -9999 -9999 -9999 -9999 -9999 -9999 -9999 -9999 -9999 -9999 -9999 -9999 -9999 30 30 29 28 28 -9999 -9999 -9999 26 26 26 26 25 25 24 24 23 23 22 22 22 22 22 22 21 21 21 21 20 20 23 25 27 25 25 19 18 16 16 15 15 15 15 13 13 13 12 12 11 11 11 11 11 11 11 11 11 11 10 10 9 9 9 9 9 9 9
-9999 -9999 -9999 -9999 -9999 -9999 -9999 -9999 -9999 -9999 -9999 -9999 -9999 -9999 -9999 -9999 -9999 -9999 -9999 -9999 -9999 -9999 -9999 -9999 -9999 30 30 29 28 28 -9999 -9999 26 26 26 26 26 25 25 25 24 24 24 24 22 22 22 22 22 22 21 21 21 21 21 22 25 27 27 22 16 16 15 15 15 15 14 15 13 13 13 12 11 11 11 11 11 11 11 11 11 11 11 11 10 9 9 9 9 9 9 9
-9999 -9999 -9999 -9999 -9999 -9999 -9999 -9999 -9999 -9999 -9999 -9999 -9999 -9999 -9999 -9999 -9999 -9999 -9999 -9999 -9999 -9999 -9999 -9999 -9999 30 30 30 29 28 28 -9999 -9999 26 26 26 26 26 25 25 25 24 24 25 24 22 22 22 22 22 22 21 24 24 24 25 22 28 30 23 19 16 15 15 15 15 13 13 13 13 13 12 11 11 11 11 11 11 11 11 11 11 11 11 11 9 9 9 9 9 9 9
-9999 -9999 -9999 -9999 -9999 -9999 -9999 -9999 -9999 -9999 -9999 -9999 -9999 -9999 -9999 -9999 -9999 -9999 -9999 -9999 -9999 -9999 -9999 -9999 -9999 30 31 30 29 29 28 -9999 28 27 26 26 26 26 25 25 25 25 24 25 25 24 23 22 22 22 22 21 23 21 21 25 23 25 30 25 19 16 15 15 15 14 14 13 13 13 13 12 12 11 11 11 11 11 11 11 11 11 11 11 11 10 9 9 9 9 9 9
-9999 -9999 -9999 -9999 -9999 -9999 -9999 -9999 -9999 -9999 -9999 -9999 -9999 -9999 -9999 -9999 -9999 -9999 -9999 -9999 -9999 -9999 -9999 -9999 -9999 31 31 31 30 30 29 28 28 27 27 26 26 26 25 25 25 25 25 25 25 24 23 23 22 22 22 21 21 21 21 20 20 19 23 25 19 16 15 15 15 15 14 13 13 13 13 12 12 11 11 11 11 11 11 11 11 11 11 11 11 10 9 9 9 9 9 9
-9999 -9999 -9999 -9999 -9999 -9999 -9999 -9999 -9999 -9999 -9999 -9999 -9999 -9999 -9999 -9999 -9999 -9999 -9999 -9999 -9999 -9999 -9999 -9999 32 31 31 31 31 30 30 29 28 27 27 27 27 26 26 25 25 25 25 25 25 25 23 23 22 22 22 21 21 20 20 20 20 19 24 26 19 17 16 15 15 15 14 13 13 13 13 13 12 12 11 11 11 11 11 11 11 11 11 11 11 10 9 9 9 9 9 9
-9999 -9999 -9999 -9999 -9999 -9999 -9999 -9999 -9999 -9999 -9999 -9999 -9999 -9999 -9999 -9999 -9999 -9999 -9999 -9999 -9999 -9999 -9999 -9999 32 32 31 31 31 30 30 30 29 28 27 27 27 26 26 25 25 25 25 25 25 25 24 23 22 22 22 21 20 20 20 20 20 19 22 25 19 16 15 15 15 15 14 14 13 13 13 13 12 12 11 11 11 11 11 11 11 11 11 11 11 11 11 9 9 9 9 9
-9999 -9999 -9999 -9999 -9999 -9999 -9999 -9999 -9999 -9999 -9999 -9999 -9999 -9999 -9999 -9999 -9999 -9999 -9999 -9999 -9999 -9999 -9999 34 32 32 32 31 31 31 30 30 30 29 27 27 27 27 26 26 25 25 25 25 25 25 24 22 22 22 22 21 21 20 20 20 20 19 19 19 18 16 15 15 15 15 15 14 14 13 13 13 12 12 12 11 11 11 11 11 11 11 11 11 11 11 11 11 9 9 9 9
-9999 -9999 -9999 -9999 -9999 -9999 -9999 -9999 -9999 -9999 -9999 -9999 -9999 -9999 -9999 -9999 -9999 -9999 -9999 -9999 -9999 -9999 -9999 34 34 33 32 32 32 31 30 30 30 29 29 27 27 27 26 26 25 25 25 25 25 25 24 23 22 22 22 21 21 20 20 20 20 19 19 19 19 17 16 15 15 15 15 14 14 13 13 13 13 12 12 12 11 11 11 11 11 11 11 11 11 11 11 11 9 9 9 9
-9999 -9999 -9999 -9999 -9999 -9999 -9999 -9999 -9999 -9999 -9999 -9999 -9999 -9999 -9999 -9999 -9999 -9999 -9999 -9999 -9999 -9999 -9999 34 34 34 35 33 32 32 32 30 30 30 29 28 27 27 27 26 26 25 25 25 25 25 25 23 22 22 22 21 21 20 20 20 20 19 19 19 19 18 20 17 15 15 15 15 14 14 13 13 13 12 12 12 12 12 11 11 11 11 11 11 11 11 11 11 10 9 9 9
-9999 -9999 -9999 -9999 -9999 -9999 -9999 -9999 -9999 -9999 -9999 -9999 -9999 -9999 -9999 -9999 -9999 -9999 -9999 -9999 -9999 -9999 -9999 34 34 35 37 36 36 32 32 30 30 30 30 29 28 28 27 26 26 25 25 25 25 25 25 23 22 22 22 22 21 20 20 20 20 19 19 19 19 19 22 23 19 16 15 15 15 14 14 13 13 13 12 12 12 12 13 12 12 11 11 11 11 11 11 11 11 10 9 9
-9999 -9999 -9999 -9999 -9999 -9999 -9999 -9999 -9999 -9999 -9999 -9999 -9999 -9999 -9999 -9999 -9999 -9999 -9999 -9999 -9999 -9999 36 35 35 38 38 35 35 33 33 32 30 30 30 29 28 28 28 26 26 25 25 25 25 25 25 23 23 22 22 22 22 21 20 20 20 20 19 19 19 23 25 32 19 17 16 15 15 15 15 14 14 13 12 12 12 12 13 16 11 11 11 11 11 11 11 11 11 10 10 9
-9999 -9999 -9999 -9999 -9999 -9999 -9999 -9999 -9999 -9999 -9999 -9999 -9999 -9999 -9999 -9999 -9999 -9999 -9999 -9999 -9999 -9999 36 35 39 38 38 35 35 35 33 32 31 30 30 30 29 28 28 27 26 25 25 25 25 25 25 24 23 22 22 22 22 21 21 20 20 20 19 19 19 21 24 30 22 19 17 16 15 15 15 15 14 13 12 13 13 12 12 13 13 11 11 11 11 11 11 11 11 11 10 10
-9999 -9999 -9999 -9999 -9999 -9999 -9999 -9999 -9999 -9999 -9999 -9999 -9999 -9999 -9999 -9999 -9999 -9999 -9999 -9999 -9999 -9999 36 38 40 38 38 38 35 34 33 33 32 30 30 30 30 28 28 28 26 26 25 25 25 25 25 24 23 23 23 23 22 23 21 20 20 20 20 19 19 21 27 43 35 25 17 17 16 17 15 15 15 14 13 13 13 13 13 12 11 11 11 11 11 11 11 11 11 11 10 10
-9999 -9999 -9999 -9999 -9999 -9999 -9999 -9999 -9999 -9999 -9999 -9999 -9999 -9999 -9999 -9999 -9999 -9999 -9999 -9999 -9999 38 38 41 41 38 38 38 37 36 34 33 33 33 30 30 30 28 28 28 28 26 25 25 25 25 25 25 23 23 23 23 23 23 23 21 20 20 20 20 19 23 26 46 58 55 23 21 18 20 21 18 15 14 14 13 16 13 13 13 11 11 11 11 11 11 11 11 11 11 11 10
-9999 -9999 -9999 -9999 -9999 -9999 -9999 -9999 -9999 -9999 -9999 -9999 -9999 -9999 -9999 -9999 -9999 -9999 -9999 -9999 -9999 38 39 41 39 38 38 38 38 37 34 33 33 33 31 30 30 30 28 28 28 26 25 25 25 25 25 25 23 23 23 23 23 23 23 22 22 20 20 20 22 23 27 37 66 61 36 25 24 42 24 17 15 14 14 14 14 16 13 13 11 11 11 11 11 11 11 11 11 11 11 10
-9999 -9999 -9999 -9999 -9999 -9999 -9999 -9999 -9999 -9999 -9999 -9999 -9999 -9999 -9999 -9999 -9999 -9999 -9999 -9999 -9999 39 38 41 39 38 38 38 38 37 35 34 33 33 33 32 30 30 28 28 28 27 26 25 25 25 25 25 25 23 23 23 23 23 23 22 20 20 20 20 23 25 26 30 51 59 55 35 53 64 38 23 16 15 14 14 14 17 14 13 11 11 11 11 11 11 11 11 11 11 11 11
-9999 -9999 -9999 -9999 -9999 -9999 -9999 -9999 -9999 -9999 -9999 -9999 -9999 -9999 -9999 -9999 -9999 -9999 -9999 -9999 40 40 41 41 39 38 37 38 38 37 36 36 36 33 33 32 30 30 30 28 28 27 27 25 25 25 25 25 25 24 23 23 23 23 23 23 22 20 20 20 22 24 24 27 33 61 79 96 71 55 39 21 16 15 14 14 14 13 13 12 11 11 11 11 11 11 11 11 11 11 11 11
-9999 -9999 -9999 -9999 -9999 -9999 -9999 -9999 -9999 -9999 -9999 -9999 -9999 -9999 -9999 -9999 -9999 -9999 -9999 -9999 40 42 42 41 39 39 38 37 37 35 34 34 33 36 33 33 32 30 30 28 28 28 27 26 25 25 25 25 25 25 24 23 23 23 23 23 22 20 20 21 22 23 24 27 32 43 53 44 44 27 33 20 16 15 14 14 14 13 12 12 11 11 11 11 11 11 11 11 11 11 11 11
-9999 -9999 -9999 -9999 -9999 -9999 -9999 -9999 -9999 -9999 -9999 -9999 -9999 -9999 -9999 -9999 -9999 -9999 -9999 -9999 41 43 41 41 39 39 38 37 37 35 34 34 33 33 34 33 33 31 30 28 28 28 27 27 25 25 25 25 25 25 24 23 23 23 23 23 22 20 20 21 22 23 25 25 28 36 30 27 24 23 24 19 18 15 14 14 14 14 12 12 11 12 11 11 11 11 11 11 11 11 11 11
-9999 -9999 -9999 -9999 -9999 -9999 -9999 -9999 -9999 -9999 -9999 -9999 -9999 -9999 -9999 -9999 -9999 -9999 -9999 -9999 41 44 41 41 41 39 38 37 37 35 35 34 33 33 33 32 32 32 31 30 28 28 28 27 26 25 25 25 25 25 24 23 23 23 23 23 22 21 20 20 21 21 23 24 25 24 24 24 23 19 19 16 15 15 14 14 14 14 13 13 13 13 12 11 11 11 11 11 11 11 11 11
-9999 -9999 -9999 -9999 -9999 -9999 -9999 -9999 -9999 -9999 -9999 -9999 -9999 -9999 -9999 -9999 -9999 -9999 -9999 -9999 41 43 41 41 41 39 38 38 37 37 35 34 33 33 33 32 31 31 31 30 30 28 28 27 27 25 25 25 25 25 25 23 23 23 23 23 22 22 20 21 21 21 20 22 21 22 21 21 20 17 17 15 15 15 14 14 14 16 14 13 13 13 13 11 11 11 11 11 11 11 11 11
-9999 -9999 -9999 -9999 -9999 -9999 -9999 -9999 -9999 -9999 -9999 -9999 -9999 -9999 -9999 -9999 -9999 -9999 -9999 42 42 45 42 41 41 39 38 38 37 37 36 35 33 33 33 33 31 31 31 31 31 28 28 28 27 26 25 25 25 25 25 23 23 23 23 23 22 22 21 21 21 21 20 20 20 19 19 19 17 17 17 15 17 16 15 14 15 16 14 14 13 14 13 11 11 11 11 11 11 11 11 11
-9999 -9999 -9999 -9999 -9999 -9999 -9999 -9999 -9999 -9999 -9999 -9999 -9999 -9999 -9999 -9999 -9999 -9999 -9999 44 44 47 42 41 41 40 39 38 38 37 37 36 34 33 33 33 31 31 31 31 31 31 29 28 27 27 26 26 25 25 24 23 23 23 23 23 22 22 22 21 21 20 19 19 19 19 19 19 23 24 22 17 16 17 15 15 15 14 14 14 14 13 13 11 11 11 11 11 11 11 11 11
-9999 -9999 -9999 -9999 -9999 -9999 -9999 -9999 -9999 -9999 -9999 -9999 -9999 -9999 -9999 -9999 -9999 -9999 -9999 44 44 45 44 42 41 41 39 39 38 37 37 36 36 34 33 33 31 31 31 31 33 31 28 28 27 27 26 26 25 25 24 24 23 23 23 23 22 22 22 21 21 21 19 19 19 19 19 19 21 24 22 17 16 16 15 15 14 14 14 14 14 13 13 13 13 11 11 11 11 11 11 11
