invasiveSpecies/multiSpecies/data/worldclim_KE/worldclim_KE_2050_BC26_Bio18.asc
ncols         347
nrows         295
xllcorner     36.068012264173
yllcorner     0.13039239511974
cellsize      0.0083333333333333
NODATA_value  -9999
[rows 111 to 147 of 295, columns 168 to 251 of 347]
-9999 -9999 -9999 -9999 -9999 -9999 -9999 190 189 189 189 176 173 173 173 173 173 173 174 180 186 202 175 183 184 180 174 178 187 233 188 174 173 172 172 171 171 171 171 171 171 172 176 178 178 178 178 181 181 182 183 182 180 180 180 180 179 179 179 180 179 178 176 176 172 172 167 167 167 169 169 168 166 165 165 169 170 169 168 168 165 165 165 164
-9999 -9999 -9999 -9999 -9999 -9999 -9999 190 190 190 189 177 175 173 176 176 174 174 174 181 181 178 175 183 184 184 175 178 209 242 177 174 173 173 173 172 172 172 172 171 171 172 176 177 177 177 177 180 181 181 181 182 180 180 178 179 179 178 178 177 179 176 175 173 168 167 167 167 166 166 166 167 169 169 165 164 164 168 168 165 164 164 164 164
-9999 -9999 -9999 -9999 -9999 -9999 192 189 185 190 179 177 175 180 176 176 176 174 174 178 178 177 176 185 179 175 175 179 213 184 177 176 174 173 173 174 174 174 173 173 173 173 175 177 177 177 177 180 181 181 179 177 179 179 178 178 178 178 178 176 176 176 175 173 169 168 170 170 170 169 169 169 169 169 170 168 164 164 164 163 163 164 164 164
-9999 -9999 -9999 -9999 -9999 192 192 192 191 191 182 178 176 177 177 177 177 177 177 179 177 177 184 178 175 175 175 180 196 195 178 176 173 174 173 174 174 174 174 173 174 175 176 177 176 177 177 181 181 180 173 173 174 179 178 179 180 179 178 176 176 176 175 168 173 173 172 171 170 170 169 169 169 169 170 168 168 163 163 163 163 163 164 164
-9999 -9999 -9999 -9999 -9999 193 192 192 192 193 191 179 178 179 177 177 177 177 177 178 177 180 189 178 176 176 177 182 194 183 180 176 175 174 174 174 174 174 174 174 175 176 176 178 179 179 179 181 181 174 173 173 172 172 180 180 180 181 176 168 168 168 176 175 174 173 173 172 171 170 170 170 170 169 170 168 168 168 163 163 163 163 164 164
-9999 -9999 -9999 -9999 194 194 194 195 193 192 193 182 179 179 178 178 177 177 178 180 179 180 182 178 177 179 179 182 194 221 182 178 175 175 174 176 174 175 175 175 176 178 178 180 179 179 179 180 175 175 187 175 172 171 183 180 170 169 169 168 175 176 176 176 176 175 174 174 173 172 172 170 170 170 170 168 168 168 163 163 163 163 164 164
-9999 -9999 195 196 196 196 197 196 197 195 194 194 185 185 181 178 179 179 179 181 181 180 181 178 178 178 179 183 195 230 187 178 176 175 176 176 176 177 178 177 177 181 180 179 175 174 176 179 176 180 195 178 170 181 181 179 174 179 168 177 177 176 177 177 177 176 175 174 174 173 171 170 170 170 170 170 168 168 168 163 163 163 164 164
196 195 195 197 198 199 200 200 199 198 196 196 193 190 184 181 181 181 184 185 181 180 181 180 178 178 179 185 188 227 182 180 176 176 176 176 179 201 183 178 178 182 177 175 175 172 172 174 174 181 205 184 170 170 179 170 179 179 178 178 178 178 178 177 177 176 176 175 174 173 172 171 170 170 170 170 168 168 163 163 163 164 164 164
197 197 197 198 199 202 204 202 200 199 198 198 197 197 188 191 183 183 186 184 182 183 181 181 178 179 181 183 193 202 187 180 178 176 176 176 182 189 184 185 183 177 175 175 174 173 172 174 172 181 192 173 170 170 170 170 181 180 179 179 178 178 179 179 178 177 177 176 174 174 173 171 170 169 170 165 166 164 166 164 164 164 164 164
201 199 198 199 203 204 204 203 200 200 199 197 196 198 197 188 189 183 186 184 183 185 183 180 180 180 181 185 190 229 185 182 179 176 177 177 179 188 185 180 178 177 178 175 174 173 172 171 171 171 171 171 181 182 181 181 181 182 181 182 180 180 180 180 179 178 177 176 175 174 173 173 170 169 169 167 166 167 166 165 164 164 164 168
204 201 203 202 205 205 206 204 202 200 199 197 193 192 198 188 186 184 186 186 184 188 184 181 182 181 182 184 202 189 183 180 178 179 179 179 181 182 181 179 180 179 178 176 175 174 173 172 172 172 172 183 183 182 182 182 182 183 182 182 182 181 181 181 179 179 177 177 177 176 175 174 174 171 169 167 167 167 166 165 165 166 164 172
217 211 207 204 204 206 206 206 204 202 200 199 192 191 188 188 186 185 187 187 187 190 184 182 185 181 183 186 202 185 181 180 180 180 180 180 181 181 181 181 180 178 178 176 175 175 174 173 172 172 181 185 184 184 184 182 182 183 183 183 183 182 182 181 180 179 177 177 177 177 177 177 175 174 170 169 168 167 166 165 165 165 165 174
221 214 208 206 207 208 209 208 207 206 205 202 194 191 189 201 190 187 191 187 187 188 184 184 185 183 185 186 200 184 181 180 180 182 180 183 181 183 181 181 180 178 177 176 175 175 175 173 172 173 184 184 184 184 184 184 182 184 185 185 184 184 183 182 180 178 177 178 179 178 177 177 175 174 171 169 167 167 166 166 166 165 170 175
266 226 212 208 209 209 209 209 208 207 209 206 195 191 192 201 202 191 190 189 188 188 186 185 186 185 185 184 182 182 181 181 182 183 182 183 183 183 181 181 179 178 177 176 175 175 175 172 175 182 185 185 186 184 184 184 184 185 185 186 185 185 183 182 180 178 178 179 179 179 178 177 175 175 171 166 166 167 166 166 166 166 174 176
251 259 215 212 214 213 209 212 209 209 209 210 208 195 194 203 195 193 192 193 191 187 187 186 188 185 186 183 185 182 181 181 182 185 183 183 183 182 181 179 178 177 177 176 175 175 175 173 176 182 188 188 187 184 186 187 189 185 187 189 186 186 184 183 180 178 180 181 181 181 179 177 177 177 173 166 167 166 166 166 166 166 177 177
221 226 219 214 214 217 215 215 213 211 210 210 209 206 199 203 196 193 193 193 193 189 188 187 188 186 187 185 189 184 181 181 182 183 183 183 182 182 180 179 178 177 178 178 176 175 174 173 181 184 185 187 187 185 186 192 193 190 189 189 187 185 185 185 182 181 183 183 183 181 179 177 177 168 174 166 168 166 166 166 165 176 177 179
218 212 214 215 216 219 217 215 214 213 213 214 210 211 210 205 199 195 195 195 193 191 189 188 187 187 185 185 188 183 181 182 186 185 185 183 182 182 180 179 179 178 179 178 176 175 174 174 176 175 184 184 185 185 187 193 197 192 191 190 189 185 186 185 182 183 184 186 185 184 182 179 177 166 166 166 166 166 166 166 178 179 179 179
207 209 213 214 217 221 222 217 215 214 214 215 213 213 214 212 210 209 195 194 193 192 189 189 187 188 187 187 187 185 181 184 190 186 187 185 183 182 181 180 180 178 177 176 175 175 175 174 172 172 182 184 182 183 188 191 191 192 190 190 189 185 185 185 183 183 183 184 186 184 181 181 173 166 166 166 165 166 166 166 179 179 179 177
204 209 212 214 217 221 220 217 217 217 217 218 215 215 214 212 212 211 211 210 193 191 191 189 189 189 187 187 185 185 183 184 188 188 190 189 185 183 182 181 180 180 178 177 177 177 180 171 171 171 171 171 171 174 185 188 188 189 189 189 187 184 182 182 182 183 183 183 167 167 165 166 166 166 166 166 165 165 165 179 179 179 179 178
206 209 212 213 216 218 219 218 217 217 217 219 216 215 215 214 212 212 210 210 196 193 192 190 191 189 187 187 186 185 185 185 188 188 188 187 183 183 182 182 180 180 177 177 176 175 175 172 171 171 171 171 171 171 169 185 185 188 188 189 185 184 175 182 182 167 166 169 167 166 167 167 179 165 165 166 165 165 165 179 179 179 179 178
203 209 210 211 213 216 216 217 215 216 217 218 217 216 216 214 213 213 211 207 198 193 191 190 189 191 189 188 188 188 188 188 188 188 187 187 185 186 184 183 183 180 179 177 176 174 174 174 173 171 170 170 171 170 169 177 182 182 184 185 168 169 169 167 166 166 175 175 183 184 185 184 177 165 165 165 165 165 181 180 181 180 179 178
204 208 209 210 212 212 213 213 214 215 215 218 219 216 214 212 212 212 203 196 194 192 192 189 189 189 189 188 188 186 186 188 188 189 197 193 193 185 186 183 183 182 180 179 177 175 174 173 171 171 170 170 170 170 169 169 169 169 169 169 168 169 167 167 166 182 182 183 183 184 185 184 182 165 165 165 165 166 181 181 181 180 170 156
200 204 208 209 209 210 210 211 210 211 215 218 218 216 213 211 211 210 199 200 194 191 190 189 189 189 188 188 188 185 185 185 197 199 197 196 189 183 182 182 180 180 178 177 177 175 172 171 170 171 170 170 170 168 169 169 169 169 169 168 168 167 167 167 166 166 166 183 184 184 184 184 167 165 165 165 165 167 168 182 182 159 158 156
199 201 207 208 209 210 209 210 208 208 213 218 216 215 213 211 207 198 198 210 192 191 190 188 187 189 187 186 186 185 183 185 186 196 196 193 185 185 182 180 182 180 177 176 175 173 172 172 173 172 170 169 168 168 169 168 168 168 168 168 168 169 168 167 167 166 166 168 183 184 184 184 168 176 167 165 165 184 176 183 182 161 159 158
199 202 207 207 208 209 211 205 206 210 213 216 215 214 213 210 209 195 194 194 191 190 188 188 186 186 187 186 185 184 182 183 185 195 195 192 192 190 185 183 179 178 177 176 173 172 173 174 174 171 170 169 170 170 170 169 169 168 169 169 169 169 168 167 168 167 167 168 174 185 185 185 186 184 167 165 167 184 185 185 185 184 169 159
199 204 206 203 204 208 204 201 206 208 210 211 212 212 212 210 208 193 191 191 191 189 189 186 186 185 186 186 186 183 181 180 181 186 191 191 192 190 189 187 179 175 175 175 173 173 173 174 173 171 170 169 170 170 170 170 169 168 169 169 169 169 169 169 169 168 168 168 168 184 186 187 187 187 168 168 170 184 185 188 188 186 183 161
206 206 207 200 200 204 201 199 204 206 206 208 209 211 210 209 194 192 191 190 189 187 187 186 185 184 185 183 184 183 182 180 180 184 183 183 181 179 186 187 185 176 175 173 173 173 173 174 174 173 169 170 172 170 171 174 170 169 169 169 169 169 169 170 170 170 170 170 168 170 187 187 189 188 187 185 185 185 186 188 194 188 186 164
208 208 207 203 200 199 198 197 201 205 207 208 210 210 207 207 207 192 190 188 188 187 185 185 185 183 182 182 181 181 180 180 179 181 181 180 179 179 178 178 185 180 175 175 173 173 175 176 174 173 170 170 173 174 183 183 171 171 171 170 170 169 170 170 171 170 170 170 170 170 187 187 188 187 187 187 187 185 188 193 196 193 188 177
205 206 206 205 202 199 197 195 204 205 207 211 210 208 206 206 204 192 190 188 188 186 184 184 184 182 182 180 180 179 179 179 178 180 179 179 178 178 178 177 185 180 175 174 173 173 176 174 173 173 170 177 182 174 184 179 171 171 171 171 171 172 172 172 172 171 171 171 171 171 171 187 187 187 179 187 187 187 188 191 195 193 189 186
194 205 205 205 203 203 202 196 204 204 205 212 207 206 205 204 204 200 192 190 188 186 188 185 185 184 182 180 178 178 178 178 177 179 177 177 177 176 174 174 174 174 174 174 173 172 176 172 172 171 171 183 177 186 186 179 174 173 172 172 172 176 175 173 173 173 172 172 171 171 171 171 176 171 169 169 185 187 188 189 192 188 186 185
192 192 191 204 202 202 202 202 194 201 201 202 204 204 203 205 203 203 202 193 190 200 181 181 185 181 178 178 178 178 178 178 176 176 177 177 176 176 176 174 174 174 174 174 174 175 172 171 170 171 174 184 177 187 187 175 175 175 173 173 174 176 176 174 177 175 173 173 173 172 171 171 171 171 170 170 176 187 188 190 188 186 175 162
191 191 189 189 191 190 190 202 194 191 192 194 198 201 201 199 196 192 187 184 183 180 180 180 180 178 178 178 178 177 177 177 176 178 177 176 176 176 176 176 177 176 178 175 174 175 171 171 173 187 185 185 189 189 188 177 176 175 174 175 176 177 176 176 178 176 174 174 173 173 173 171 171 171 170 170 169 187 187 185 185 184 174 162
191 190 191 189 189 189 188 190 190 186 186 186 198 199 199 198 196 196 194 192 191 180 180 180 180 180 180 181 178 177 177 178 178 178 179 178 177 176 177 177 178 177 174 174 174 171 171 179 180 187 187 189 189 189 188 178 178 175 175 175 177 178 177 177 177 177 177 177 174 173 173 172 171 172 175 173 168 166 183 184 166 184 180 179
191 191 191 189 191 189 187 186 186 188 189 185 184 198 197 181 190 195 180 179 179 182 180 180 180 180 181 183 181 178 178 178 178 179 179 180 177 177 177 177 178 181 173 173 172 171 175 180 187 187 187 191 190 191 189 185 178 190 176 178 178 179 179 179 178 177 178 177 176 174 173 173 174 186 185 170 169 165 166 165 165 163 163 162
194 191 191 192 191 189 189 189 192 190 190 191 189 184 183 182 181 180 180 180 186 182 194 180 180 180 183 186 181 181 178 178 178 179 179 183 179 179 179 178 180 180 177 171 171 173 175 184 189 187 184 191 192 192 191 182 179 182 177 176 179 180 180 180 180 180 178 177 177 175 174 176 175 179 185 172 170 167 165 164 164 163 163 162
195 195 195 193 192 192 191 191 190 190 192 191 187 183 183 188 184 180 180 188 196 196 196 180 182 182 188 186 183 181 181 180 180 182 181 183 183 180 179 178 180 178 177 173 174 183 194 191 191 189 191 192 192 192 185 182 185 183 178 178 180 182 180 180 180 181 180 178 178 177 174 182 186 185 185 185 184 167 169 164 164 176 162 162
197 196 195 193 193 192 192 191 192 190 189 192 190 183 184 188 192 187 199 199 198 186 182 181 183 184 190 189 181 183 181 181 182 183 182 185 184 180 179 179 180 180 174 172 177 194 194 193 193 192 191 192 193 193 184 182 185 179 179 179 179 183 183 182 181 180 180 178 178 177 188 187 186 187 187 185 181 175 169 169 177 162 162 161
