invasiveSpecies/multiSpecies/data/worldclim_KE/worldclim_KE_2050_BC85_Bio17.asc
ncols         347
nrows         295
xllcorner     36.068012264173
yllcorner     0.13039239511974
cellsize      0.0083333333333333
NODATA_value  -9999
[rows 123 to 163 of 295, columns 92 to 183 of 347]
-9999 -9999 -9999 -9999 -9999 -9999 -9999 -9999 -9999 -9999 -9999 -9999 -9999 -9999 -9999 -9999 -9999 -9999 -9999 -9999 -9999 -9999 -9999 -9999 -9999 -9999 -9999 -9999 -9999 -9999 -9999 -9999 -9999 -9999 -9999 -9999 -9999 -9999 -9999 -9999 -9999 -9999 -9999 -9999 -9999 -9999 -9999 -9999 -9999 -9999 -9999 -9999 -9999 -9999 -9999 -9999 13 13 13 14 15 15 15 14 14 14 14 13 11 14 11 12 12 12 15 15 15 12 11 11 12 12 12 12 12 12 12 12 12 8 8 12
-9999 -9999 -9999 -9999 -9999 -9999 -9999 -9999 -9999 -9999 -9999 -9999 -9999 -9999 -9999 -9999 -9999 -9999 -9999 -9999 -9999 -9999 -9999 -9999 -9999 -9999 -9999 -9999 -9999 -9999 -9999 -9999 -9999 -9999 -9999 -9999 -9999 -9999 -9999 -9999 -9999 -9999 -9999 -9999 -9999 -9999 -9999 -9999 -9999 -9999 -9999 -9999 -9999 -9999 13 13 13 13 13 13 14 15 15 14 14 14 14 13 11 11 11 11 11 12 12 19 18 15 12 11 12 12 12 12 12 12 12 12 12 8 8 12
-9999 -9999 -9999 -9999 -9999 -9999 -9999 -9999 -9999 -9999 -9999 -9999 -9999 -9999 -9999 -9999 -9999 -9999 -9999 -9999 -9999 -9999 -9999 -9999 -9999 -9999 -9999 -9999 -9999 -9999 -9999 -9999 -9999 -9999 -9999 -9999 -9999 -9999 -9999 -9999 -9999 -9999 -9999 -9999 -9999 -9999 -9999 -9999 -9999 -9999 -9999 16 16 16 14 13 14 13 13 13 14 14 14 14 14 14 14 13 11 11 11 11 11 11 11 15 16 17 12 11 12 12 12 12 12 12 12 12 12 9 8 12
-9999 -9999 -9999 -9999 -9999 -9999 -9999 -9999 -9999 -9999 -9999 -9999 -9999 -9999 -9999 -9999 -9999 -9999 -9999 -9999 -9999 -9999 -9999 -9999 -9999 -9999 -9999 -9999 -9999 -9999 -9999 -9999 -9999 -9999 -9999 -9999 -9999 -9999 -9999 -9999 -9999 -9999 -9999 -9999 -9999 -9999 -9999 -9999 -9999 15 16 16 16 16 17 17 17 13 13 13 15 14 14 14 14 14 15 13 11 11 14 14 11 11 12 12 15 15 12 12 12 13 12 12 12 12 12 12 12 12 10 12
-9999 -9999 -9999 -9999 -9999 -9999 -9999 -9999 -9999 -9999 -9999 -9999 -9999 -9999 -9999 -9999 -9999 -9999 -9999 -9999 -9999 -9999 -9999 -9999 -9999 -9999 -9999 -9999 -9999 -9999 -9999 -9999 -9999 -9999 -9999 -9999 -9999 -9999 -9999 -9999 -9999 18 18 18 16 16 16 16 15 15 19 16 16 16 16 17 13 13 13 13 16 15 15 14 14 14 14 14 11 11 12 12 12 11 12 12 12 12 12 12 13 13 12 12 12 12 12 12 12 12 12 12
-9999 -9999 -9999 -9999 -9999 -9999 -9999 -9999 -9999 -9999 -9999 -9999 -9999 -9999 -9999 -9999 -9999 -9999 -9999 -9999 -9999 -9999 -9999 -9999 -9999 -9999 -9999 -9999 -9999 -9999 -9999 -9999 -9999 -9999 -9999 -9999 -9999 -9999 -9999 -9999 18 18 19 19 19 19 16 17 16 16 22 17 17 16 14 14 14 13 13 13 16 19 16 16 14 14 14 14 11 11 11 11 11 11 11 11 12 12 12 12 13 13 13 12 12 12 12 12 12 12 12 12
-9999 -9999 -9999 -9999 -9999 -9999 -9999 -9999 -9999 -9999 -9999 -9999 -9999 -9999 -9999 -9999 -9999 -9999 -9999 -9999 -9999 -9999 -9999 -9999 -9999 -9999 -9999 -9999 -9999 -9999 -9999 -9999 -9999 -9999 -9999 -9999 -9999 -9999 18 18 19 19 22 19 21 20 17 21 19 17 18 17 17 16 16 14 14 13 13 13 15 16 19 17 16 14 14 14 14 11 12 11 11 11 11 11 11 12 12 12 13 13 13 12 12 12 12 12 12 12 12 12
-9999 -9999 -9999 -9999 -9999 -9999 -9999 -9999 -9999 -9999 -9999 -9999 -9999 -9999 -9999 -9999 -9999 -9999 -9999 -9999 -9999 -9999 -9999 -9999 -9999 -9999 -9999 -9999 -9999 -9999 -9999 -9999 -9999 -9999 -9999 -9999 19 19 18 19 20 20 24 22 21 21 21 21 21 17 18 17 17 17 17 17 15 15 13 13 14 16 16 16 16 15 14 14 14 12 12 12 12 11 11 11 12 12 12 12 13 13 12 12 12 12 12 12 12 12 12 12
-9999 -9999 -9999 -9999 -9999 -9999 -9999 -9999 -9999 -9999 -9999 -9999 -9999 -9999 -9999 -9999 -9999 -9999 -9999 -9999 -9999 -9999 -9999 -9999 -9999 -9999 -9999 -9999 -9999 -9999 -9999 21 21 20 20 20 19 21 21 21 23 20 25 25 25 22 21 21 22 22 21 18 17 17 17 17 17 15 15 15 14 14 14 16 15 14 14 14 14 12 12 12 12 12 12 12 11 12 12 11 12 12 12 12 12 12 12 12 12 12 12 12
-9999 -9999 -9999 -9999 -9999 -9999 -9999 -9999 -9999 -9999 -9999 -9999 -9999 -9999 -9999 -9999 -9999 -9999 -9999 -9999 -9999 -9999 -9999 -9999 -9999 -9999 -9999 -9999 -9999 -9999 -9999 21 21 21 21 21 21 21 21 21 23 21 25 28 25 24 27 21 22 26 23 22 18 17 17 17 18 18 15 15 15 14 16 16 16 14 14 14 14 14 12 12 12 12 11 11 11 12 11 11 12 12 12 12 12 12 12 12 12 12 12 12
-9999 -9999 -9999 -9999 -9999 -9999 -9999 -9999 -9999 -9999 -9999 -9999 -9999 -9999 -9999 -9999 -9999 -9999 -9999 -9999 -9999 -9999 -9999 -9999 -9999 -9999 -9999 -9999 -9999 -9999 -9999 -9999 21 21 21 22 21 21 21 21 23 21 22 25 30 27 28 25 23 24 27 23 18 17 17 17 19 20 17 15 16 15 16 16 16 14 14 14 14 14 12 12 12 12 11 11 11 11 11 11 12 12 12 12 12 12 12 12 12 12 12 12
-9999 -9999 -9999 -9999 -9999 -9999 -9999 -9999 -9999 -9999 -9999 -9999 -9999 -9999 -9999 -9999 -9999 -9999 -9999 -9999 -9999 -9999 -9999 -9999 -9999 -9999 -9999 -9999 -9999 -9999 -9999 -9999 21 22 21 22 21 21 21 22 23 22 25 25 26 31 35 33 28 33 29 26 21 18 17 17 18 23 23 15 16 16 17 19 16 16 14 14 14 14 12 12 12 12 11 11 11 11 11 11 12 12 12 12 12 12 12 12 12 12 12 12
-9999 -9999 -9999 -9999 -9999 -9999 -9999 -9999 -9999 -9999 -9999 -9999 -9999 -9999 -9999 -9999 -9999 -9999 -9999 -9999 -9999 -9999 -9999 -9999 -9999 -9999 -9999 -9999 -9999 -9999 -9999 -9999 21 22 21 22 21 22 22 22 25 22 25 28 28 31 46 40 35 52 30 23 21 18 18 18 20 25 23 20 16 16 18 26 19 16 15 14 14 14 12 12 12 11 11 11 11 11 11 11 12 12 12 12 12 12 12 12 12 12 12 10
-9999 -9999 -9999 -9999 -9999 -9999 -9999 -9999 -9999 -9999 -9999 -9999 -9999 -9999 -9999 -9999 -9999 -9999 -9999 -9999 -9999 -9999 -9999 -9999 -9999 -9999 -9999 -9999 -9999 -9999 -9999 -9999 21 21 22 22 21 22 22 22 25 23 25 27 30 33 42 41 54 72 68 23 22 22 18 18 20 25 29 25 20 16 16 18 16 16 16 14 14 14 12 12 12 11 11 11 11 11 11 11 12 12 12 12 12 12 12 12 12 12 12 10
-9999 -9999 -9999 -9999 -9999 -9999 -9999 -9999 -9999 -9999 -9999 -9999 -9999 -9999 -9999 -9999 -9999 -9999 -9999 -9999 -9999 -9999 -9999 -9999 -9999 -9999 -9999 -9999 -9999 -9999 -9999 -9999 21 22 21 22 22 22 23 22 24 24 25 25 31 37 44 49 63 72 61 31 28 24 22 19 22 22 23 27 23 20 22 22 20 18 17 15 14 14 12 12 12 11 11 12 12 11 11 11 12 12 12 12 12 12 12 12 12 12 10 10
-9999 -9999 -9999 -9999 -9999 -9999 -9999 -9999 -9999 -9999 -9999 -9999 -9999 -9999 -9999 -9999 -9999 -9999 -9999 -9999 -9999 -9999 -9999 -9999 -9999 -9999 -9999 -9999 -9999 -9999 -9999 -9999 -9999 21 21 21 21 22 23 24 23 22 22 26 28 33 56 50 72 61 63 46 35 26 20 20 20 23 18 18 20 23 27 27 20 20 17 16 14 14 12 12 12 11 11 12 12 12 11 11 12 12 12 12 12 12 12 12 12 12 10 9
-9999 -9999 -9999 -9999 -9999 -9999 -9999 -9999 -9999 -9999 -9999 -9999 -9999 -9999 -9999 -9999 -9999 -9999 -9999 -9999 -9999 -9999 -9999 -9999 -9999 -9999 -9999 -9999 -9999 -9999 -9999 -9999 -9999 21 21 22 21 22 22 22 22 22 22 25 29 35 41 39 45 60 56 38 23 20 18 18 18 21 18 16 18 20 27 27 20 17 17 17 16 14 12 12 12 11 11 12 12 12 11 11 12 12 12 11 12 12 12 12 12 10 9 9
-9999 -9999 -9999 -9999 -9999 -9999 -9999 -9999 -9999 -9999 -9999 -9999 -9999 -9999 -9999 -9999 -9999 -9999 -9999 -9999 -9999 -9999 -9999 -9999 -9999 -9999 -9999 -9999 -9999 -9999 -9999 -9999 -9999 21 22 22 21 21 20 20 21 22 22 22 26 31 30 31 34 46 51 36 22 19 18 17 18 18 20 15 16 18 25 18 19 16 15 15 14 12 12 12 12 11 11 11 11 12 11 11 12 12 12 11 12 12 12 12 10 9 9 9
-9999 -9999 -9999 -9999 -9999 -9999 -9999 -9999 -9999 -9999 -9999 -9999 -9999 -9999 -9999 -9999 -9999 -9999 -9999 -9999 -9999 -9999 -9999 -9999 -9999 -9999 -9999 -9999 -9999 -9999 -9999 -9999 -9999 21 22 22 21 22 21 21 22 21 22 22 24 28 27 28 28 33 49 47 24 19 18 17 17 15 21 15 16 17 20 16 16 15 14 14 14 12 12 12 12 11 11 11 11 11 11 11 12 12 12 12 9 11 9 9 9 9 9 9
-9999 -9999 -9999 -9999 -9999 -9999 -9999 -9999 -9999 -9999 -9999 -9999 -9999 -9999 -9999 -9999 -9999 -9999 -9999 -9999 -9999 -9999 -9999 -9999 -9999 -9999 -9999 -9999 -9999 -9999 -9999 -9999 -9999 21 21 22 22 22 22 22 22 22 22 22 22 24 23 22 25 30 45 42 28 21 18 17 15 15 16 16 16 16 16 16 15 14 14 14 12 12 12 12 12 11 11 11 11 11 10 10 11 11 11 12 9 9 9 9 9 9 9 9
-9999 -9999 -9999 -9999 -9999 -9999 -9999 -9999 -9999 -9999 -9999 -9999 -9999 -9999 -9999 -9999 -9999 -9999 -9999 -9999 -9999 -9999 -9999 -9999 -9999 -9999 -9999 -9999 -9999 -9999 -9999 -9999 -9999 21 22 22 22 22 22 23 22 21 22 22 22 24 25 26 30 33 47 49 26 20 19 18 15 15 15 18 15 15 15 15 14 14 14 14 12 12 12 12 12 12 11 11 11 11 10 10 11 11 9 9 9 9 9 9 9 9 9 9
-9999 -9999 -9999 -9999 -9999 -9999 -9999 -9999 -9999 -9999 -9999 -9999 -9999 -9999 -9999 -9999 -9999 -9999 -9999 -9999 -9999 -9999 -9999 -9999 -9999 -9999 -9999 -9999 -9999 -9999 -9999 -9999 -9999 21 22 22 22 22 22 23 23 23 22 22 23 23 23 25 28 34 51 32 24 19 18 18 15 15 15 14 15 15 15 15 14 14 14 14 12 12 12 12 12 12 11 11 11 11 10 10 11 11 9 9 9 9 9 9 8 9 9 8
-9999 -9999 -9999 -9999 -9999 -9999 -9999 -9999 -9999 -9999 -9999 -9999 -9999 -9999 -9999 -9999 -9999 -9999 -9999 -9999 -9999 -9999 -9999 -9999 -9999 -9999 -9999 -9999 -9999 -9999 -9999 -9999 -9999 22 21 22 22 22 23 23 24 25 22 22 24 28 23 23 28 31 38 24 22 20 18 18 15 15 14 14 15 15 15 15 14 14 14 14 12 12 12 12 12 12 11 11 11 11 10 10 11 11 9 9 9 9 9 9 9 8 8 8
-9999 -9999 -9999 -9999 -9999 -9999 -9999 -9999 -9999 -9999 -9999 -9999 -9999 -9999 -9999 -9999 -9999 -9999 -9999 -9999 -9999 -9999 -9999 -9999 -9999 -9999 -9999 -9999 -9999 -9999 -9999 -9999 -9999 -9999 22 22 22 22 23 25 25 25 23 22 23 28 26 23 26 35 45 26 24 21 19 18 15 15 14 14 15 15 15 14 14 14 14 12 12 12 12 12 12 12 11 11 11 11 11 10 11 11 11 9 9 9 9 9 9 8 8 8
-9999 -9999 -9999 -9999 -9999 -9999 -9999 -9999 -9999 -9999 -9999 -9999 -9999 -9999 -9999 -9999 -9999 -9999 -9999 -9999 -9999 -9999 -9999 -9999 -9999 -9999 -9999 -9999 -9999 -9999 -9999 -9999 -9999 -9999 22 22 22 23 25 25 25 25 23 22 23 25 31 28 28 40 28 24 22 22 20 18 18 15 14 14 15 15 15 14 14 14 14 12 12 12 12 12 12 12 11 11 11 11 11 10 11 11 11 9 9 9 9 9 9 8 8 8
-9999 -9999 -9999 -9999 -9999 -9999 -9999 -9999 -9999 -9999 -9999 -9999 -9999 -9999 -9999 -9999 -9999 -9999 -9999 -9999 -9999 -9999 -9999 -9999 -9999 -9999 -9999 -9999 -9999 -9999 -9999 -9999 -9999 22 22 22 22 22 23 23 26 25 23 22 23 25 30 31 40 35 26 21 19 19 18 18 18 15 14 14 15 15 15 14 14 14 14 12 12 12 12 12 12 12 12 11 11 11 11 10 11 11 9 9 9 9 9 9 9 8 8 8
-9999 -9999 -9999 -9999 -9999 -9999 -9999 -9999 -9999 -9999 -9999 -9999 -9999 -9999 -9999 -9999 -9999 -9999 -9999 -9999 -9999 -9999 -9999 -9999 -9999 -9999 -9999 -9999 -9999 -9999 -9999 -9999 -9999 22 22 22 22 23 23 23 26 25 24 23 23 23 26 26 31 28 32 24 21 19 18 18 18 15 15 14 15 15 15 14 14 14 14 14 12 12 12 12 12 12 12 12 11 11 11 10 11 11 9 9 9 9 9 9 9 8 8 9
-9999 -9999 -9999 -9999 -9999 -9999 -9999 -9999 -9999 -9999 -9999 -9999 -9999 -9999 -9999 -9999 -9999 -9999 -9999 -9999 -9999 -9999 -9999 -9999 -9999 -9999 -9999 -9999 -9999 -9999 -9999 -9999 -9999 22 22 22 22 23 23 25 26 25 23 23 23 23 23 24 24 25 30 27 22 21 19 19 18 19 16 14 15 15 15 15 14 14 14 14 12 12 12 12 12 12 12 12 12 11 11 10 11 11 9 9 9 9 9 9 9 8 8 9
-9999 -9999 -9999 -9999 -9999 -9999 -9999 -9999 -9999 -9999 -9999 -9999 -9999 -9999 -9999 -9999 -9999 -9999 -9999 -9999 -9999 -9999 -9999 -9999 -9999 -9999 -9999 -9999 -9999 -9999 -9999 -9999 -9999 22 23 23 23 23 23 25 26 26 25 23 23 23 23 23 24 26 30 34 24 24 23 22 19 19 16 14 15 15 15 15 15 14 14 14 12 12 12 12 12 12 12 12 11 11 10 10 11 11 9 9 9 9 9 9 9 9 9 9
-9999 -9999 -9999 -9999 -9999 -9999 -9999 -9999 -9999 -9999 -9999 -9999 -9999 -9999 -9999 -9999 -9999 -9999 -9999 -9999 -9999 -9999 -9999 -9999 -9999 -9999 -9999 -9999 -9999 -9999 -9999 -9999 -9999 22 23 22 23 24 24 25 26 26 25 23 23 23 25 27 24 38 38 48 26 32 27 25 21 21 19 15 15 15 15 15 15 15 15 14 12 12 12 12 12 12 12 12 11 11 10 10 11 11 9 9 9 9 9 9 9 9 9 9
-9999 -9999 -9999 -9999 -9999 -9999 -9999 -9999 -9999 -9999 -9999 -9999 -9999 -9999 -9999 -9999 -9999 -9999 -9999 -9999 -9999 -9999 -9999 -9999 -9999 -9999 -9999 -9999 -9999 -9999 -9999 -9999 -9999 22 22 22 23 24 25 25 26 26 28 25 28 25 27 31 28 34 54 70 47 52 32 34 25 23 20 16 15 15 15 15 15 15 15 14 12 12 12 12 12 12 12 12 11 10 10 10 11 11 9 9 9 9 9 9 9 9 9 9
-9999 -9999 -9999 -9999 -9999 -9999 -9999 -9999 -9999 -9999 -9999 -9999 -9999 -9999 -9999 -9999 -9999 -9999 -9999 -9999 -9999 -9999 -9999 -9999 -9999 -9999 -9999 -9999 -9999 -9999 -9999 -9999 -9999 -9999 22 22 23 24 24 25 26 26 30 27 24 24 26 34 37 68 70 66 47 46 61 52 35 23 16 16 15 15 15 15 15 15 15 14 12 12 12 12 12 12 12 12 11 11 10 10 11 11 9 9 9 9 9 9 9 9 9 9
-9999 -9999 -9999 -9999 -9999 -9999 -9999 -9999 -9999 -9999 -9999 -9999 -9999 -9999 -9999 -9999 -9999 -9999 -9999 -9999 -9999 -9999 -9999 -9999 -9999 -9999 -9999 -9999 -9999 -9999 -9999 -9999 -9999 -9999 22 22 23 24 25 25 26 26 34 33 28 31 27 30 51 74 76 56 34 34 45 30 23 20 17 16 16 15 15 15 15 15 15 15 15 12 12 12 12 12 12 12 12 11 11 10 11 11 9 9 9 9 9 9 9 9 9 9
-9999 -9999 -9999 -9999 -9999 -9999 -9999 -9999 -9999 -9999 -9999 -9999 -9999 -9999 -9999 -9999 -9999 -9999 -9999 -9999 -9999 -9999 -9999 -9999 -9999 -9999 -9999 -9999 -9999 -9999 -9999 -9999 -9999 -9999 22 22 23 24 25 25 26 26 31 34 29 34 31 40 59 75 78 54 37 27 38 41 36 22 20 16 17 16 16 17 15 15 15 15 15 12 12 12 12 12 12 12 12 12 11 10 11 11 9 9 9 9 9 9 9 9 9 9
-9999 -9999 -9999 -9999 -9999 -9999 -9999 -9999 -9999 -9999 -9999 -9999 -9999 -9999 -9999 -9999 -9999 -9999 -9999 -9999 -9999 -9999 -9999 -9999 -9999 -9999 -9999 -9999 -9999 -9999 -9999 -9999 -9999 -9999 22 23 23 24 25 25 26 27 27 30 26 31 34 64 77 75 79 78 52 27 26 34 58 30 21 19 17 17 17 17 17 20 17 15 15 15 12 12 12 12 12 12 12 12 11 10 11 11 9 9 9 9 9 9 9 9 9 9
-9999 -9999 -9999 -9999 -9999 -9999 -9999 -9999 -9999 -9999 -9999 -9999 -9999 -9999 -9999 -9999 -9999 -9999 -9999 -9999 -9999 -9999 -9999 -9999 -9999 -9999 -9999 -9999 -9999 -9999 -9999 -9999 -9999 22 22 23 23 24 25 24 26 26 26 25 25 27 39 62 77 77 81 77 52 28 25 32 48 56 26 21 18 17 17 18 17 18 19 17 17 17 12 12 12 12 12 12 12 12 11 10 11 11 9 9 9 9 9 9 9 9 9 9
-9999 -9999 -9999 -9999 -9999 -9999 -9999 -9999 -9999 -9999 -9999 -9999 -9999 -9999 -9999 -9999 -9999 -9999 -9999 -9999 -9999 -9999 -9999 -9999 -9999 -9999 -9999 -9999 -9999 -9999 -9999 -9999 -9999 22 22 23 23 24 26 24 25 24 24 24 25 27 43 63 80 67 77 77 58 26 24 25 31 40 31 25 20 19 18 21 18 17 15 15 17 13 12 12 12 12 12 12 12 12 11 10 11 11 11 9 9 9 9 9 9 9 9 9
-9999 -9999 -9999 -9999 -9999 -9999 -9999 -9999 -9999 -9999 -9999 -9999 -9999 -9999 -9999 -9999 -9999 -9999 -9999 -9999 -9999 -9999 -9999 -9999 -9999 -9999 -9999 -9999 -9999 -9999 -9999 -9999 24 24 22 23 23 24 24 24 23 24 24 26 27 28 40 59 70 54 56 78 61 35 24 24 32 43 61 56 32 24 23 20 17 17 15 15 15 13 12 12 12 12 12 12 12 12 11 11 11 11 11 9 9 9 9 9 9 9 9 9
-9999 -9999 -9999 -9999 -9999 -9999 -9999 -9999 -9999 -9999 -9999 -9999 -9999 -9999 -9999 -9999 -9999 -9999 -9999 -9999 -9999 -9999 -9999 -9999 -9999 -9999 -9999 -9999 -9999 -9999 -9999 -9999 24 24 23 23 23 24 23 24 22 23 26 26 27 29 45 53 65 57 48 65 62 54 25 23 28 40 58 50 33 24 20 16 16 14 14 14 13 12 12 12 12 12 12 12 12 12 12 11 11 11 11 9 9 9 9 9 9 9 9 9
-9999 -9999 -9999 -9999 -9999 -9999 -9999 -9999 -9999 -9999 -9999 -9999 -9999 -9999 -9999 -9999 -9999 -9999 -9999 -9999 -9999 -9999 -9999 -9999 -9999 -9999 -9999 -9999 -9999 -9999 -9999 -9999 24 24 23 23 23 24 24 24 25 23 23 24 25 27 31 48 54 45 35 50 56 33 25 23 24 31 40 39 36 21 17 16 16 14 14 14 13 12 12 12 12 12 12 12 12 12 12 11 11 11 11 9 9 9 9 9 9 9 9 9
-9999 -9999 -9999 -9999 -9999 -9999 -9999 -9999 -9999 -9999 -9999 -9999 -9999 -9999 -9999 -9999 -9999 -9999 -9999 -9999 -9999 -9999 -9999 -9999 -9999 -9999 -9999 -9999 -9999 -9999 -9999 -9999 -9999 24 23 23 23 24 28 26 25 25 23 26 29 31 34 46 36 46 31 40 50 40 26 21 23 27 27 34 34 21 17 16 16 16 14 14 14 13 12 12 12 12 12 12 12 12 12 11 11 11 11 9 9 9 9 9 9 9 9 9
