invasiveSpecies/multiSpecies/data/worldclim_KE/worldclim_KE_2050_BC85_Bio12.asc
ncols         347
nrows         295
xllcorner     36.068012264173
yllcorner     0.13039239511974
cellsize      0.0083333333333333
NODATA_value  -9999
[rows 148 to 184 of 295, columns 168 to 251 of 347]
481 479 478 472 473 469 465 462 460 460 456 459 454 448 452 466 467 492 494 487 485 452 447 452 461 466 485 468 452 451 443 443 447 450 450 455 455 450 443 447 445 441 436 432 426 482 487 483 480 478 477 478 480 483 487 468 468 450 446 447 448 453 455 455 453 450 444 446 442 467 468 469 471 471 466 463 463 439 420 416 404 396 392 391
484 481 478 472 471 469 464 460 455 452 451 453 452 451 460 473 482 505 496 491 480 450 450 454 462 462 476 469 454 452 448 447 447 453 455 456 451 449 443 448 447 445 444 443 439 479 479 481 480 479 478 480 483 491 489 488 484 451 449 452 453 455 456 455 455 448 446 446 446 453 469 472 476 473 471 467 464 431 425 466 405 396 393 392
485 483 478 471 469 466 459 459 454 455 456 459 458 454 464 477 479 495 494 492 452 450 452 458 465 466 478 469 460 456 448 448 449 455 460 460 456 450 446 447 452 450 448 438 428 459 475 481 481 479 479 482 495 496 492 485 458 451 450 452 454 456 461 456 456 454 454 457 447 454 461 469 481 475 476 472 442 471 468 433 406 402 394 395
485 482 476 470 468 466 460 461 462 457 463 464 462 466 470 487 483 474 469 486 454 455 459 462 473 469 479 480 463 460 452 450 450 455 463 460 457 457 453 451 457 453 447 440 429 430 472 484 481 481 481 486 494 493 487 471 461 457 452 455 457 458 462 457 458 454 467 466 457 454 458 472 477 478 478 478 477 477 475 433 407 401 399 398
477 477 474 469 469 469 467 470 465 461 465 470 462 471 481 483 482 475 467 460 459 454 461 465 473 469 478 472 465 455 451 450 451 457 467 462 460 459 459 455 455 446 443 443 430 430 447 486 486 486 483 486 495 495 495 471 460 457 453 458 458 463 462 460 460 467 467 464 459 462 463 465 470 479 482 485 478 478 436 411 408 400 399 398
477 471 471 469 469 472 472 470 466 461 462 471 469 472 482 490 484 479 470 462 459 457 467 477 478 475 477 472 464 455 453 452 453 461 467 465 467 461 459 455 452 446 435 430 430 435 489 490 490 490 486 488 503 498 493 481 461 459 458 461 463 466 466 463 466 476 468 467 462 472 468 473 483 483 485 483 478 443 424 417 408 403 402 400
477 476 475 472 475 477 473 469 466 466 468 470 470 473 483 490 481 477 472 462 459 458 470 481 480 477 478 471 466 460 458 454 454 463 473 469 464 460 450 447 444 440 437 435 433 469 486 492 493 490 486 492 497 498 498 470 462 461 462 462 465 470 467 465 468 478 471 468 474 480 476 485 485 485 486 483 479 427 420 416 408 405 403 402
485 479 482 477 475 474 470 467 464 469 472 470 472 476 484 490 482 478 472 465 461 460 470 483 485 482 479 477 469 463 458 456 458 469 475 463 460 455 447 440 435 433 433 432 466 497 495 495 494 493 492 492 496 497 497 471 464 461 463 465 470 476 471 473 478 479 474 471 482 491 486 491 491 488 488 485 444 426 417 412 409 406 404 404
486 488 486 478 479 477 474 467 467 469 477 476 474 478 486 491 486 484 478 468 463 462 469 477 486 485 485 476 473 463 461 459 459 470 474 470 459 452 441 433 433 433 433 502 498 497 496 498 499 499 496 495 496 497 500 478 464 464 468 469 480 483 478 479 485 487 482 503 482 498 506 500 495 492 490 485 431 419 417 414 409 408 406 404
492 488 484 478 480 481 478 472 474 473 477 480 479 482 488 492 486 483 475 472 468 463 469 480 489 486 483 476 474 465 466 465 460 471 477 481 468 457 453 437 438 439 456 504 502 498 499 503 505 500 500 497 499 498 501 502 486 464 468 476 485 505 496 493 494 503 507 510 515 506 509 500 493 477 446 435 427 419 415 414 411 410 408 407
492 487 485 483 481 480 476 476 474 474 479 484 482 486 491 490 483 481 473 469 468 469 472 482 486 490 482 478 477 470 471 467 463 470 476 474 468 462 454 439 436 491 505 508 505 504 505 506 510 511 509 506 505 502 504 504 493 469 468 476 500 511 511 495 523 526 528 522 519 512 502 467 451 446 442 435 427 422 418 415 413 411 409 407
492 490 490 486 486 484 482 479 478 478 485 486 487 488 489 485 486 481 473 478 476 470 475 478 486 491 485 478 474 477 476 470 473 474 479 471 460 460 450 437 437 514 510 509 513 514 513 510 514 516 517 520 510 505 508 508 495 477 470 480 496 513 519 519 522 524 520 520 511 502 502 495 450 442 438 433 425 424 421 415 415 411 411 410
492 495 490 491 494 487 484 480 481 483 487 487 486 487 483 482 481 476 474 479 477 474 474 487 489 491 483 478 476 480 479 474 479 479 483 475 451 452 439 439 496 515 515 512 516 519 525 519 518 520 521 520 518 510 509 511 498 480 472 491 515 514 518 516 518 522 518 511 509 501 497 476 490 485 439 432 425 421 420 415 415 414 412 412
499 501 498 497 495 489 487 482 485 487 489 490 485 482 481 481 481 479 482 485 483 479 478 482 493 493 484 482 480 482 488 483 485 485 488 498 505 442 442 522 525 519 516 516 521 524 531 531 530 525 535 525 522 519 517 516 489 482 480 492 516 520 516 514 515 523 518 511 507 501 498 465 447 443 439 433 426 423 420 420 417 415 414 413
502 499 494 490 490 489 489 488 490 493 490 491 486 484 483 482 482 482 487 492 486 484 482 486 494 492 487 482 482 484 492 493 494 497 493 499 513 442 520 523 528 530 519 517 523 526 530 537 538 560 539 531 524 520 522 517 488 482 481 499 512 511 515 511 514 512 512 511 505 502 501 455 476 451 443 433 425 423 420 422 419 416 415 412
502 499 496 494 494 490 492 491 499 496 491 491 489 486 486 482 482 485 487 493 487 485 484 488 489 489 486 484 479 477 481 489 488 493 501 511 521 443 462 526 528 529 528 518 523 526 530 537 543 553 541 530 523 520 517 492 488 484 482 494 509 509 510 508 508 506 505 502 502 501 491 480 481 474 477 433 424 423 423 423 422 420 415 413
503 502 499 496 492 494 499 497 499 496 491 490 487 485 483 482 486 484 489 495 490 485 487 490 482 483 482 479 478 469 479 485 477 488 498 494 462 445 446 514 516 517 518 518 523 525 527 533 553 558 539 531 530 520 519 518 487 487 484 487 496 506 513 508 506 494 487 477 473 469 480 483 482 476 437 427 424 424 425 424 421 418 418 413
503 500 499 498 495 495 502 504 503 498 497 491 488 482 486 485 489 493 490 494 490 489 488 486 485 482 476 474 477 467 475 474 471 480 483 480 476 447 446 513 516 516 518 518 521 522 524 530 545 553 538 531 527 522 519 484 483 484 484 488 496 511 513 506 498 494 493 490 490 488 483 443 475 436 431 429 428 424 427 424 423 419 417 413
509 505 501 501 502 498 503 507 502 498 496 491 490 485 488 489 489 496 493 492 483 483 481 485 482 474 478 467 468 465 464 466 467 465 469 514 492 446 448 515 519 517 517 517 519 517 517 525 533 535 532 528 524 522 496 483 479 479 482 489 498 502 505 501 498 464 491 491 488 485 473 445 433 431 433 434 434 433 429 426 424 420 418 418
515 509 502 504 505 501 507 509 502 499 498 495 490 490 492 490 491 495 490 491 483 480 478 480 476 472 467 464 466 460 456 456 467 458 456 457 455 452 450 521 523 517 521 518 519 515 515 517 513 526 524 523 521 521 486 480 476 475 499 502 499 500 495 494 496 464 456 464 487 484 438 435 435 438 436 437 437 438 435 429 428 424 419 418
521 513 506 509 505 502 511 506 503 505 500 498 491 494 494 491 491 491 486 482 483 481 471 476 472 467 465 460 457 456 456 455 460 456 453 452 454 456 457 521 528 521 521 508 508 510 503 499 496 495 521 521 520 519 481 478 476 470 468 486 471 465 492 492 493 459 456 446 446 442 441 439 441 439 444 445 445 442 439 438 429 425 423 419
528 517 514 511 509 506 513 510 508 506 502 498 496 493 488 489 486 490 484 482 479 476 472 468 467 463 463 461 464 458 456 454 453 453 454 454 454 515 516 525 526 520 519 501 503 506 501 494 489 488 486 499 520 476 476 474 472 469 469 464 464 462 460 457 459 457 452 452 449 447 446 444 439 447 455 451 445 440 442 435 430 423 421 419
534 527 516 513 512 511 513 506 502 503 505 501 494 493 489 486 483 483 483 481 476 469 467 466 463 463 463 465 469 464 455 455 451 454 455 457 456 486 515 520 522 518 518 501 499 501 496 489 489 484 482 482 482 473 476 474 474 473 469 468 465 464 463 460 461 457 457 455 456 452 456 450 445 450 457 451 446 446 443 440 431 425 422 422
542 533 520 518 519 516 512 512 498 497 504 499 492 490 493 488 482 481 479 475 471 469 467 466 468 470 472 471 473 462 458 468 467 459 463 463 459 467 522 523 522 520 520 500 499 495 495 490 490 487 481 480 479 477 484 481 478 474 473 471 471 471 466 463 466 458 463 461 457 460 457 453 452 454 463 456 449 449 441 435 431 426 423 423
553 539 528 511 513 509 503 503 498 491 490 495 489 485 486 486 482 480 479 477 473 467 465 468 474 474 476 476 473 458 460 479 468 468 476 471 461 482 481 519 519 518 504 500 500 498 497 491 491 481 481 481 480 477 481 481 481 477 478 477 473 473 471 466 466 465 468 466 467 462 455 458 456 461 461 457 454 453 446 438 434 427 423 424
547 536 525 514 508 506 503 497 493 491 487 488 490 482 481 481 481 480 481 473 468 465 468 474 477 477 479 476 468 463 465 475 468 473 484 472 465 466 482 484 497 504 503 500 502 497 495 491 491 486 482 481 480 484 485 486 483 480 479 479 477 476 472 466 469 467 473 473 463 462 462 462 464 462 463 458 450 447 446 443 433 428 427 425
566 528 518 512 507 502 499 495 490 490 488 482 486 481 478 478 476 475 478 474 469 468 473 479 482 483 481 473 466 467 469 477 477 490 490 479 475 469 476 482 494 499 506 504 499 496 495 491 492 487 484 484 484 485 488 487 487 486 484 483 477 474 472 474 476 475 474 467 466 473 473 472 465 463 463 451 445 442 441 434 430 430 429 425
532 517 508 511 512 505 497 492 487 483 484 480 475 473 477 476 475 473 468 466 467 473 476 485 488 486 477 476 469 468 467 477 487 516 491 490 480 478 474 481 484 504 506 503 498 497 496 495 495 491 487 487 487 489 494 488 487 486 488 483 479 477 475 477 478 477 471 474 471 475 475 473 467 467 462 453 446 441 436 434 430 429 429 429
561 510 501 501 505 502 497 491 486 479 477 476 475 472 480 480 478 475 470 467 470 479 480 487 493 486 484 478 473 468 471 477 490 520 524 498 486 481 480 485 493 496 508 504 500 500 498 499 496 491 491 488 492 489 489 488 488 488 486 484 483 481 481 482 482 481 481 481 479 474 470 467 462 462 454 449 449 438 435 435 435 434 430 430
519 501 497 493 501 498 494 487 481 480 479 479 475 475 481 479 477 472 470 474 474 483 487 493 492 489 482 481 479 470 470 478 496 523 526 510 491 485 485 489 496 499 509 505 503 502 500 501 500 498 495 492 492 486 488 486 484 485 481 479 476 476 474 474 477 477 480 479 474 472 461 461 460 458 453 446 442 439 439 441 441 438 433 430
499 496 497 492 492 489 488 484 480 487 489 481 480 482 486 481 478 474 478 479 475 486 491 496 496 491 486 481 474 471 472 475 488 527 533 518 499 487 494 492 498 501 510 509 507 502 505 504 504 499 496 489 489 484 484 482 480 480 479 478 473 472 470 467 469 469 472 473 472 465 461 457 453 447 448 441 441 442 442 445 445 440 437 430
501 505 500 493 492 490 485 490 486 493 482 482 487 490 485 480 478 478 488 482 482 483 494 497 497 497 488 483 478 473 473 480 493 530 533 530 499 495 506 506 507 501 510 519 510 508 501 500 498 495 494 488 484 484 486 479 475 478 476 474 473 471 466 466 468 467 467 467 469 468 465 459 455 447 441 441 447 447 451 455 451 444 438 430
502 508 504 502 502 495 495 494 497 492 487 484 492 487 484 481 481 482 490 482 483 498 502 501 500 495 489 483 480 475 476 478 498 506 515 509 502 506 533 513 511 513 509 517 510 504 502 498 492 488 488 488 483 481 481 479 479 478 473 473 474 473 473 467 467 464 461 461 461 464 462 458 447 447 449 449 452 452 456 459 451 446 437 433
506 517 512 510 512 503 499 501 494 491 489 490 497 488 486 482 480 486 489 481 486 512 508 507 506 497 493 491 485 484 479 480 488 498 515 517 512 514 523 523 515 519 521 523 511 509 504 502 495 493 489 487 484 481 483 480 481 480 480 480 477 481 478 472 470 470 463 464 463 456 455 455 453 456 456 455 457 460 460 456 454 445 440 436
512 521 516 519 519 517 502 505 504 491 491 499 498 491 486 485 485 496 496 489 495 525 525 512 504 497 494 493 487 485 479 486 485 493 510 521 514 516 528 530 523 522 522 522 513 515 504 500 496 494 490 489 485 481 483 487 485 486 486 485 486 481 474 471 470 468 467 467 467 462 456 453 455 462 467 461 464 457 456 453 449 445 443 437
514 519 525 525 528 527 512 513 498 495 492 499 493 492 486 487 490 499 498 490 497 528 530 513 507 499 493 495 493 485 486 486 490 490 508 518 517 517 528 539 526 522 523 520 516 511 503 500 497 497 496 487 486 482 484 490 491 491 489 486 486 479 481 473 471 471 470 473 469 467 466 466 464 472 473 467 462 455 453 452 447 446 442 442
519 524 528 529 523 518 513 504 500 494 497 503 496 492 488 488 496 500 498 495 497 518 530 536 505 500 502 496 496 487 487 494 496 492 502 518 520 523 527 535 525 524 520 514 513 523 517 506 501 500 497 489 488 485 487 493 495 491 486 487 486 485 476 473 472 475 478 475 470 468 468 472 472 471 471 464 458 463 455 454 444 446 446 449
