invasiveSpecies/multiSpecies/data/worldclim_KE/worldclim_KE_2050_BC26_Bio15.asc
ncols         347
nrows         295
xllcorner     36.068012264173
yllcorner     0.13039239511974
cellsize      0.0083333333333333
NODATA_value  -9999
[rows 228 to 265 of 295, columns 85 to 169 of 347]
58 58 59 59 60 61 62 -9999 -9999 -9999 -9999 -9999 -9999 -9999 -9999 -9999 -9999 -9999 -9999 -9999 -9999 -9999 -9999 -9999 -9999 -9999 -9999 -9999 -9999 -9999 -9999 -9999 -9999 -9999 -9999 -9999 -9999 -9999 -9999 -9999 -9999 -9999 -9999 -9999 -9999 -9999 -9999 -9999 -9999 -9999 85 84 85 86 85 85 86 86 85 86 86 85 85 86 86 87 87 88 87 88 88 87 89 90 90 90 91 90 90 91 92 92 92 92 94
57 58 58 60 59 61 63 64 62 -9999 -9999 -9999 -9999 -9999 -9999 -9999 -9999 -9999 -9999 -9999 -9999 -9999 -9999 -9999 -9999 -9999 -9999 -9999 -9999 -9999 -9999 -9999 -9999 -9999 -9999 -9999 -9999 -9999 -9999 -9999 -9999 -9999 -9999 -9999 -9999 -9999 -9999 -9999 -9999 -9999 84 85 85 86 85 85 85 86 85 86 85 86 86 86 86 88 87 88 89 87 89 88 88 90 90 89 91 90 91 91 91 92 91 92 93
57 58 58 59 59 60 63 64 62 -9999 -9999 -9999 -9999 -9999 -9999 -9999 -9999 -9999 -9999 -9999 -9999 -9999 -9999 -9999 -9999 -9999 -9999 -9999 -9999 -9999 -9999 -9999 -9999 -9999 -9999 -9999 -9999 -9999 -9999 -9999 -9999 -9999 -9999 -9999 -9999 -9999 -9999 -9999 -9999 84 84 85 85 85 85 86 85 85 85 87 85 86 87 85 87 87 87 88 88 88 87 89 88 89 91 90 89 90 91 92 91 92 92 92 91
56 57 58 59 59 59 63 64 61 62 -9999 -9999 -9999 -9999 -9999 -9999 -9999 -9999 -9999 -9999 -9999 -9999 -9999 -9999 -9999 -9999 -9999 -9999 -9999 -9999 -9999 -9999 -9999 -9999 -9999 -9999 -9999 -9999 -9999 -9999 -9999 -9999 -9999 -9999 -9999 -9999 -9999 -9999 85 85 84 85 86 85 84 85 85 85 85 86 86 86 86 85 86 87 87 88 89 88 88 88 88 89 90 91 90 90 91 91 91 91 91 93 93
56 57 58 59 59 60 60 62 61 62 62 -9999 -9999 -9999 -9999 -9999 -9999 -9999 -9999 -9999 -9999 -9999 -9999 -9999 -9999 -9999 -9999 -9999 -9999 -9999 -9999 -9999 -9999 -9999 -9999 -9999 -9999 -9999 -9999 -9999 -9999 -9999 -9999 -9999 -9999 -9999 -9999 -9999 85 84 84 85 85 86 85 84 85 85 85 86 86 85 86 87 86 86 87 87 87 87 88 88 89 89 90 90 89 90 91 91 92 91 92 92 93
57 57 58 58 58 60 61 61 65 62 66 -9999 -9999 -9999 -9999 -9999 -9999 -9999 -9999 -9999 -9999 -9999 -9999 -9999 -9999 -9999 -9999 -9999 -9999 -9999 -9999 -9999 -9999 -9999 -9999 -9999 -9999 -9999 -9999 -9999 -9999 -9999 -9999 -9999 -9999 -9999 -9999 85 84 84 84 84 84 84 85 84 86 85 86 85 85 85 86 86 86 86 87 87 88 88 88 88 90 89 89 88 89 91 90 91 90 91 92 92 93
57 58 58 58 59 61 65 64 66 62 65 66 -9999 -9999 -9999 -9999 -9999 -9999 -9999 -9999 -9999 -9999 -9999 -9999 -9999 -9999 -9999 -9999 -9999 -9999 -9999 -9999 -9999 -9999 -9999 -9999 -9999 -9999 -9999 -9999 -9999 -9999 -9999 -9999 -9999 -9999 84 84 84 84 84 83 84 85 84 84 85 85 85 86 86 86 85 86 86 85 86 88 87 88 88 89 88 88 90 90 91 91 91 91 92 92 92 92 93
57 58 58 58 60 60 66 65 67 70 66 -9999 -9999 -9999 -9999 -9999 -9999 -9999 -9999 -9999 -9999 -9999 -9999 -9999 -9999 -9999 -9999 -9999 -9999 -9999 -9999 -9999 -9999 -9999 -9999 -9999 -9999 -9999 -9999 -9999 -9999 -9999 -9999 -9999 -9999 -9999 84 83 83 84 83 83 84 84 84 84 84 85 86 86 85 86 86 85 85 86 87 87 87 88 88 88 88 89 89 90 90 90 91 91 90 91 92 92 92
58 58 59 59 60 63 65 67 69 70 68 64 -9999 -9999 -9999 -9999 -9999 -9999 -9999 -9999 -9999 -9999 -9999 -9999 -9999 -9999 -9999 -9999 -9999 -9999 -9999 -9999 -9999 -9999 -9999 -9999 -9999 -9999 -9999 -9999 -9999 -9999 -9999 -9999 -9999 85 84 83 84 82 83 83 83 84 84 83 83 85 85 85 85 85 86 85 86 86 86 87 87 87 88 89 89 88 89 89 89 90 90 91 91 90 92 91 94
56 57 58 58 59 63 64 66 68 69 68 -9999 -9999 -9999 -9999 -9999 -9999 -9999 -9999 -9999 -9999 -9999 -9999 -9999 -9999 -9999 -9999 -9999 -9999 -9999 -9999 -9999 -9999 -9999 -9999 -9999 -9999 -9999 -9999 -9999 -9999 -9999 -9999 -9999 -9999 83 83 83 83 83 82 83 83 83 83 84 83 84 84 85 85 86 85 85 85 86 85 87 87 87 88 88 87 89 88 88 90 89 91 91 91 90 93 91 94
56 56 57 57 58 61 59 65 67 69 70 -9999 -9999 -9999 -9999 -9999 -9999 -9999 -9999 -9999 -9999 -9999 -9999 -9999 -9999 -9999 -9999 -9999 -9999 -9999 -9999 -9999 -9999 -9999 -9999 -9999 85 84 84 84 83 84 -9999 83 83 83 83 83 82 84 83 84 83 83 83 84 83 84 85 85 85 84 84 86 85 86 86 87 86 87 87 88 88 89 89 90 90 89 91 91 90 91 93 92 93
55 56 56 57 58 60 61 66 68 69 70 -9999 -9999 -9999 -9999 -9999 -9999 -9999 -9999 -9999 -9999 -9999 -9999 -9999 -9999 -9999 -9999 -9999 -9999 -9999 -9999 -9999 -9999 -9999 84 84 84 84 84 84 83 83 84 83 83 84 83 82 83 82 83 83 83 83 82 83 85 84 85 85 84 86 85 85 86 86 86 86 86 88 87 89 88 88 88 88 90 90 90 91 91 92 93 92 94
55 56 57 57 58 61 65 67 67 68 70 -9999 -9999 -9999 -9999 -9999 -9999 -9999 -9999 -9999 -9999 -9999 -9999 -9999 -9999 -9999 -9999 -9999 -9999 -9999 -9999 -9999 -9999 84 84 84 84 84 83 84 84 83 83 83 84 82 82 83 83 84 83 82 82 83 82 83 83 84 85 85 85 85 85 86 85 86 86 87 87 86 87 88 87 88 89 88 90 90 91 91 90 93 91 93 93
55 55 56 56 57 60 63 65 66 68 68 -9999 -9999 -9999 -9999 -9999 -9999 -9999 -9999 -9999 -9999 -9999 -9999 -9999 -9999 -9999 -9999 -9999 -9999 -9999 -9999 -9999 -9999 84 84 83 84 84 84 83 84 83 83 82 82 82 82 82 83 82 83 83 84 83 83 84 83 84 84 86 86 84 84 86 84 85 85 87 86 87 87 88 89 88 88 89 89 89 90 91 92 92 92 93 94
56 55 56 57 57 58 65 65 67 67 69 -9999 -9999 -9999 -9999 -9999 -9999 -9999 -9999 -9999 -9999 -9999 -9999 -9999 -9999 -9999 -9999 -9999 -9999 -9999 -9999 -9999 -9999 79 77 80 84 84 83 83 84 82 83 83 82 82 83 83 83 83 82 82 83 83 83 84 83 83 85 85 85 85 85 85 85 85 86 85 86 86 86 87 89 88 88 88 89 90 90 91 92 91 91 92 92
55 56 57 59 61 61 65 65 66 67 69 69 69 68 68 69 69 67 -9999 -9999 -9999 -9999 -9999 -9999 -9999 -9999 -9999 -9999 -9999 -9999 -9999 -9999 -9999 82 75 75 83 83 81 83 83 83 82 83 82 83 83 83 83 83 82 82 83 83 83 83 84 83 84 85 84 85 84 85 85 85 86 85 85 86 86 87 87 88 89 88 89 90 90 90 91 92 91 91 93
56 56 57 60 57 58 63 61 65 66 69 68 67 69 68 68 68 67 67 67 68 68 68 68 68 67 -9999 -9999 -9999 -9999 -9999 -9999 -9999 75 72 73 81 83 74 83 83 83 82 82 82 83 83 83 83 82 83 82 83 82 82 82 83 85 84 85 85 85 85 84 84 84 85 87 86 86 86 87 87 88 88 88 89 89 89 90 90 91 91 92 92
-9999 -9999 -9999 58 58 58 59 59 64 68 68 67 67 68 68 67 68 68 68 67 67 69 69 69 69 68 67 65 66 65 67 68 71 72 67 68 72 77 75 82 83 82 82 81 82 82 83 83 82 83 83 82 82 82 83 82 83 83 83 85 85 84 85 85 84 85 85 86 85 86 86 87 87 87 88 89 88 89 89 90 90 90 91 91 92
-9999 -9999 -9999 -9999 -9999 58 59 58 60 64 68 67 66 67 67 68 67 68 67 66 66 66 67 67 68 66 66 66 65 65 66 68 71 69 67 69 71 74 75 80 82 83 82 82 82 83 82 83 82 82 82 83 82 83 83 82 83 84 83 84 85 84 85 85 85 85 85 85 86 85 86 87 88 88 87 88 89 89 89 89 90 90 92 92 91
-9999 -9999 -9999 -9999 -9999 -9999 63 61 63 64 67 68 66 67 67 66 66 66 66 65 65 66 65 66 67 66 66 65 66 65 64 66 68 68 68 68 71 76 74 76 81 80 81 82 77 82 82 83 83 83 82 82 82 82 83 82 83 83 80 83 84 84 84 85 84 85 84 85 85 86 87 86 87 88 87 88 88 89 90 89 90 91 91 90 91
-9999 -9999 -9999 -9999 -9999 -9999 63 64 65 67 -9999 67 66 66 66 67 67 67 66 64 65 65 65 65 67 66 65 65 65 64 64 65 67 67 67 69 71 71 74 73 81 82 82 82 77 82 82 82 82 82 83 83 83 82 83 82 83 81 80 85 85 85 85 85 85 85 85 85 85 86 86 86 87 87 86 88 88 88 89 89 89 90 90 91 92
-9999 -9999 -9999 -9999 -9999 -9999 -9999 -9999 65 -9999 -9999 -9999 66 66 65 66 66 65 65 64 65 65 65 66 65 66 66 64 64 66 65 64 66 66 66 67 68 69 73 74 81 81 79 77 74 79 82 82 82 82 82 83 83 82 82 82 84 -9999 -9999 84 83 84 84 84 84 85 84 85 85 85 86 87 87 87 86 87 87 88 89 88 89 91 90 91 92
-9999 -9999 -9999 -9999 -9999 -9999 -9999 -9999 -9999 -9999 -9999 -9999 66 66 65 65 65 65 65 66 67 66 66 65 64 65 64 64 65 65 64 63 63 65 67 67 68 70 74 71 77 81 79 77 72 77 82 81 81 82 82 83 83 83 82 82 -9999 -9999 -9999 -9999 83 84 84 84 84 84 85 84 85 85 86 87 86 87 87 87 87 88 89 89 89 89 90 90 91
-9999 -9999 -9999 -9999 -9999 -9999 -9999 -9999 -9999 -9999 -9999 -9999 -9999 66 65 66 66 67 68 67 67 67 67 66 65 64 66 66 66 65 63 63 64 65 68 68 70 71 74 72 74 80 78 71 73 81 81 82 82 82 82 80 83 83 -9999 -9999 -9999 -9999 -9999 -9999 -9999 84 83 83 84 84 84 85 85 85 85 86 85 86 86 86 87 87 88 88 88 89 90 91 90
-9999 -9999 -9999 -9999 -9999 -9999 -9999 -9999 -9999 -9999 -9999 -9999 -9999 67 66 67 67 66 66 65 66 67 67 65 65 66 65 66 65 64 65 65 64 65 65 66 70 72 75 74 79 79 75 74 77 81 81 81 81 81 82 82 81 -9999 -9999 -9999 -9999 -9999 -9999 -9999 -9999 -9999 84 84 84 84 84 85 85 85 86 85 85 86 86 87 86 88 88 88 89 89 89 90 90
-9999 -9999 -9999 -9999 -9999 -9999 -9999 -9999 -9999 -9999 -9999 -9999 -9999 -9999 66 66 65 65 65 65 64 66 66 66 66 65 64 65 65 63 65 64 64 64 65 68 67 72 75 73 74 76 71 76 78 78 79 81 81 82 82 82 -9999 -9999 -9999 -9999 -9999 -9999 -9999 -9999 -9999 -9999 83 84 84 84 84 85 84 85 85 86 86 85 86 87 88 87 87 88 88 90 89 89 90
-9999 -9999 -9999 -9999 -9999 -9999 -9999 -9999 -9999 -9999 -9999 -9999 -9999 -9999 65 65 65 65 65 65 65 64 -9999 66 66 65 64 64 63 64 63 64 65 66 67 69 70 72 74 72 70 72 71 73 76 73 75 77 78 80 -9999 -9999 -9999 -9999 -9999 -9999 -9999 -9999 -9999 -9999 -9999 -9999 84 83 83 85 85 84 84 85 84 86 86 86 86 86 87 88 87 87 88 89 89 90 90
-9999 -9999 -9999 -9999 -9999 -9999 -9999 -9999 -9999 -9999 -9999 -9999 -9999 -9999 66 65 65 65 64 64 65 -9999 -9999 -9999 -9999 -9999 -9999 -9999 -9999 62 62 64 65 65 69 69 70 71 72 72 70 69 71 70 72 76 72 74 74 -9999 -9999 -9999 -9999 -9999 -9999 -9999 -9999 -9999 -9999 -9999 -9999 -9999 -9999 84 84 84 84 84 86 85 85 86 85 85 87 87 87 87 88 88 88 89 89 89 90
-9999 -9999 -9999 -9999 -9999 -9999 -9999 -9999 -9999 -9999 -9999 -9999 -9999 -9999 -9999 65 65 65 64 -9999 -9999 -9999 -9999 -9999 -9999 -9999 -9999 -9999 -9999 -9999 62 62 64 64 67 70 72 72 73 72 70 69 68 69 72 75 72 71 72 -9999 -9999 -9999 -9999 -9999 -9999 -9999 -9999 -9999 -9999 -9999 -9999 -9999 -9999 83 84 83 84 85 85 85 85 85 85 86 87 86 86 88 87 87 88 88 89 90 89
-9999 -9999 -9999 -9999 -9999 -9999 -9999 -9999 -9999 -9999 -9999 -9999 -9999 -9999 -9999 64 64 64 -9999 -9999 -9999 -9999 -9999 -9999 -9999 -9999 -9999 -9999 -9999 -9999 63 62 63 64 66 67 70 70 70 70 73 73 71 70 70 74 73 72 72 -9999 -9999 -9999 -9999 -9999 -9999 -9999 -9999 -9999 -9999 -9999 -9999 -9999 -9999 83 84 83 83 84 84 84 85 86 85 86 86 86 87 87 87 88 89 88 90 91 90
-9999 -9999 -9999 -9999 -9999 -9999 -9999 -9999 -9999 -9999 -9999 -9999 -9999 -9999 -9999 -9999 -9999 -9999 -9999 -9999 -9999 -9999 -9999 -9999 -9999 -9999 -9999 -9999 -9999 -9999 -9999 62 62 64 64 66 70 68 69 68 70 71 70 69 67 67 72 71 71 -9999 -9999 -9999 -9999 -9999 -9999 -9999 -9999 -9999 -9999 -9999 -9999 -9999 -9999 83 83 83 84 83 85 85 85 85 86 86 87 86 87 87 87 87 89 89 89 90 90
-9999 -9999 -9999 -9999 -9999 -9999 -9999 -9999 -9999 -9999 -9999 -9999 -9999 -9999 -9999 -9999 -9999 -9999 -9999 -9999 -9999 -9999 -9999 -9999 -9999 -9999 -9999 -9999 -9999 -9999 -9999 -9999 61 62 65 67 70 68 66 66 67 68 69 69 67 67 71 69 70 -9999 -9999 -9999 -9999 -9999 -9999 -9999 -9999 -9999 -9999 -9999 -9999 -9999 -9999 -9999 83 84 84 84 84 84 85 85 86 85 86 86 87 87 87 88 88 88 88 90 89
-9999 -9999 -9999 -9999 -9999 -9999 -9999 -9999 -9999 -9999 -9999 -9999 -9999 -9999 -9999 -9999 -9999 -9999 -9999 -9999 -9999 -9999 -9999 -9999 -9999 -9999 -9999 -9999 -9999 -9999 -9999 -9999 61 63 64 67 69 68 65 66 67 67 68 68 67 67 70 69 69 -9999 -9999 -9999 -9999 -9999 -9999 -9999 -9999 -9999 -9999 -9999 -9999 -9999 -9999 -9999 83 83 83 83 85 84 84 84 85 86 87 86 86 86 87 87 88 89 89 90 92
-9999 -9999 -9999 -9999 -9999 -9999 -9999 -9999 -9999 -9999 -9999 -9999 -9999 -9999 -9999 -9999 -9999 -9999 -9999 -9999 -9999 -9999 -9999 -9999 -9999 -9999 -9999 -9999 -9999 -9999 -9999 -9999 62 63 67 67 69 66 66 64 65 65 66 68 68 68 69 -9999 -9999 -9999 -9999 -9999 -9999 -9999 -9999 -9999 -9999 -9999 -9999 -9999 -9999 -9999 -9999 -9999 83 84 83 83 84 85 85 85 86 86 85 86 87 87 87 88 88 89 90 89 93
-9999 -9999 -9999 -9999 -9999 -9999 -9999 -9999 -9999 -9999 -9999 -9999 -9999 -9999 -9999 -9999 -9999 -9999 -9999 -9999 -9999 -9999 -9999 -9999 -9999 -9999 -9999 -9999 -9999 -9999 -9999 -9999 -9999 64 64 66 68 67 67 65 66 66 65 67 67 -9999 -9999 -9999 -9999 -9999 -9999 -9999 -9999 -9999 -9999 -9999 -9999 -9999 -9999 -9999 -9999 -9999 -9999 -9999 83 83 83 84 84 84 85 85 85 86 85 86 87 87 87 88 88 88 89 90 93
-9999 -9999 -9999 -9999 -9999 -9999 -9999 -9999 -9999 -9999 -9999 -9999 -9999 -9999 -9999 -9999 -9999 -9999 -9999 -9999 -9999 -9999 -9999 -9999 -9999 -9999 -9999 -9999 -9999 -9999 -9999 -9999 -9999 62 62 67 67 68 66 67 67 67 66 -9999 -9999 -9999 -9999 -9999 -9999 -9999 -9999 -9999 -9999 -9999 -9999 -9999 -9999 -9999 -9999 -9999 -9999 -9999 -9999 -9999 -9999 83 84 85 84 84 85 85 86 85 85 86 86 87 87 87 88 88 89 91 91
-9999 -9999 -9999 -9999 -9999 -9999 -9999 -9999 -9999 -9999 -9999 -9999 -9999 -9999 -9999 -9999 -9999 -9999 -9999 -9999 -9999 -9999 -9999 -9999 -9999 -9999 -9999 -9999 -9999 -9999 -9999 -9999 -9999 61 63 65 65 68 67 67 67 67 66 66 -9999 -9999 -9999 -9999 -9999 -9999 -9999 -9999 -9999 -9999 -9999 -9999 -9999 -9999 -9999 -9999 -9999 -9999 -9999 -9999 -9999 84 84 83 84 85 85 84 86 86 85 87 86 86 87 87 88 89 88 90 89
-9999 -9999 -9999 -9999 -9999 -9999 -9999 -9999 -9999 -9999 -9999 -9999 -9999 -9999 -9999 -9999 -9999 -9999 -9999 -9999 -9999 -9999 -9999 -9999 -9999 -9999 -9999 -9999 -9999 -9999 -9999 -9999 -9999 61 63 63 64 67 66 66 65 67 67 -9999 -9999 -9999 -9999 -9999 -9999 -9999 -9999 -9999 -9999 -9999 -9999 -9999 -9999 -9999 -9999 -9999 -9999 -9999 -9999 -9999 -9999 84 85 85 85 83 85 85 84 85 86 86 87 86 87 88 88 89 89 90 90
