invasiveSpecies/multiSpecies/data/worldclim_KE/worldclim_KE_2050_BC85_Bio17.asc
ncols         347
nrows         295
xllcorner     36.068012264173
yllcorner     0.13039239511974
cellsize      0.0083333333333333
NODATA_value  -9999
[rows 164 to 204 of 295, columns 92 to 183 of 347]
-9999 -9999 -9999 -9999 -9999 -9999 -9999 -9999 -9999 -9999 -9999 -9999 -9999 -9999 -9999 -9999 -9999 -9999 -9999 -9999 -9999 -9999 -9999 -9999 -9999 -9999 -9999 -9999 -9999 -9999 -9999 -9999 -9999 25 23 24 24 24 27 26 25 26 26 27 34 27 29 44 31 36 36 30 49 38 28 23 21 22 25 27 28 27 21 20 16 16 14 14 14 13 12 12 12 12 12 12 12 12 12 12 11 11 11 9 9 9 9 9 9 9 9 9
-9999 -9999 -9999 -9999 -9999 -9999 -9999 -9999 -9999 -9999 -9999 -9999 -9999 -9999 -9999 -9999 -9999 -9999 -9999 -9999 -9999 -9999 -9999 -9999 -9999 -9999 -9999 -9999 -9999 -9999 -9999 -9999 -9999 24 23 24 24 25 24 26 25 26 26 29 35 27 25 32 26 29 31 25 30 38 28 23 21 22 24 25 25 24 21 17 17 16 14 14 14 13 13 12 12 12 12 12 12 12 12 12 11 11 11 11 9 9 9 9 9 9 9 9
-9999 -9999 -9999 -9999 -9999 -9999 -9999 -9999 -9999 -9999 -9999 -9999 -9999 -9999 -9999 -9999 -9999 -9999 -9999 -9999 -9999 -9999 -9999 -9999 -9999 -9999 -9999 -9999 -9999 -9999 -9999 -9999 -9999 24 23 23 24 24 24 24 25 25 26 26 32 25 25 27 29 25 27 24 30 32 31 24 21 21 22 23 25 25 20 16 16 16 14 14 14 13 13 12 12 12 12 12 12 12 12 12 12 11 11 11 9 9 9 9 9 9 9 9
-9999 -9999 -9999 -9999 -9999 -9999 -9999 -9999 -9999 -9999 -9999 -9999 -9999 -9999 -9999 -9999 -9999 -9999 -9999 -9999 -9999 -9999 -9999 -9999 -9999 -9999 -9999 -9999 -9999 -9999 -9999 -9999 -9999 24 24 23 24 24 25 25 25 25 26 26 29 25 23 22 25 22 25 22 22 25 25 23 21 21 23 27 30 24 17 17 16 16 14 14 14 13 13 13 12 12 12 12 12 12 12 12 13 11 11 11 9 9 9 9 9 9 9 9
-9999 -9999 -9999 -9999 -9999 -9999 -9999 -9999 -9999 -9999 -9999 -9999 -9999 -9999 -9999 -9999 -9999 -9999 -9999 -9999 -9999 -9999 -9999 -9999 -9999 -9999 -9999 -9999 -9999 -9999 -9999 -9999 -9999 -9999 25 24 24 25 25 26 27 27 26 26 26 25 23 22 27 23 23 23 22 22 22 23 21 21 23 24 24 22 21 17 16 16 14 14 14 16 17 14 13 12 12 12 12 12 12 12 13 11 12 11 9 9 9 9 9 9 9 9
-9999 -9999 -9999 -9999 -9999 -9999 -9999 -9999 -9999 -9999 -9999 -9999 -9999 -9999 -9999 -9999 -9999 -9999 -9999 -9999 -9999 -9999 -9999 -9999 -9999 -9999 -9999 -9999 -9999 -9999 -9999 -9999 -9999 -9999 25 24 24 25 25 25 26 27 26 26 26 25 25 22 25 22 23 23 22 21 21 21 21 21 21 21 21 21 21 20 20 17 16 16 16 16 17 17 14 13 12 12 12 12 12 12 13 12 12 11 9 9 9 9 9 9 9 9
-9999 -9999 -9999 -9999 -9999 -9999 -9999 -9999 -9999 -9999 -9999 -9999 -9999 -9999 -9999 -9999 -9999 -9999 -9999 -9999 -9999 -9999 -9999 -9999 -9999 -9999 -9999 -9999 -9999 -9999 -9999 -9999 -9999 26 25 24 24 25 25 25 27 27 26 26 26 24 23 22 22 22 23 22 21 21 21 21 24 22 22 22 21 23 23 25 33 22 16 17 16 20 20 13 13 13 13 12 12 12 12 12 13 13 12 11 9 9 9 9 9 9 9 9
-9999 -9999 -9999 -9999 -9999 -9999 -9999 -9999 -9999 -9999 -9999 -9999 -9999 -9999 -9999 -9999 -9999 -9999 -9999 -9999 -9999 -9999 -9999 -9999 -9999 -9999 -9999 -9999 -9999 -9999 -9999 -9999 -9999 26 25 24 25 25 25 25 27 26 26 26 23 23 23 22 22 22 21 21 20 20 21 24 26 26 24 25 23 28 36 28 40 31 27 25 21 20 18 15 15 17 14 12 12 12 12 12 13 13 12 11 9 9 9 9 9 9 9 9
-9999 -9999 -9999 -9999 -9999 -9999 -9999 -9999 -9999 -9999 -9999 -9999 -9999 -9999 -9999 -9999 -9999 -9999 -9999 -9999 -9999 -9999 -9999 -9999 -9999 -9999 -9999 -9999 -9999 -9999 -9999 -9999 -9999 26 25 24 25 25 25 25 27 28 26 26 23 23 23 22 22 21 21 21 21 21 21 24 28 34 28 34 23 26 41 31 40 27 20 20 20 16 17 20 20 18 17 13 12 12 12 12 13 13 11 11 9 9 9 9 9 9 9 9
-9999 -9999 -9999 -9999 -9999 -9999 -9999 -9999 -9999 -9999 -9999 -9999 -9999 -9999 -9999 -9999 -9999 -9999 -9999 -9999 -9999 -9999 -9999 -9999 -9999 -9999 -9999 -9999 -9999 -9999 -9999 -9999 27 26 26 24 25 25 25 26 26 27 27 23 23 23 23 22 22 22 23 21 21 21 23 24 44 38 33 38 38 30 46 35 35 23 17 16 16 14 13 14 17 17 15 13 12 12 12 12 13 13 11 11 9 9 9 9 9 9 9 9
-9999 -9999 -9999 -9999 -9999 -9999 -9999 -9999 -9999 -9999 -9999 -9999 -9999 -9999 -9999 -9999 -9999 -9999 -9999 -9999 -9999 -9999 -9999 -9999 -9999 -9999 -9999 -9999 -9999 -9999 -9999 -9999 27 27 26 26 25 25 25 25 26 25 25 23 23 23 22 22 22 22 23 24 23 21 23 24 30 46 48 46 51 35 48 40 29 20 16 16 16 14 13 13 17 21 19 13 12 12 12 12 13 13 11 11 9 9 9 9 9 9 9 9
-9999 -9999 -9999 -9999 -9999 -9999 -9999 -9999 -9999 -9999 -9999 -9999 -9999 -9999 -9999 -9999 -9999 -9999 -9999 -9999 -9999 -9999 -9999 -9999 -9999 -9999 -9999 -9999 -9999 -9999 -9999 -9999 27 27 27 27 25 25 25 25 26 25 23 23 23 23 22 22 22 22 25 27 25 23 21 24 28 33 43 48 60 42 28 30 23 18 16 16 14 14 13 13 13 17 13 12 12 12 12 12 13 13 11 11 9 9 9 9 9 9 9 9
-9999 -9999 -9999 -9999 -9999 -9999 -9999 -9999 -9999 -9999 -9999 -9999 -9999 -9999 -9999 -9999 -9999 -9999 -9999 -9999 -9999 -9999 -9999 -9999 -9999 -9999 -9999 -9999 -9999 -9999 -9999 -9999 -9999 27 26 27 26 25 25 24 25 25 23 23 23 23 22 23 22 22 25 30 25 25 23 24 24 25 33 50 50 28 23 22 20 18 16 15 14 14 13 13 13 13 13 12 12 12 12 12 13 13 11 11 9 9 9 9 9 9 9 9
-9999 -9999 -9999 -9999 -9999 -9999 -9999 -9999 -9999 -9999 -9999 -9999 -9999 -9999 -9999 -9999 -9999 -9999 -9999 -9999 -9999 -9999 -9999 -9999 -9999 -9999 -9999 -9999 -9999 -9999 -9999 -9999 -9999 27 27 27 26 24 24 24 25 25 23 23 23 22 22 22 22 22 23 24 27 26 25 23 24 26 29 33 48 29 23 17 17 17 16 16 14 14 13 13 12 12 12 12 12 12 12 12 13 13 11 11 9 9 9 9 9 9 9 9
-9999 -9999 -9999 -9999 -9999 -9999 -9999 -9999 -9999 -9999 -9999 -9999 -9999 -9999 -9999 -9999 -9999 -9999 -9999 -9999 -9999 -9999 -9999 -9999 -9999 -9999 29 28 -9999 -9999 -9999 -9999 -9999 28 27 27 27 24 24 24 25 25 23 23 23 23 23 23 22 22 23 23 24 24 25 28 26 24 25 28 39 25 21 17 16 16 16 16 14 14 13 13 12 12 12 12 12 12 12 12 13 12 11 11 9 9 9 9 9 9 9 9
-9999 -9999 -9999 -9999 -9999 -9999 -9999 -9999 -9999 -9999 -9999 -9999 -9999 -9999 -9999 -9999 -9999 -9999 -9999 -9999 -9999 -9999 -9999 -9999 -9999 30 30 29 28 -9999 -9999 -9999 -9999 28 27 27 27 26 24 24 25 25 25 23 23 23 23 23 22 22 23 23 23 23 23 24 26 26 26 28 26 21 18 17 16 16 15 16 14 14 13 13 12 12 12 12 12 12 12 12 13 13 11 11 9 9 9 9 9 9 9 9
-9999 -9999 -9999 -9999 -9999 -9999 -9999 -9999 -9999 -9999 -9999 -9999 -9999 -9999 -9999 -9999 -9999 -9999 -9999 -9999 -9999 -9999 -9999 -9999 -9999 30 30 29 29 29 -9999 -9999 -9999 28 28 28 27 26 26 25 26 25 25 23 23 23 23 23 23 22 23 23 23 21 21 25 26 28 26 26 21 19 17 17 16 16 16 16 14 14 15 12 12 12 12 12 12 12 12 12 13 13 12 11 11 9 9 9 9 9 9 9
-9999 -9999 -9999 -9999 -9999 -9999 -9999 -9999 -9999 -9999 -9999 -9999 -9999 -9999 -9999 -9999 -9999 -9999 -9999 -9999 -9999 -9999 -9999 -9999 -9999 30 30 29 29 29 -9999 -9999 28 28 28 28 28 26 26 26 25 25 25 25 23 23 23 23 23 22 23 23 23 23 23 24 26 28 28 23 17 17 16 16 16 16 15 16 14 14 15 12 12 12 12 12 12 12 12 12 12 12 12 11 10 9 9 9 9 9 9 9
-9999 -9999 -9999 -9999 -9999 -9999 -9999 -9999 -9999 -9999 -9999 -9999 -9999 -9999 -9999 -9999 -9999 -9999 -9999 -9999 -9999 -9999 -9999 -9999 -9999 30 30 30 29 29 29 -9999 -9999 28 28 28 28 28 26 26 26 25 25 26 25 23 23 23 23 23 23 23 25 25 25 26 24 29 31 24 21 17 16 16 16 16 14 14 14 14 15 12 12 12 12 12 12 12 12 12 12 12 12 12 11 9 9 9 9 9 9 9
-9999 -9999 -9999 -9999 -9999 -9999 -9999 -9999 -9999 -9999 -9999 -9999 -9999 -9999 -9999 -9999 -9999 -9999 -9999 -9999 -9999 -9999 -9999 -9999 -9999 30 31 30 29 29 29 -9999 29 28 28 28 28 28 26 26 26 26 25 26 26 24 24 23 23 23 23 23 24 23 23 26 24 26 31 26 21 17 16 16 16 15 15 14 14 14 15 12 12 12 12 12 12 12 12 12 12 12 12 12 11 10 9 9 9 9 9 9
-9999 -9999 -9999 -9999 -9999 -9999 -9999 -9999 -9999 -9999 -9999 -9999 -9999 -9999 -9999 -9999 -9999 -9999 -9999 -9999 -9999 -9999 -9999 -9999 -9999 31 31 31 30 30 30 29 29 28 28 28 28 28 27 26 26 26 26 26 26 25 24 24 23 23 23 23 23 23 23 21 21 20 24 26 21 17 16 16 16 16 15 14 14 14 15 13 12 12 12 12 12 12 12 12 12 12 12 12 11 10 9 9 9 9 9 9
-9999 -9999 -9999 -9999 -9999 -9999 -9999 -9999 -9999 -9999 -9999 -9999 -9999 -9999 -9999 -9999 -9999 -9999 -9999 -9999 -9999 -9999 -9999 -9999 32 31 31 31 31 30 31 30 29 28 28 28 28 28 28 27 26 26 26 26 26 26 24 24 23 23 23 23 23 21 21 21 21 20 25 27 21 18 17 16 16 16 15 14 14 14 15 15 12 12 12 12 12 12 12 12 12 12 12 12 11 10 9 9 9 9 9 9
-9999 -9999 -9999 -9999 -9999 -9999 -9999 -9999 -9999 -9999 -9999 -9999 -9999 -9999 -9999 -9999 -9999 -9999 -9999 -9999 -9999 -9999 -9999 -9999 32 32 31 31 31 30 31 31 30 29 28 28 28 28 28 27 27 27 26 26 26 26 24 24 23 23 23 23 21 21 21 21 21 20 24 26 21 17 16 16 16 16 15 15 14 14 15 15 12 12 12 12 12 12 12 12 12 12 12 12 12 11 11 9 9 9 9 9
-9999 -9999 -9999 -9999 -9999 -9999 -9999 -9999 -9999 -9999 -9999 -9999 -9999 -9999 -9999 -9999 -9999 -9999 -9999 -9999 -9999 -9999 -9999 34 32 32 32 31 31 31 31 31 31 30 28 28 28 28 28 28 27 27 26 26 26 26 24 23 23 23 24 23 23 21 21 21 21 20 20 20 19 17 16 16 16 16 15 15 15 14 15 15 13 12 12 12 12 12 12 12 12 12 12 12 12 11 11 11 9 9 9 9
-9999 -9999 -9999 -9999 -9999 -9999 -9999 -9999 -9999 -9999 -9999 -9999 -9999 -9999 -9999 -9999 -9999 -9999 -9999 -9999 -9999 -9999 -9999 34 34 33 32 32 32 31 31 31 31 30 30 28 28 28 28 28 27 27 26 26 26 26 24 24 23 23 24 23 23 21 21 21 21 20 20 20 21 18 17 16 16 16 16 15 15 14 15 15 15 12 12 12 12 12 12 12 12 12 12 12 12 11 11 11 9 9 9 9
-9999 -9999 -9999 -9999 -9999 -9999 -9999 -9999 -9999 -9999 -9999 -9999 -9999 -9999 -9999 -9999 -9999 -9999 -9999 -9999 -9999 -9999 -9999 34 34 34 35 33 32 32 34 31 31 31 30 29 28 28 28 28 29 27 26 26 26 26 25 24 23 23 24 23 23 21 21 21 21 20 20 20 21 19 22 18 16 16 16 16 15 15 15 15 15 13 13 12 13 12 12 12 12 12 12 12 12 12 11 11 10 9 9 9
-9999 -9999 -9999 -9999 -9999 -9999 -9999 -9999 -9999 -9999 -9999 -9999 -9999 -9999 -9999 -9999 -9999 -9999 -9999 -9999 -9999 -9999 -9999 34 34 35 37 36 35 32 34 31 31 31 31 30 29 29 28 28 29 27 27 26 26 26 26 24 23 23 24 23 23 21 21 21 21 20 20 20 21 21 24 24 21 17 16 16 16 15 16 15 15 15 13 13 13 13 14 13 13 12 12 12 12 12 11 11 11 10 9 9
-9999 -9999 -9999 -9999 -9999 -9999 -9999 -9999 -9999 -9999 -9999 -9999 -9999 -9999 -9999 -9999 -9999 -9999 -9999 -9999 -9999 -9999 36 35 35 37 37 35 35 33 33 32 30 30 30 29 28 28 28 27 29 27 26 26 26 26 26 24 24 23 24 23 23 23 21 21 21 21 20 20 21 24 26 33 21 18 17 16 16 16 17 16 16 15 13 13 13 13 14 18 12 12 12 12 12 12 12 11 11 10 10 9
-9999 -9999 -9999 -9999 -9999 -9999 -9999 -9999 -9999 -9999 -9999 -9999 -9999 -9999 -9999 -9999 -9999 -9999 -9999 -9999 -9999 -9999 36 35 39 37 37 35 35 35 33 32 31 30 30 30 29 28 28 28 29 27 26 26 26 26 26 24 24 23 24 23 23 23 23 21 21 21 20 20 21 23 25 31 23 21 18 17 16 16 17 17 16 15 13 14 14 13 13 14 14 12 12 12 12 12 12 11 11 11 10 10
-9999 -9999 -9999 -9999 -9999 -9999 -9999 -9999 -9999 -9999 -9999 -9999 -9999 -9999 -9999 -9999 -9999 -9999 -9999 -9999 -9999 -9999 36 38 40 37 37 37 35 34 33 33 32 30 30 30 30 28 28 28 29 29 27 26 26 26 26 24 24 24 25 25 23 24 23 21 21 21 21 20 21 23 28 44 36 26 18 18 17 18 17 17 17 16 15 14 14 14 14 13 12 12 12 12 12 12 12 12 11 11 10 10
-9999 -9999 -9999 -9999 -9999 -9999 -9999 -9999 -9999 -9999 -9999 -9999 -9999 -9999 -9999 -9999 -9999 -9999 -9999 -9999 -9999 38 38 40 40 38 37 37 36 35 33 33 33 32 30 30 30 28 28 28 30 29 27 26 26 26 26 25 24 24 25 25 24 24 24 23 21 21 21 21 21 24 27 47 58 56 24 23 20 22 22 20 17 16 16 14 18 14 14 14 12 12 12 12 12 12 12 12 12 11 12 10
-9999 -9999 -9999 -9999 -9999 -9999 -9999 -9999 -9999 -9999 -9999 -9999 -9999 -9999 -9999 -9999 -9999 -9999 -9999 -9999 -9999 38 39 40 39 38 38 37 37 36 33 33 33 32 30 30 30 30 28 28 30 29 27 26 26 26 26 25 24 24 25 25 24 24 24 24 24 21 21 21 23 24 28 39 66 61 37 26 25 43 25 19 17 16 16 16 15 18 14 14 12 12 12 12 12 12 12 12 12 11 12 10
-9999 -9999 -9999 -9999 -9999 -9999 -9999 -9999 -9999 -9999 -9999 -9999 -9999 -9999 -9999 -9999 -9999 -9999 -9999 -9999 -9999 39 38 41 39 38 38 37 37 36 35 33 33 32 32 31 30 30 28 28 30 30 29 26 26 26 25 25 25 24 25 25 24 24 24 24 21 21 21 21 24 26 27 31 52 59 56 36 54 64 40 24 18 17 16 16 15 19 15 14 12 12 12 12 12 12 12 12 12 12 12 12
-9999 -9999 -9999 -9999 -9999 -9999 -9999 -9999 -9999 -9999 -9999 -9999 -9999 -9999 -9999 -9999 -9999 -9999 -9999 -9999 40 40 41 41 39 38 37 37 37 36 36 36 35 32 32 31 30 30 30 28 30 30 30 26 26 26 25 25 25 24 25 25 24 24 24 24 24 21 21 21 24 25 25 28 34 61 80 96 72 56 41 23 18 17 16 16 16 14 14 13 12 12 12 12 12 12 12 12 12 12 12 12
-9999 -9999 -9999 -9999 -9999 -9999 -9999 -9999 -9999 -9999 -9999 -9999 -9999 -9999 -9999 -9999 -9999 -9999 -9999 -9999 40 42 42 41 39 38 38 37 36 35 34 33 33 35 32 32 31 30 30 28 30 30 30 28 26 26 26 25 25 25 25 25 24 24 24 24 24 21 21 22 24 24 25 28 33 44 54 45 45 28 35 22 18 17 16 16 16 14 12 12 12 12 12 12 12 12 12 12 12 12 12 12
-9999 -9999 -9999 -9999 -9999 -9999 -9999 -9999 -9999 -9999 -9999 -9999 -9999 -9999 -9999 -9999 -9999 -9999 -9999 -9999 41 43 41 41 39 38 38 37 36 35 33 33 33 33 32 32 32 31 30 28 30 30 30 29 26 26 26 26 25 25 25 25 24 24 24 24 24 21 21 22 24 24 26 26 29 37 31 28 25 24 25 21 20 17 16 16 16 16 12 12 12 12 12 12 12 12 12 12 12 12 12 12
-9999 -9999 -9999 -9999 -9999 -9999 -9999 -9999 -9999 -9999 -9999 -9999 -9999 -9999 -9999 -9999 -9999 -9999 -9999 -9999 41 43 41 41 41 39 38 37 36 35 35 33 33 32 32 31 31 31 31 30 30 30 30 29 27 26 26 25 25 25 25 25 24 24 24 24 24 22 21 21 23 23 24 25 26 25 25 25 24 21 21 18 17 17 16 16 16 16 14 14 14 14 12 12 12 12 12 12 12 12 13 12
-9999 -9999 -9999 -9999 -9999 -9999 -9999 -9999 -9999 -9999 -9999 -9999 -9999 -9999 -9999 -9999 -9999 -9999 -9999 -9999 41 42 41 41 41 40 38 38 36 36 34 33 33 32 32 31 31 31 31 30 32 29 29 28 28 26 26 25 25 25 26 24 23 23 23 23 23 23 21 22 22 22 21 23 23 24 23 23 21 18 18 16 16 16 15 15 15 17 15 14 14 14 14 12 12 12 12 12 12 12 13 12
-9999 -9999 -9999 -9999 -9999 -9999 -9999 -9999 -9999 -9999 -9999 -9999 -9999 -9999 -9999 -9999 -9999 -9999 -9999 42 42 44 41 41 41 40 38 38 36 36 36 34 33 32 32 32 31 31 31 31 31 29 29 29 28 27 25 25 25 25 26 23 23 23 23 23 23 23 22 22 22 22 21 21 21 20 20 20 18 18 18 16 18 17 16 15 16 17 15 15 14 16 14 12 12 12 12 12 12 12 13 12
-9999 -9999 -9999 -9999 -9999 -9999 -9999 -9999 -9999 -9999 -9999 -9999 -9999 -9999 -9999 -9999 -9999 -9999 -9999 43 43 45 41 41 41 40 39 38 37 36 36 35 33 32 32 32 31 31 31 31 32 31 29 29 28 28 26 27 25 25 26 23 23 23 23 23 23 23 23 22 22 21 20 20 20 20 20 20 24 25 23 18 17 18 16 16 16 15 15 15 16 14 13 12 12 12 12 12 12 12 13 12
-9999 -9999 -9999 -9999 -9999 -9999 -9999 -9999 -9999 -9999 -9999 -9999 -9999 -9999 -9999 -9999 -9999 -9999 -9999 44 43 43 43 41 41 41 39 39 37 36 36 35 35 32 32 32 31 31 31 31 33 31 29 29 28 28 26 26 25 25 26 25 23 23 23 23 23 23 23 22 22 22 20 20 20 20 20 20 23 25 23 18 17 17 16 16 15 15 15 15 16 14 14 13 14 12 12 12 12 12 13 13
