invasiveSpecies/multiSpecies/data/worldclim_KE/worldclim_KE_2050_BC26_Bio6.asc
ncols         347
nrows         295
xllcorner     36.068012264173
yllcorner     0.13039239511974
cellsize      0.0083333333333333
NODATA_value  -9999
[rows 148 to 184 of 295, columns 84 to 167 of 347]
-9999 -9999 -9999 -9999 -9999 -9999 -9999 -9999 -9999 -9999 -9999 -9999 -9999 -9999 -9999 -9999 -9999 -9999 -9999 -9999 -9999 -9999 -9999 -9999 -9999 -9999 -9999 -9999 -9999 -9999 -9999 -9999 -9999 -9999 -9999 -9999 -9999 -9999 -9999 -9999 -9999 154 153 149 147 144 136 131 124 124 129 133 129 120 108 106 99 102 115 128 134 139 142 147 149 153 154 155 156 157 159 158 160 158 158 159 160 160 160 161 160 160 161 161
-9999 -9999 -9999 -9999 -9999 -9999 -9999 -9999 -9999 -9999 -9999 -9999 -9999 -9999 -9999 -9999 -9999 -9999 -9999 -9999 -9999 -9999 -9999 -9999 -9999 -9999 -9999 -9999 -9999 -9999 -9999 -9999 -9999 -9999 -9999 -9999 -9999 -9999 -9999 -9999 -9999 153 151 148 147 138 134 129 123 119 124 133 129 123 116 114 107 111 106 121 129 139 142 144 148 152 154 155 157 157 159 159 159 159 157 157 158 159 160 160 160 160 161 160
-9999 -9999 -9999 -9999 -9999 -9999 -9999 -9999 -9999 -9999 -9999 -9999 -9999 -9999 -9999 -9999 -9999 -9999 -9999 -9999 -9999 -9999 -9999 -9999 -9999 -9999 -9999 -9999 -9999 -9999 -9999 -9999 -9999 -9999 -9999 -9999 -9999 -9999 -9999 -9999 -9999 153 146 147 144 137 130 122 122 119 126 129 131 131 126 123 121 116 108 113 125 131 133 132 139 137 148 154 156 157 157 157 156 156 157 156 158 158 158 160 160 160 160 159
-9999 -9999 -9999 -9999 -9999 -9999 -9999 -9999 -9999 -9999 -9999 -9999 -9999 -9999 -9999 -9999 -9999 -9999 -9999 -9999 -9999 -9999 -9999 -9999 -9999 -9999 -9999 -9999 -9999 -9999 -9999 -9999 -9999 -9999 -9999 -9999 -9999 -9999 -9999 -9999 -9999 153 145 144 139 134 134 117 119 115 122 129 128 125 127 125 120 114 108 103 119 118 121 122 133 131 143 153 155 156 156 156 155 157 156 157 157 157 158 158 158 159 160 160
-9999 -9999 -9999 -9999 -9999 -9999 -9999 -9999 -9999 -9999 -9999 -9999 -9999 -9999 -9999 -9999 -9999 -9999 -9999 -9999 -9999 -9999 -9999 -9999 -9999 -9999 -9999 -9999 -9999 -9999 -9999 -9999 -9999 -9999 -9999 -9999 -9999 -9999 -9999 -9999 -9999 153 146 145 136 130 127 123 123 121 118 124 126 124 119 113 120 101 100 96 112 105 110 114 125 124 137 150 154 155 155 155 155 154 155 156 157 157 157 158 158 160 160 160
-9999 -9999 -9999 -9999 -9999 -9999 -9999 -9999 -9999 -9999 -9999 -9999 -9999 -9999 -9999 -9999 -9999 -9999 -9999 -9999 -9999 -9999 -9999 -9999 -9999 -9999 -9999 -9999 -9999 -9999 -9999 -9999 -9999 -9999 -9999 -9999 -9999 -9999 -9999 -9999 -9999 152 151 148 139 130 119 119 122 116 111 120 111 119 113 107 110 104 93 85 97 93 104 103 113 116 128 145 153 155 154 154 154 152 153 155 155 156 158 159 158 160 160 161
-9999 -9999 -9999 -9999 -9999 -9999 -9999 -9999 -9999 -9999 -9999 -9999 -9999 -9999 -9999 -9999 -9999 -9999 -9999 -9999 -9999 -9999 -9999 -9999 -9999 -9999 -9999 -9999 -9999 -9999 -9999 -9999 -9999 -9999 -9999 -9999 -9999 -9999 -9999 -9999 -9999 -9999 151 149 141 131 125 120 121 114 108 112 120 121 115 104 101 86 85 87 96 97 88 93 103 118 139 147 151 153 153 153 152 151 153 154 155 155 156 157 158 160 161 161
-9999 -9999 -9999 -9999 -9999 -9999 -9999 -9999 -9999 -9999 -9999 -9999 -9999 -9999 -9999 -9999 -9999 -9999 -9999 -9999 -9999 -9999 -9999 -9999 -9999 -9999 -9999 -9999 -9999 -9999 -9999 -9999 -9999 -9999 -9999 -9999 -9999 -9999 -9999 -9999 -9999 -9999 151 148 146 127 117 118 119 118 104 104 111 106 112 108 95 83 82 90 104 104 97 106 119 128 137 143 149 151 151 147 150 152 153 153 153 154 155 158 159 158 159 161
-9999 -9999 -9999 -9999 -9999 -9999 -9999 -9999 -9999 -9999 -9999 -9999 -9999 -9999 -9999 -9999 -9999 -9999 -9999 -9999 -9999 -9999 -9999 -9999 -9999 -9999 -9999 -9999 -9999 -9999 -9999 -9999 -9999 -9999 -9999 -9999 -9999 -9999 -9999 -9999 -9999 -9999 150 147 142 129 116 120 120 117 108 104 110 103 106 101 90 82 82 92 101 110 101 98 101 119 128 137 142 149 147 145 149 146 149 149 152 153 155 156 157 158 160 160
-9999 -9999 -9999 -9999 -9999 -9999 -9999 -9999 -9999 -9999 -9999 -9999 -9999 -9999 -9999 -9999 -9999 -9999 -9999 -9999 -9999 -9999 -9999 -9999 -9999 -9999 -9999 -9999 -9999 -9999 -9999 -9999 -9999 -9999 -9999 -9999 -9999 -9999 -9999 -9999 -9999 -9999 152 145 138 126 116 123 123 115 113 108 114 107 103 88 81 82 81 81 93 109 111 103 89 106 121 130 138 141 141 137 134 125 134 145 147 147 153 155 156 158 158 159
-9999 -9999 -9999 -9999 -9999 -9999 -9999 -9999 -9999 -9999 -9999 -9999 -9999 -9999 -9999 -9999 -9999 -9999 -9999 -9999 -9999 -9999 -9999 -9999 -9999 -9999 -9999 -9999 -9999 -9999 -9999 -9999 -9999 -9999 -9999 -9999 -9999 -9999 -9999 -9999 -9999 151 152 141 138 125 117 124 123 122 121 118 117 112 101 89 82 81 80 82 93 108 114 105 95 90 111 121 133 135 137 131 131 128 125 129 127 137 152 155 156 157 157 159
-9999 -9999 -9999 -9999 -9999 -9999 -9999 -9999 -9999 -9999 -9999 -9999 -9999 -9999 -9999 -9999 -9999 -9999 -9999 -9999 -9999 -9999 -9999 -9999 -9999 -9999 -9999 -9999 -9999 -9999 -9999 -9999 -9999 -9999 -9999 -9999 -9999 -9999 -9999 -9999 -9999 150 150 142 139 128 120 126 125 126 126 123 119 111 99 89 80 86 82 82 89 111 116 112 105 99 105 111 124 128 129 121 128 140 147 149 135 148 152 155 156 156 157 159
-9999 -9999 -9999 -9999 -9999 -9999 -9999 -9999 -9999 -9999 -9999 -9999 -9999 -9999 -9999 -9999 -9999 -9999 -9999 -9999 -9999 -9999 -9999 -9999 -9999 -9999 -9999 -9999 -9999 -9999 -9999 -9999 -9999 -9999 -9999 -9999 -9999 -9999 -9999 -9999 150 149 149 143 137 129 132 130 132 126 123 118 112 111 100 90 85 92 91 81 89 103 115 115 106 96 87 89 104 113 116 124 133 142 149 150 148 151 154 156 156 157 157 158
-9999 -9999 -9999 -9999 -9999 -9999 -9999 -9999 -9999 -9999 -9999 -9999 -9999 -9999 -9999 -9999 -9999 -9999 -9999 -9999 -9999 -9999 -9999 -9999 -9999 -9999 -9999 -9999 -9999 -9999 -9999 -9999 -9999 -9999 -9999 -9999 -9999 -9999 -9999 -9999 150 148 148 143 139 133 136 132 131 124 121 119 111 110 96 92 86 89 95 86 87 91 113 120 109 98 88 92 103 112 126 136 137 145 151 152 153 154 155 156 156 157 157 158
-9999 -9999 -9999 -9999 -9999 -9999 -9999 -9999 -9999 -9999 -9999 -9999 -9999 -9999 -9999 -9999 -9999 -9999 -9999 -9999 -9999 -9999 -9999 -9999 -9999 -9999 -9999 -9999 -9999 -9999 -9999 -9999 -9999 -9999 -9999 -9999 -9999 -9999 -9999 -9999 149 147 148 146 141 135 131 127 126 125 123 121 115 111 107 94 91 95 103 94 89 105 112 120 115 105 98 99 101 121 131 137 144 149 151 152 153 154 155 155 156 156 157 157
-9999 -9999 -9999 -9999 -9999 -9999 -9999 -9999 -9999 -9999 -9999 -9999 -9999 -9999 -9999 -9999 -9999 -9999 -9999 -9999 -9999 -9999 -9999 -9999 -9999 -9999 -9999 -9999 -9999 -9999 -9999 -9999 -9999 -9999 -9999 -9999 -9999 -9999 -9999 -9999 -9999 148 146 142 139 129 116 122 124 123 122 119 109 107 104 95 101 95 106 99 93 99 110 122 116 110 108 102 102 120 133 133 141 144 149 151 152 153 154 155 156 156 156 157
-9999 -9999 -9999 -9999 -9999 -9999 -9999 -9999 -9999 -9999 -9999 -9999 -9999 -9999 -9999 -9999 -9999 -9999 -9999 -9999 -9999 -9999 -9999 -9999 -9999 -9999 -9999 -9999 -9999 -9999 -9999 -9999 -9999 -9999 -9999 -9999 -9999 -9999 -9999 -9999 -9999 143 144 139 132 129 113 120 123 121 117 113 104 112 110 97 106 102 103 107 94 101 109 120 124 119 112 109 107 107 119 124 132 139 146 148 151 152 153 155 155 156 156 157
-9999 -9999 -9999 -9999 -9999 -9999 -9999 -9999 -9999 -9999 -9999 -9999 -9999 -9999 -9999 -9999 -9999 -9999 -9999 -9999 -9999 -9999 -9999 -9999 -9999 -9999 -9999 -9999 -9999 -9999 -9999 -9999 -9999 -9999 -9999 -9999 -9999 -9999 -9999 -9999 -9999 148 143 139 131 126 126 123 123 121 118 109 103 111 115 105 113 110 107 115 107 100 109 117 123 120 114 113 111 112 121 128 126 142 148 149 151 149 152 154 155 155 156 157
-9999 -9999 -9999 -9999 -9999 -9999 -9999 -9999 -9999 -9999 -9999 -9999 -9999 -9999 -9999 -9999 -9999 -9999 -9999 -9999 -9999 -9999 -9999 -9999 -9999 -9999 -9999 -9999 -9999 -9999 -9999 -9999 -9999 -9999 -9999 -9999 -9999 -9999 -9999 -9999 -9999 146 144 143 134 130 130 128 126 123 120 117 105 115 119 112 110 116 112 119 108 106 106 115 125 124 119 115 112 111 124 136 144 145 145 145 145 150 150 154 155 156 156 156
-9999 -9999 -9999 -9999 -9999 -9999 -9999 -9999 -9999 -9999 -9999 -9999 -9999 -9999 -9999 -9999 -9999 -9999 -9999 -9999 -9999 -9999 -9999 -9999 -9999 -9999 -9999 -9999 -9999 -9999 -9999 -9999 -9999 -9999 -9999 -9999 -9999 -9999 -9999 -9999 -9999 148 146 143 134 130 126 124 125 122 120 117 111 116 119 120 114 120 115 124 123 115 113 116 126 124 116 110 106 115 126 128 143 140 147 149 150 152 151 153 153 154 155 156
-9999 -9999 -9999 -9999 -9999 -9999 -9999 -9999 -9999 -9999 -9999 -9999 -9999 -9999 -9999 -9999 -9999 -9999 -9999 -9999 -9999 -9999 -9999 -9999 -9999 -9999 -9999 -9999 -9999 -9999 -9999 -9999 -9999 -9999 -9999 -9999 -9999 -9999 -9999 -9999 -9999 -9999 143 142 132 127 126 120 122 122 120 118 117 116 119 122 113 118 121 122 124 122 121 119 125 124 116 113 114 119 119 128 132 140 147 145 147 139 132 139 151 152 153 154
-9999 -9999 -9999 -9999 -9999 -9999 -9999 -9999 -9999 -9999 -9999 -9999 -9999 -9999 -9999 -9999 -9999 -9999 -9999 -9999 -9999 -9999 -9999 -9999 -9999 -9999 -9999 -9999 -9999 -9999 -9999 -9999 -9999 -9999 -9999 -9999 -9999 -9999 -9999 -9999 -9999 -9999 142 139 133 125 124 126 124 121 121 119 118 115 119 122 116 122 122 123 125 124 127 126 126 124 124 121 121 120 122 124 121 128 139 136 139 133 130 129 137 142 152 153
-9999 -9999 -9999 -9999 -9999 -9999 -9999 -9999 -9999 -9999 -9999 -9999 -9999 -9999 -9999 -9999 -9999 -9999 -9999 -9999 -9999 -9999 -9999 -9999 -9999 -9999 -9999 -9999 -9999 -9999 -9999 -9999 -9999 -9999 -9999 -9999 -9999 -9999 -9999 -9999 -9999 146 144 140 136 130 129 124 121 120 120 119 118 120 120 124 122 121 125 125 126 127 125 123 115 118 119 119 121 117 113 110 102 115 130 126 126 119 121 140 140 140 148 151
-9999 -9999 -9999 -9999 -9999 -9999 -9999 -9999 -9999 -9999 -9999 -9999 -9999 -9999 -9999 -9999 -9999 -9999 -9999 -9999 -9999 -9999 -9999 -9999 -9999 -9999 -9999 -9999 -9999 -9999 -9999 -9999 -9999 -9999 -9999 -9999 -9999 -9999 -9999 -9999 -9999 141 140 138 132 129 128 126 118 118 118 120 123 121 123 125 125 124 125 127 127 125 123 117 111 111 112 111 116 106 99 106 96 101 106 111 118 118 124 133 132 128 133 149
-9999 -9999 -9999 -9999 -9999 -9999 -9999 -9999 -9999 -9999 -9999 -9999 -9999 -9999 -9999 -9999 -9999 -9999 -9999 -9999 -9999 -9999 -9999 -9999 -9999 -9999 -9999 -9999 -9999 -9999 -9999 -9999 -9999 -9999 -9999 -9999 -9999 -9999 -9999 -9999 -9999 141 140 138 130 128 127 124 122 113 119 121 124 123 124 126 128 128 127 127 125 124 121 116 106 100 107 100 112 109 95 102 96 106 121 121 119 131 126 119 118 122 126 149
-9999 -9999 -9999 -9999 -9999 -9999 -9999 -9999 -9999 -9999 -9999 -9999 -9999 -9999 -9999 -9999 -9999 -9999 -9999 -9999 -9999 -9999 -9999 -9999 -9999 -9999 -9999 -9999 -9999 -9999 -9999 -9999 -9999 -9999 -9999 -9999 -9999 -9999 -9999 -9999 141 141 138 138 134 128 127 125 125 122 122 123 125 128 125 128 128 126 123 124 126 124 120 115 94 97 101 96 98 104 92 99 98 113 125 132 130 144 144 138 130 126 132 147
-9999 -9999 -9999 -9999 -9999 -9999 -9999 -9999 -9999 -9999 -9999 -9999 -9999 -9999 -9999 -9999 -9999 -9999 -9999 -9999 -9999 -9999 -9999 -9999 -9999 -9999 -9999 -9999 -9999 -9999 -9999 -9999 -9999 -9999 -9999 -9999 -9999 -9999 -9999 -9999 140 140 139 136 135 131 128 128 127 126 125 124 126 129 130 131 128 125 124 119 123 124 119 114 105 92 91 92 89 100 91 95 103 120 135 140 139 147 148 146 129 114 117 140
-9999 -9999 -9999 -9999 -9999 -9999 -9999 -9999 -9999 -9999 -9999 -9999 -9999 -9999 -9999 -9999 -9999 -9999 -9999 -9999 -9999 -9999 -9999 -9999 -9999 -9999 -9999 -9999 -9999 -9999 -9999 -9999 -9999 -9999 -9999 -9999 -9999 -9999 -9999 -9999 138 139 140 137 134 129 131 130 129 130 128 126 127 128 130 127 126 125 117 111 116 122 121 115 107 101 93 91 85 94 104 101 114 125 135 144 148 148 150 151 141 125 142 152
-9999 -9999 -9999 -9999 -9999 -9999 -9999 -9999 -9999 -9999 -9999 -9999 -9999 -9999 -9999 -9999 -9999 -9999 -9999 -9999 -9999 -9999 -9999 -9999 -9999 -9999 -9999 -9999 -9999 -9999 -9999 -9999 -9999 -9999 -9999 -9999 -9999 -9999 -9999 -9999 -9999 137 141 137 133 132 132 132 131 132 130 130 131 129 131 126 123 124 118 106 116 115 119 117 114 110 101 90 90 105 114 119 118 123 135 146 149 149 151 153 153 147 147 154
-9999 -9999 -9999 -9999 -9999 -9999 -9999 -9999 -9999 -9999 -9999 -9999 -9999 -9999 -9999 -9999 -9999 -9999 -9999 -9999 -9999 -9999 -9999 -9999 -9999 -9999 -9999 -9999 -9999 -9999 -9999 -9999 -9999 -9999 -9999 -9999 -9999 -9999 -9999 -9999 -9999 136 138 138 137 137 135 134 133 134 132 133 132 132 131 128 126 125 122 118 111 111 115 119 116 111 104 99 90 104 115 128 131 126 134 143 151 152 153 154 154 155 155 156
-9999 -9999 -9999 -9999 -9999 -9999 -9999 -9999 -9999 -9999 -9999 -9999 -9999 -9999 -9999 -9999 -9999 -9999 -9999 -9999 -9999 -9999 -9999 -9999 -9999 -9999 -9999 -9999 -9999 -9999 -9999 -9999 -9999 -9999 138 137 -9999 -9999 -9999 -9999 -9999 134 134 137 137 138 138 137 135 136 134 134 131 130 130 128 127 126 124 122 118 117 116 107 111 113 112 106 97 111 122 130 140 143 130 138 149 153 155 155 155 156 157 158
-9999 -9999 -9999 -9999 -9999 -9999 -9999 -9999 -9999 -9999 -9999 -9999 -9999 -9999 -9999 -9999 -9999 -9999 -9999 -9999 -9999 -9999 -9999 -9999 -9999 -9999 -9999 -9999 -9999 -9999 -9999 -9999 -9999 138 137 135 134 -9999 -9999 -9999 -9999 132 134 133 134 137 137 136 134 134 132 132 131 129 129 128 128 126 125 123 122 122 119 114 108 111 109 106 108 121 126 130 142 148 149 137 150 152 154 154 155 156 158 158
-9999 -9999 -9999 -9999 -9999 -9999 -9999 -9999 -9999 -9999 -9999 -9999 -9999 -9999 -9999 -9999 -9999 -9999 -9999 -9999 -9999 -9999 -9999 -9999 -9999 -9999 -9999 -9999 -9999 -9999 -9999 -9999 -9999 136 134 134 133 131 -9999 -9999 -9999 131 132 132 133 134 134 134 133 131 131 130 129 127 128 128 126 126 126 125 124 124 122 115 111 106 107 108 125 125 136 134 148 150 148 138 149 153 154 155 155 157 157 157
-9999 -9999 -9999 -9999 -9999 -9999 -9999 -9999 -9999 -9999 -9999 -9999 -9999 -9999 -9999 -9999 -9999 -9999 -9999 -9999 -9999 -9999 -9999 -9999 -9999 -9999 -9999 -9999 -9999 -9999 -9999 -9999 -9999 135 130 132 133 129 -9999 -9999 131 130 130 131 131 134 134 132 132 131 130 128 127 125 126 126 126 125 125 125 123 120 122 119 111 106 107 115 129 136 144 145 148 151 151 136 150 153 156 155 156 156 158 157
-9999 -9999 -9999 -9999 -9999 -9999 -9999 -9999 -9999 -9999 -9999 -9999 -9999 -9999 -9999 -9999 -9999 -9999 -9999 -9999 -9999 -9999 -9999 -9999 -9999 -9999 -9999 -9999 -9999 -9999 -9999 -9999 -9999 135 132 129 131 131 128 -9999 -9999 128 128 129 130 128 132 131 130 131 129 125 126 125 124 124 125 123 123 123 116 115 112 112 117 104 101 113 125 138 146 149 150 151 152 152 153 154 155 157 156 157 158 158
-9999 -9999 -9999 -9999 -9999 -9999 -9999 -9999 -9999 -9999 -9999 -9999 -9999 -9999 -9999 -9999 -9999 -9999 -9999 -9999 -9999 -9999 -9999 -9999 -9999 -9999 -9999 -9999 -9999 -9999 -9999 -9999 -9999 136 130 131 130 128 128 -9999 130 128 128 128 128 127 131 130 128 129 129 127 124 124 124 124 124 123 124 124 119 120 120 112 114 110 101 109 123 144 148 150 151 152 153 153 154 155 155 156 157 156 157 156
-9999 -9999 -9999 -9999 -9999 -9999 -9999 -9999 -9999 -9999 -9999 -9999 -9999 -9999 -9999 -9999 -9999 -9999 -9999 -9999 -9999 -9999 -9999 -9999 -9999 -9999 -9999 -9999 -9999 -9999 -9999 -9999 -9999 134 133 131 129 127 127 126 128 130 128 126 124 127 129 129 128 127 128 127 125 125 124 124 125 124 125 125 123 124 122 124 123 123 114 109 125 129 147 150 151 152 153 154 155 155 155 155 156 156 156 156
