invasiveSpecies/multiSpecies/data/worldclim_KE/worldclim_KE_2050_BC26_Bio5.asc
ncols         347
nrows         295
xllcorner     36.068012264173
yllcorner     0.13039239511974
cellsize      0.0083333333333333
NODATA_value  -9999
[rows 111 to 147 of 295, columns 168 to 251 of 347]
-9999 -9999 -9999 -9999 -9999 -9999 -9999 353 352 354 354 359 360 360 360 360 360 359 359 358 355 349 360 357 356 357 360 358 355 340 355 361 361 362 362 361 361 362 362 363 363 362 361 361 360 360 360 359 359 358 359 359 360 360 360 360 360 360 360 360 361 361 363 363 364 364 366 366 366 365 366 366 367 367 367 366 365 366 367 367 368 368 368 369
-9999 -9999 -9999 -9999 -9999 -9999 -9999 353 353 353 352 358 359 360 359 359 360 360 360 357 357 359 360 356 356 356 359 358 347 337 359 360 361 362 362 362 362 362 361 362 362 361 361 360 360 361 360 359 359 359 360 359 360 360 360 360 360 361 361 361 361 362 363 363 366 366 366 366 366 366 367 366 365 366 367 368 368 367 367 368 368 368 369 369
-9999 -9999 -9999 -9999 -9999 -9999 352 353 355 353 357 358 359 357 359 359 359 359 360 358 359 358 358 356 359 359 359 358 346 356 359 360 361 361 361 361 361 361 362 362 362 362 361 360 360 360 360 359 359 359 360 360 360 360 360 360 361 361 361 361 362 362 363 363 365 366 364 364 365 365 365 365 365 365 366 366 368 368 368 368 368 368 368 368
-9999 -9999 -9999 -9999 -9999 352 352 352 352 353 355 358 358 358 358 359 359 359 359 358 359 359 356 359 360 360 359 357 352 353 358 360 361 361 361 361 361 361 361 362 362 361 361 361 360 360 360 359 359 359 362 362 362 360 360 360 360 360 361 362 362 362 363 365 364 363 364 364 364 364 365 365 365 365 365 366 366 368 368 368 368 368 368 368
-9999 -9999 -9999 -9999 -9999 351 351 352 352 352 353 357 358 358 358 358 359 359 359 358 358 358 354 359 358 359 358 358 353 357 359 359 360 360 361 360 361 361 361 360 361 361 360 359 360 359 359 359 359 361 362 362 363 363 360 360 360 360 361 365 364 365 362 363 362 363 364 363 364 364 364 364 364 365 365 366 366 366 368 368 368 368 368 368
-9999 -9999 -9999 -9999 350 351 351 351 351 352 352 356 357 357 357 358 358 358 358 357 358 358 356 357 359 358 359 358 353 344 357 359 360 360 360 360 360 361 360 360 360 360 360 359 359 359 359 359 362 362 357 361 362 363 358 360 364 364 364 365 362 362 362 362 362 363 363 363 364 363 364 364 364 364 365 366 366 366 368 368 368 368 368 367
-9999 -9999 351 350 350 350 350 350 350 351 351 351 355 354 356 357 357 357 357 357 357 357 357 357 359 359 358 356 352 341 356 358 360 360 360 360 360 359 359 360 360 358 359 360 360 362 360 359 360 359 354 360 363 359 359 360 362 360 365 361 361 361 361 361 362 362 363 362 363 363 364 364 364 364 365 365 366 366 366 368 368 368 368 368
350 350 349 350 350 348 348 349 349 350 350 351 352 353 355 356 356 356 355 355 357 357 357 358 358 357 358 356 355 342 358 359 359 359 359 360 359 351 357 359 359 358 360 361 362 362 361 361 362 358 350 357 363 363 359 364 360 360 360 361 361 361 361 361 361 362 361 363 362 363 363 363 364 364 365 365 366 366 367 367 367 367 367 367
349 349 349 349 349 348 347 348 349 349 350 350 350 350 354 353 356 356 355 355 356 356 357 357 358 358 356 357 353 349 356 357 358 359 359 359 357 356 357 357 358 360 360 361 360 362 361 362 361 359 355 362 363 363 363 364 359 360 360 360 360 360 360 360 361 361 362 361 363 362 363 363 364 364 364 367 367 367 367 367 367 367 367 367
348 349 350 349 348 347 348 348 349 349 350 350 350 350 350 354 353 355 355 355 356 355 356 357 357 358 357 356 354 341 355 357 358 359 359 359 358 356 356 358 359 360 360 361 360 362 361 362 362 362 362 363 359 358 358 359 359 359 359 359 360 360 360 360 361 361 361 362 362 362 363 363 363 364 365 366 366 366 366 367 367 367 367 366
347 348 348 348 348 347 347 348 348 349 349 350 352 352 350 354 354 355 354 355 355 354 356 357 357 357 357 356 350 355 357 357 358 358 358 358 358 357 358 358 359 359 360 361 361 361 362 361 362 362 362 357 357 359 358 358 358 358 359 359 359 359 359 360 360 361 361 362 361 362 362 363 363 364 365 365 366 365 366 367 367 367 367 364
343 345 346 347 348 347 347 348 348 348 349 350 352 353 354 354 354 354 354 354 354 353 356 356 356 357 356 356 349 356 357 358 358 357 358 358 357 358 358 358 358 359 360 360 361 360 361 362 362 362 359 357 357 357 357 358 358 358 358 358 358 359 359 360 360 360 361 361 361 361 362 361 362 363 364 365 365 366 366 367 367 367 367 363
341 343 346 347 346 346 346 346 347 348 347 348 351 353 353 349 353 354 354 354 354 354 355 356 355 356 356 356 350 356 356 358 358 357 357 357 357 357 357 358 358 359 360 360 361 361 361 361 361 361 358 358 358 358 357 358 358 357 357 358 358 358 358 359 360 360 361 361 360 361 361 361 362 362 364 365 366 365 366 366 366 367 365 363
326 340 344 346 346 346 346 346 347 347 347 347 351 353 353 349 349 353 353 353 354 354 355 355 355 356 356 356 357 357 357 358 357 357 357 357 357 357 357 358 358 359 360 360 360 361 360 361 361 358 357 356 357 358 358 358 357 358 357 357 357 358 358 359 360 360 361 360 360 360 361 361 362 362 363 366 366 365 366 366 366 366 363 362
331 328 343 345 344 344 346 345 346 346 346 346 346 351 351 349 351 352 352 352 353 354 354 355 354 355 355 356 356 356 357 357 357 356 357 357 357 357 357 358 359 360 360 360 360 361 360 361 361 358 356 356 357 357 357 357 355 356 356 356 357 357 358 358 360 360 360 360 359 360 360 360 361 361 363 366 365 366 366 366 366 366 362 362
341 339 342 344 344 343 344 344 345 345 346 346 347 347 350 348 351 352 352 352 352 353 354 354 354 355 355 355 354 356 357 357 356 356 356 356 357 357 358 358 359 360 359 359 360 360 361 361 358 357 357 356 357 356 357 355 355 355 356 356 356 357 357 358 359 359 359 359 359 359 360 361 361 365 363 365 365 365 366 366 367 362 362 361
342 345 344 344 344 343 343 343 344 345 345 345 346 345 347 349 350 352 352 352 352 354 353 354 354 355 355 355 355 356 357 357 356 356 356 356 357 357 358 358 359 359 358 359 360 361 361 361 360 360 357 357 357 357 356 354 354 355 355 356 356 357 357 357 358 358 358 357 358 358 359 360 360 365 365 365 366 366 366 366 361 361 361 361
346 345 345 343 343 342 342 343 344 344 344 344 345 345 345 346 345 346 351 352 353 352 353 355 354 354 354 355 355 356 357 356 354 356 356 356 356 357 357 358 358 359 360 360 360 360 360 361 361 361 358 357 358 358 356 355 355 355 355 355 356 357 357 357 358 358 358 358 358 358 359 359 362 365 365 365 366 366 365 366 361 361 361 362
347 345 344 344 342 342 343 343 343 343 343 343 344 344 345 346 346 345 345 346 351 352 354 353 353 354 354 355 355 356 356 355 355 355 354 355 356 356 357 357 358 358 359 359 359 360 358 361 362 362 362 362 362 361 357 355 356 356 356 356 356 357 358 358 358 358 358 358 365 364 365 365 365 365 365 365 366 366 365 360 360 361 361 361
346 346 344 344 344 343 343 342 344 343 343 342 344 344 345 345 346 346 347 346 351 352 352 354 353 353 354 354 355 355 356 356 355 355 355 355 356 356 357 357 358 358 359 359 360 360 361 361 361 361 362 362 362 362 362 357 357 356 356 355 357 357 361 358 359 364 364 364 365 364 364 365 360 365 365 365 365 366 366 360 360 360 361 361
347 346 345 345 345 344 343 344 344 344 344 343 344 344 345 345 346 346 347 347 351 352 352 354 353 354 354 354 354 355 355 355 355 355 355 356 356 356 356 357 357 358 358 359 360 360 360 361 362 361 362 362 362 362 362 360 358 358 357 357 364 364 363 364 365 364 362 361 358 358 358 359 360 365 365 365 365 365 359 360 360 360 360 361
347 346 345 345 345 345 344 345 344 344 344 343 343 345 345 346 346 345 348 351 352 353 353 353 354 353 353 354 355 355 355 355 354 354 352 352 353 356 355 356 357 357 358 358 359 360 360 362 361 361 362 362 362 362 362 363 363 363 363 363 364 364 363 364 364 359 359 359 358 358 358 358 359 365 365 365 365 365 359 359 359 360 363 369
348 347 346 346 346 346 345 345 346 345 344 343 344 344 346 346 346 345 350 350 352 353 354 354 354 353 354 354 354 355 356 356 351 351 352 352 354 357 356 357 358 358 358 359 359 360 362 362 361 361 361 362 362 362 362 362 363 363 363 363 364 364 364 364 364 364 364 358 358 358 358 359 364 365 365 365 365 364 364 358 359 368 368 369
348 348 346 346 346 346 346 346 346 346 345 343 344 345 346 346 347 350 350 347 352 353 352 354 354 354 354 355 355 355 356 356 355 352 352 353 355 355 357 357 357 358 359 359 360 361 361 361 360 361 362 362 362 362 362 363 363 363 363 363 363 363 364 364 364 364 364 364 358 358 357 358 364 361 364 365 365 358 361 359 358 367 368 369
348 348 346 346 346 345 345 347 347 346 345 344 344 345 345 346 346 351 351 351 353 353 354 354 355 354 354 355 355 356 356 356 356 352 352 353 353 354 356 356 358 358 359 359 360 361 360 361 361 362 361 362 362 362 362 362 362 363 363 363 363 363 363 364 364 363 363 363 361 357 357 358 357 358 364 364 364 357 358 357 358 358 364 368
348 347 346 347 347 346 347 349 347 347 346 345 345 346 346 346 347 351 352 353 353 354 354 355 354 355 355 355 355 356 357 357 357 355 353 353 353 354 353 354 358 359 359 360 361 361 361 360 360 361 361 362 362 362 362 362 362 363 362 363 363 363 363 363 363 363 363 363 363 357 357 357 357 357 363 363 363 358 357 357 356 357 358 367
346 346 346 348 348 347 348 349 347 347 347 347 346 346 346 347 351 352 353 353 353 354 354 355 355 355 355 356 355 356 356 357 357 356 356 355 356 358 356 355 355 359 359 360 360 360 361 360 360 361 361 361 361 361 361 360 362 362 362 362 362 363 363 363 363 363 362 363 363 363 357 357 356 356 357 357 357 357 357 356 354 356 357 365
346 346 346 347 349 349 349 350 349 347 347 346 346 346 347 347 348 352 353 354 354 354 355 354 355 355 356 356 356 357 357 357 357 356 357 356 358 358 357 358 356 357 359 359 360 360 360 359 360 361 362 361 360 360 357 357 361 361 362 362 362 362 362 362 362 362 362 363 362 362 357 356 356 356 357 356 356 357 356 355 354 354 356 361
348 347 346 348 348 349 350 350 347 347 347 346 346 347 347 348 348 352 353 354 354 355 355 355 355 356 356 357 356 357 357 357 358 357 357 357 358 358 358 358 356 357 359 360 360 360 359 360 361 361 361 358 358 360 357 358 361 361 361 361 361 361 361 361 361 362 362 362 362 362 362 356 356 356 359 357 357 356 356 355 354 354 355 357
350 346 348 348 347 347 348 350 347 347 347 345 347 347 348 347 349 350 352 353 354 354 354 354 355 355 356 357 357 357 358 357 358 357 358 358 358 358 359 359 359 359 360 360 360 360 359 360 361 360 361 357 358 356 356 358 360 360 361 361 361 360 360 361 361 361 361 361 361 361 362 362 360 362 363 363 356 356 356 355 355 356 357 357
351 351 352 347 347 348 348 348 350 348 349 348 348 348 348 347 349 348 348 351 353 349 357 356 354 356 357 357 357 357 357 357 358 358 358 358 358 358 358 359 359 359 359 360 359 359 360 361 361 361 360 356 359 355 355 359 360 360 360 360 360 359 360 360 359 360 361 361 360 361 361 362 362 362 362 363 360 356 355 355 356 356 361 366
352 352 352 352 352 351 351 348 351 351 351 352 350 348 348 349 350 352 354 355 355 357 356 356 356 357 357 357 357 357 358 358 357 357 357 358 358 358 358 358 358 358 358 359 359 359 360 361 360 355 356 356 355 355 355 358 359 360 360 360 359 359 360 360 359 360 360 360 360 361 361 362 361 362 362 363 363 356 356 356 356 357 361 366
351 352 352 353 353 353 352 353 353 353 353 354 350 350 350 351 350 350 351 352 352 357 356 356 356 356 356 356 357 357 357 357 358 358 357 358 358 358 358 358 357 358 359 359 359 361 360 358 358 355 355 354 354 354 355 358 358 359 359 359 359 358 359 359 359 359 359 359 360 360 360 361 361 361 360 361 363 363 357 356 364 357 359 359
351 351 352 352 352 353 352 354 354 353 352 354 354 350 351 355 352 351 355 357 357 356 356 355 356 356 356 355 356 357 357 357 357 357 356 357 357 358 358 357 357 357 359 359 360 360 359 357 354 354 355 354 354 354 355 356 357 354 359 358 358 358 358 358 359 359 359 359 360 360 361 360 360 356 356 362 363 364 363 364 364 365 365 366
350 351 351 351 352 352 353 353 352 352 352 351 352 354 355 355 355 356 356 355 354 356 351 357 356 356 356 354 356 356 357 357 357 357 357 356 356 357 358 357 356 357 358 360 360 360 359 355 354 354 356 354 354 354 354 357 357 357 358 358 358 357 358 358 358 358 359 359 359 360 360 360 360 359 356 362 362 363 364 364 364 365 365 366
350 350 350 351 351 351 352 352 352 352 352 351 353 354 355 353 354 356 356 353 351 351 351 355 355 355 354 355 355 356 356 356 356 356 356 356 356 357 357 357 356 357 358 359 359 356 352 353 353 354 353 353 353 353 356 357 356 356 358 358 357 357 357 357 358 357 358 358 359 359 360 357 356 356 356 356 357 363 362 364 364 359 365 366
349 350 350 350 351 351 351 352 352 352 353 352 352 354 354 353 351 353 350 349 350 354 356 356 354 355 352 353 355 355 356 356 356 355 356 355 355 356 356 356 356 356 358 359 358 352 352 352 353 353 353 353 353 353 355 356 356 357 358 358 358 356 356 357 357 357 358 359 358 359 355 356 356 355 356 355 358 360 362 362 359 365 365 366
