invasiveSpecies/multiSpecies/data/worldclim_KE/worldclim_KE_2050_BC26_Bio5.asc
ncols         347
nrows         295
xllcorner     36.068012264173
yllcorner     0.13039239511974
cellsize      0.0083333333333333
NODATA_value  -9999
[rows 37 to 73 of 295, columns 168 to 251 of 347]
-9999 -9999 -9999 -9999 -9999 -9999 -9999 -9999 -9999 -9999 -9999 -9999 -9999 -9999 -9999 -9999 -9999 -9999 -9999 -9999 -9999 -9999 -9999 -9999 -9999 -9999 -9999 -9999 -9999 -9999 -9999 -9999 -9999 -9999 -9999 -9999 343 342 341 339 339 339 345 352 334 334 332 331 327 325 322 319 -9999 -9999 -9999 -9999 -9999 -9999 -9999 -9999 -9999 -9999 -9999 -9999 -9999 -9999 -9999 -9999 330 334 335 338 340 342 345 347 349 350 352 354 356 357 357 358
-9999 -9999 -9999 -9999 -9999 -9999 -9999 -9999 -9999 -9999 -9999 -9999 -9999 -9999 -9999 -9999 -9999 -9999 -9999 -9999 -9999 -9999 -9999 -9999 -9999 -9999 -9999 -9999 -9999 -9999 -9999 -9999 -9999 -9999 -9999 -9999 343 341 340 340 338 337 336 341 334 332 329 328 326 324 322 320 316 -9999 -9999 -9999 -9999 -9999 -9999 -9999 -9999 -9999 -9999 -9999 -9999 -9999 -9999 331 333 335 337 339 341 344 347 349 350 352 354 355 356 357 358 358
-9999 -9999 -9999 -9999 -9999 -9999 -9999 -9999 -9999 -9999 -9999 -9999 -9999 -9999 -9999 -9999 -9999 -9999 -9999 -9999 -9999 -9999 -9999 -9999 -9999 -9999 -9999 -9999 -9999 -9999 -9999 -9999 -9999 -9999 -9999 343 342 341 340 338 338 337 336 334 332 329 329 327 324 322 322 320 312 309 307 -9999 -9999 -9999 -9999 -9999 -9999 -9999 -9999 -9999 -9999 -9999 -9999 331 335 337 338 340 342 346 349 350 352 353 354 355 356 357 358 360
-9999 -9999 -9999 -9999 -9999 -9999 -9999 -9999 -9999 -9999 -9999 -9999 -9999 -9999 -9999 -9999 -9999 -9999 -9999 -9999 -9999 -9999 -9999 -9999 -9999 -9999 -9999 -9999 -9999 -9999 -9999 -9999 -9999 -9999 -9999 -9999 342 341 340 339 339 337 335 334 331 329 328 326 321 321 319 317 313 311 307 307 307 -9999 -9999 -9999 -9999 -9999 -9999 -9999 -9999 333 333 334 335 338 339 339 342 348 350 351 353 354 355 356 357 358 359 360
-9999 -9999 -9999 -9999 -9999 -9999 -9999 -9999 -9999 -9999 -9999 -9999 -9999 -9999 -9999 -9999 -9999 -9999 -9999 -9999 -9999 -9999 -9999 -9999 -9999 -9999 -9999 -9999 -9999 -9999 -9999 -9999 -9999 -9999 -9999 -9999 343 341 341 339 337 337 336 333 330 329 328 326 325 322 320 319 314 313 315 316 314 -9999 -9999 -9999 -9999 -9999 -9999 -9999 333 334 336 336 336 339 342 343 348 350 352 353 354 355 356 356 357 359 360 361
-9999 -9999 -9999 -9999 -9999 -9999 -9999 -9999 -9999 -9999 -9999 -9999 -9999 -9999 -9999 -9999 -9999 -9999 -9999 -9999 -9999 -9999 -9999 -9999 -9999 -9999 -9999 -9999 -9999 -9999 -9999 -9999 -9999 -9999 -9999 -9999 343 342 340 338 337 336 334 332 332 329 327 327 327 323 321 320 320 319 320 319 318 -9999 -9999 -9999 -9999 -9999 -9999 -9999 336 335 335 339 339 342 344 347 350 352 353 354 355 356 357 358 358 360 362 362
-9999 -9999 -9999 -9999 -9999 -9999 -9999 -9999 -9999 -9999 -9999 -9999 -9999 -9999 -9999 -9999 -9999 -9999 -9999 -9999 -9999 -9999 -9999 -9999 -9999 -9999 -9999 -9999 -9999 -9999 -9999 -9999 -9999 -9999 -9999 -9999 343 342 340 338 336 336 335 333 331 330 328 327 327 323 322 322 321 320 321 323 324 -9999 -9999 -9999 -9999 -9999 334 334 337 338 336 339 342 345 347 348 351 352 354 354 355 356 357 359 360 361 363 362
-9999 -9999 -9999 -9999 -9999 -9999 -9999 -9999 -9999 -9999 -9999 -9999 -9999 -9999 -9999 -9999 -9999 -9999 -9999 -9999 -9999 -9999 -9999 -9999 -9999 -9999 -9999 -9999 -9999 -9999 -9999 -9999 -9999 -9999 -9999 -9999 342 341 340 339 336 335 334 334 333 331 331 328 329 324 325 325 322 325 323 323 325 328 330 330 332 334 336 338 339 340 340 340 345 346 349 351 352 352 354 355 356 357 358 360 361 362 363 363
-9999 -9999 -9999 -9999 -9999 -9999 -9999 -9999 -9999 -9999 -9999 -9999 -9999 -9999 -9999 -9999 -9999 -9999 -9999 -9999 -9999 -9999 -9999 -9999 -9999 -9999 -9999 -9999 -9999 -9999 -9999 -9999 -9999 -9999 -9999 -9999 344 341 341 340 338 334 335 334 333 331 332 331 329 326 326 327 326 326 331 344 331 330 332 334 335 335 338 339 341 343 343 344 346 347 349 351 353 354 354 355 356 356 359 360 361 362 363 364
-9999 -9999 -9999 -9999 -9999 -9999 -9999 -9999 -9999 -9999 -9999 -9999 -9999 -9999 -9999 -9999 -9999 -9999 -9999 -9999 -9999 -9999 -9999 -9999 -9999 -9999 -9999 -9999 -9999 -9999 -9999 -9999 -9999 -9999 -9999 345 344 342 341 339 337 337 335 334 333 332 332 331 331 329 327 328 328 329 343 344 336 333 333 336 337 337 340 341 342 345 344 345 348 349 350 352 353 355 354 355 356 357 359 359 361 363 364 366
-9999 -9999 -9999 -9999 -9999 -9999 -9999 -9999 -9999 -9999 -9999 -9999 -9999 -9999 -9999 -9999 -9999 -9999 -9999 -9999 -9999 -9999 -9999 -9999 -9999 -9999 -9999 -9999 -9999 -9999 -9999 -9999 -9999 -9999 -9999 346 345 344 342 340 339 337 336 334 333 332 332 332 332 329 327 328 330 331 334 335 333 336 336 338 340 341 342 344 345 346 347 347 349 351 352 353 355 356 358 358 358 359 360 362 363 364 364 365
-9999 -9999 -9999 -9999 -9999 -9999 -9999 -9999 -9999 -9999 -9999 -9999 -9999 -9999 -9999 -9999 -9999 -9999 -9999 -9999 -9999 -9999 -9999 -9999 -9999 -9999 -9999 -9999 -9999 -9999 -9999 -9999 -9999 -9999 -9999 347 355 355 341 340 339 338 336 335 334 333 332 332 332 330 329 330 332 332 334 335 336 337 339 339 339 342 344 346 347 346 348 349 351 352 353 355 356 357 358 359 359 360 361 363 363 364 365 366
-9999 -9999 -9999 -9999 -9999 -9999 -9999 -9999 -9999 -9999 -9999 -9999 -9999 -9999 -9999 -9999 -9999 -9999 -9999 -9999 -9999 -9999 -9999 -9999 -9999 -9999 -9999 -9999 -9999 -9999 -9999 -9999 -9999 -9999 -9999 347 350 346 341 340 339 338 337 336 334 334 333 333 332 333 333 334 335 335 336 336 338 339 340 341 341 342 344 347 348 350 351 351 353 353 355 354 357 357 358 359 360 362 362 363 364 364 366 366
-9999 -9999 -9999 -9999 -9999 -9999 -9999 -9999 -9999 -9999 -9999 -9999 -9999 -9999 -9999 -9999 -9999 -9999 -9999 -9999 -9999 -9999 -9999 -9999 -9999 -9999 -9999 -9999 -9999 -9999 -9999 -9999 -9999 -9999 -9999 346 345 344 342 341 340 339 338 337 335 334 332 332 332 334 334 336 336 337 338 340 339 342 342 342 343 344 345 348 351 354 352 353 354 354 355 356 357 358 359 360 362 363 363 365 365 366 366 366
-9999 -9999 -9999 -9999 -9999 -9999 -9999 -9999 -9999 -9999 -9999 -9999 -9999 -9999 -9999 -9999 -9999 -9999 -9999 -9999 -9999 -9999 -9999 -9999 -9999 -9999 -9999 -9999 -9999 -9999 -9999 -9999 -9999 -9999 -9999 346 345 345 343 341 340 340 339 338 337 337 334 334 335 335 338 339 339 340 339 341 341 342 343 344 344 346 347 349 351 355 353 354 355 355 356 357 357 359 360 361 361 362 364 365 366 367 367 367
-9999 -9999 -9999 -9999 -9999 -9999 -9999 -9999 -9999 -9999 -9999 -9999 -9999 -9999 -9999 -9999 -9999 -9999 -9999 -9999 -9999 -9999 -9999 -9999 -9999 -9999 -9999 -9999 -9999 -9999 -9999 -9999 -9999 -9999 -9999 347 346 345 343 343 341 340 340 339 338 337 335 336 336 337 339 340 340 341 340 342 343 343 344 345 347 348 349 350 351 355 354 355 356 357 357 357 358 360 361 362 363 364 364 365 367 368 368 368
-9999 -9999 -9999 -9999 -9999 -9999 -9999 -9999 -9999 -9999 -9999 -9999 -9999 -9999 -9999 -9999 -9999 -9999 -9999 -9999 -9999 -9999 -9999 -9999 -9999 -9999 -9999 -9999 -9999 -9999 -9999 -9999 -9999 -9999 -9999 346 346 345 344 343 343 341 342 340 339 339 336 338 339 340 341 342 342 342 342 343 344 345 346 348 350 350 352 351 353 354 357 356 357 357 358 358 358 359 361 362 363 366 366 366 367 368 369 369
-9999 -9999 -9999 -9999 -9999 -9999 -9999 -9999 -9999 -9999 -9999 -9999 -9999 -9999 -9999 -9999 -9999 -9999 -9999 -9999 -9999 -9999 -9999 -9999 -9999 -9999 -9999 -9999 -9999 -9999 -9999 -9999 -9999 -9999 -9999 346 346 345 344 344 343 343 343 341 339 340 340 340 341 341 342 344 344 344 345 345 345 346 347 349 350 350 353 353 353 354 356 357 358 358 358 359 359 360 362 363 365 367 368 367 368 369 369 369
-9999 -9999 -9999 -9999 -9999 -9999 -9999 -9999 -9999 -9999 -9999 -9999 -9999 -9999 -9999 -9999 -9999 -9999 -9999 -9999 -9999 -9999 -9999 -9999 -9999 -9999 -9999 -9999 -9999 -9999 -9999 -9999 -9999 -9999 -9999 346 348 346 345 345 344 344 343 343 341 341 342 343 343 342 344 346 346 347 346 347 347 346 348 349 351 352 353 354 354 355 357 357 358 359 360 359 360 360 361 363 364 365 366 369 369 369 369 370
-9999 -9999 -9999 -9999 -9999 -9999 -9999 -9999 -9999 -9999 -9999 -9999 -9999 -9999 -9999 -9999 -9999 -9999 -9999 -9999 -9999 -9999 -9999 -9999 -9999 -9999 -9999 -9999 -9999 -9999 -9999 -9999 -9999 -9999 -9999 347 347 346 346 345 345 345 344 344 343 343 342 344 345 345 346 346 347 348 348 348 348 349 349 351 352 355 360 355 355 356 358 359 359 364 361 361 361 362 364 365 365 365 365 368 369 370 370 370
-9999 -9999 -9999 -9999 -9999 -9999 -9999 -9999 -9999 -9999 -9999 -9999 -9999 -9999 -9999 -9999 -9999 -9999 -9999 -9999 -9999 -9999 -9999 -9999 -9999 -9999 -9999 -9999 -9999 -9999 -9999 -9999 -9999 -9999 348 349 349 347 347 346 346 345 345 345 344 344 344 345 345 346 346 347 347 348 350 350 349 350 350 351 353 353 355 355 356 358 357 360 362 362 366 364 362 364 365 366 367 367 367 368 369 370 370 371
-9999 -9999 -9999 -9999 -9999 -9999 -9999 -9999 -9999 -9999 -9999 -9999 -9999 -9999 -9999 -9999 -9999 -9999 -9999 -9999 -9999 -9999 -9999 -9999 -9999 -9999 -9999 -9999 -9999 -9999 -9999 -9999 -9999 -9999 350 351 350 349 348 347 347 346 345 345 345 346 346 347 347 346 346 347 348 350 350 353 352 351 351 353 352 354 355 356 356 357 364 360 366 363 365 366 365 364 365 366 367 367 368 368 370 370 371 372
-9999 -9999 -9999 -9999 -9999 -9999 -9999 -9999 -9999 -9999 -9999 -9999 -9999 -9999 -9999 -9999 -9999 -9999 -9999 -9999 -9999 -9999 -9999 -9999 -9999 -9999 -9999 -9999 -9999 -9999 -9999 -9999 -9999 -9999 352 352 351 350 350 348 347 347 347 347 348 348 348 347 347 347 347 348 348 351 353 353 353 353 353 353 354 354 355 356 357 358 362 367 368 367 368 368 364 365 365 366 367 368 369 369 369 370 371 371
-9999 -9999 -9999 -9999 -9999 -9999 -9999 -9999 -9999 -9999 -9999 -9999 -9999 -9999 -9999 -9999 -9999 -9999 -9999 -9999 -9999 -9999 -9999 -9999 -9999 -9999 -9999 -9999 -9999 -9999 -9999 -9999 -9999 -9999 353 353 352 351 351 351 349 348 349 347 349 349 349 350 348 349 349 350 349 352 353 355 354 355 355 355 355 355 356 356 357 357 359 366 367 369 368 368 368 366 368 367 367 368 369 370 370 371 371 371
-9999 -9999 -9999 -9999 -9999 -9999 -9999 -9999 -9999 -9999 -9999 -9999 -9999 -9999 -9999 -9999 -9999 -9999 -9999 -9999 -9999 -9999 -9999 -9999 -9999 -9999 -9999 -9999 -9999 -9999 -9999 -9999 -9999 354 354 354 354 352 352 351 350 349 349 350 349 350 351 350 351 351 352 352 352 352 355 354 354 357 355 355 356 356 356 357 362 359 365 367 368 369 369 369 369 365 368 369 368 368 369 370 371 370 372 371
-9999 -9999 -9999 -9999 -9999 -9999 -9999 -9999 -9999 -9999 -9999 -9999 -9999 -9999 -9999 -9999 -9999 -9999 -9999 -9999 -9999 -9999 -9999 -9999 -9999 -9999 -9999 -9999 -9999 -9999 -9999 -9999 -9999 355 356 354 354 353 354 352 351 351 351 351 351 351 352 353 352 352 353 352 353 354 355 357 357 359 359 355 356 357 357 357 365 367 367 368 370 369 369 370 370 370 369 369 369 369 369 370 372 372 372 372
-9999 -9999 -9999 -9999 -9999 -9999 -9999 -9999 -9999 -9999 -9999 -9999 -9999 -9999 -9999 -9999 -9999 -9999 -9999 -9999 -9999 -9999 -9999 -9999 -9999 -9999 -9999 -9999 -9999 -9999 -9999 -9999 -9999 356 355 356 356 356 355 354 353 352 353 352 352 352 353 354 354 353 354 354 354 359 357 357 359 359 363 357 359 364 365 369 369 369 369 368 369 370 370 370 370 370 370 370 369 369 370 370 371 372 372 372
-9999 -9999 -9999 -9999 -9999 -9999 -9999 -9999 -9999 -9999 -9999 -9999 -9999 -9999 -9999 -9999 -9999 -9999 -9999 -9999 -9999 -9999 -9999 -9999 -9999 -9999 -9999 -9999 -9999 -9999 -9999 -9999 -9999 357 357 356 357 356 357 356 355 354 354 353 354 353 354 356 355 355 355 356 356 360 360 359 360 359 360 359 364 367 368 368 370 370 370 369 370 369 370 369 369 369 370 368 368 368 370 370 371 371 372 372
-9999 -9999 -9999 -9999 -9999 -9999 -9999 -9999 -9999 -9999 -9999 -9999 -9999 -9999 -9999 -9999 -9999 -9999 -9999 -9999 -9999 -9999 -9999 -9999 -9999 -9999 -9999 -9999 -9999 -9999 -9999 -9999 -9999 358 359 358 358 359 359 357 357 355 355 356 357 356 356 356 356 356 356 361 358 358 359 361 362 361 362 365 367 367 369 370 370 370 369 369 369 369 370 370 370 370 369 366 367 368 370 370 371 372 372 372
-9999 -9999 -9999 -9999 -9999 -9999 -9999 -9999 -9999 -9999 -9999 -9999 -9999 -9999 -9999 -9999 -9999 -9999 -9999 -9999 -9999 -9999 -9999 -9999 -9999 -9999 -9999 -9999 -9999 -9999 -9999 -9999 -9999 358 359 359 359 359 359 358 357 358 357 357 357 357 359 359 358 358 359 361 360 361 360 361 363 363 363 365 368 368 368 370 370 370 369 370 370 370 371 370 370 370 370 365 366 368 368 370 371 372 372 373
-9999 -9999 -9999 -9999 -9999 -9999 -9999 -9999 -9999 -9999 -9999 -9999 -9999 -9999 -9999 -9999 -9999 -9999 -9999 -9999 -9999 -9999 -9999 -9999 -9999 -9999 -9999 -9999 -9999 -9999 -9999 -9999 359 360 360 360 360 359 360 360 359 359 360 358 359 360 360 360 360 359 360 361 362 362 362 362 363 363 365 367 368 368 369 369 370 370 370 370 370 370 370 370 370 370 369 363 364 367 370 371 370 372 372 373
-9999 -9999 -9999 -9999 -9999 -9999 -9999 -9999 -9999 -9999 -9999 -9999 -9999 -9999 -9999 -9999 -9999 -9999 -9999 -9999 -9999 -9999 -9999 -9999 -9999 -9999 -9999 -9999 -9999 -9999 -9999 -9999 360 360 360 360 361 361 361 360 360 361 360 361 361 361 361 362 360 362 362 362 364 362 363 365 364 364 366 368 369 369 369 370 370 370 370 370 370 370 370 370 370 370 368 362 363 366 368 371 371 372 372 373
-9999 -9999 -9999 -9999 -9999 -9999 -9999 -9999 -9999 -9999 -9999 -9999 -9999 -9999 -9999 -9999 -9999 -9999 -9999 -9999 -9999 -9999 -9999 -9999 -9999 -9999 -9999 -9999 -9999 -9999 -9999 -9999 362 361 361 361 361 362 362 361 361 361 362 363 363 363 362 363 364 364 364 364 365 365 364 365 364 365 367 368 369 369 370 369 370 370 370 370 370 370 370 370 370 370 370 362 365 366 369 370 370 371 373 373
-9999 -9999 -9999 -9999 -9999 -9999 -9999 -9999 -9999 -9999 -9999 -9999 -9999 -9999 -9999 -9999 -9999 -9999 -9999 -9999 -9999 -9999 -9999 -9999 -9999 -9999 -9999 -9999 -9999 -9999 -9999 361 361 361 361 361 361 362 362 361 361 362 362 363 364 364 364 363 365 365 365 366 365 366 367 366 366 367 368 368 369 369 370 370 370 370 370 370 370 371 371 370 370 370 367 363 367 368 368 370 371 372 372 373
-9999 -9999 -9999 -9999 -9999 -9999 -9999 -9999 -9999 -9999 -9999 -9999 -9999 -9999 -9999 -9999 -9999 -9999 -9999 -9999 -9999 -9999 -9999 -9999 -9999 -9999 -9999 -9999 -9999 -9999 -9999 361 361 361 361 362 362 363 363 361 363 363 362 363 364 364 365 366 365 367 367 366 366 366 367 366 366 366 367 367 368 368 369 369 369 369 369 369 370 370 370 369 369 369 362 363 365 366 369 369 370 371 371 372
-9999 -9999 -9999 -9999 -9999 -9999 -9999 -9999 -9999 -9999 -9999 -9999 -9999 -9999 -9999 -9999 -9999 -9999 -9999 -9999 -9999 -9999 -9999 -9999 -9999 -9999 -9999 -9999 -9999 -9999 362 362 361 361 362 362 363 363 362 364 363 362 364 365 364 366 365 366 366 367 368 367 369 367 367 367 367 367 367 367 368 369 369 369 369 369 369 369 369 369 369 369 369 361 361 365 365 367 368 369 370 371 371 372
-9999 -9999 -9999 -9999 -9999 -9999 -9999 -9999 -9999 -9999 -9999 -9999 -9999 -9999 -9999 -9999 -9999 -9999 -9999 -9999 -9999 -9999 -9999 -9999 -9999 -9999 -9999 -9999 -9999 -9999 362 363 363 363 362 363 363 364 364 363 364 364 364 364 365 366 367 368 367 367 367 368 369 369 367 367 367 367 368 368 368 368 369 369 369 369 369 369 369 369 369 369 369 369 368 368 367 366 368 369 370 371 371 371
