invasiveSpecies/multiSpecies/data/worldclim_KE/worldclim_KE_2050_BC26_Bio11.asc
ncols         347
nrows         295
xllcorner     36.068012264173
yllcorner     0.13039239511974
cellsize      0.0083333333333333
NODATA_value  -9999
[rows 148 to 184 of 295, columns 84 to 167 of 347]
-9999 -9999 -9999 -9999 -9999 -9999 -9999 -9999 -9999 -9999 -9999 -9999 -9999 -9999 -9999 -9999 -9999 -9999 -9999 -9999 -9999 -9999 -9999 -9999 -9999 -9999 -9999 -9999 -9999 -9999 -9999 -9999 -9999 -9999 -9999 -9999 -9999 -9999 -9999 -9999 -9999 237 236 232 229 227 220 214 208 208 212 216 212 202 190 187 176 182 197 210 218 221 224 230 232 235 237 238 239 240 240 240 241 241 241 240 241 241 242 242 241 241 242 243
-9999 -9999 -9999 -9999 -9999 -9999 -9999 -9999 -9999 -9999 -9999 -9999 -9999 -9999 -9999 -9999 -9999 -9999 -9999 -9999 -9999 -9999 -9999 -9999 -9999 -9999 -9999 -9999 -9999 -9999 -9999 -9999 -9999 -9999 -9999 -9999 -9999 -9999 -9999 -9999 -9999 236 233 231 229 222 218 212 207 202 207 215 213 206 198 196 188 192 185 203 213 221 225 226 230 234 236 237 238 240 240 240 240 240 240 240 241 241 241 241 241 242 242 241
-9999 -9999 -9999 -9999 -9999 -9999 -9999 -9999 -9999 -9999 -9999 -9999 -9999 -9999 -9999 -9999 -9999 -9999 -9999 -9999 -9999 -9999 -9999 -9999 -9999 -9999 -9999 -9999 -9999 -9999 -9999 -9999 -9999 -9999 -9999 -9999 -9999 -9999 -9999 -9999 -9999 236 229 229 227 219 214 205 205 202 210 212 215 213 209 205 204 198 189 194 207 213 215 216 223 220 230 236 239 239 240 239 239 239 238 239 240 240 240 241 241 241 241 241
-9999 -9999 -9999 -9999 -9999 -9999 -9999 -9999 -9999 -9999 -9999 -9999 -9999 -9999 -9999 -9999 -9999 -9999 -9999 -9999 -9999 -9999 -9999 -9999 -9999 -9999 -9999 -9999 -9999 -9999 -9999 -9999 -9999 -9999 -9999 -9999 -9999 -9999 -9999 -9999 -9999 235 228 227 223 217 217 201 203 198 205 212 211 209 210 208 202 196 188 182 201 200 203 205 217 214 225 235 238 238 239 238 238 238 238 239 239 239 240 240 240 241 241 241
-9999 -9999 -9999 -9999 -9999 -9999 -9999 -9999 -9999 -9999 -9999 -9999 -9999 -9999 -9999 -9999 -9999 -9999 -9999 -9999 -9999 -9999 -9999 -9999 -9999 -9999 -9999 -9999 -9999 -9999 -9999 -9999 -9999 -9999 -9999 -9999 -9999 -9999 -9999 -9999 -9999 236 228 228 220 213 211 207 207 204 201 208 209 207 201 195 202 179 177 170 193 184 191 195 208 206 220 232 236 237 238 238 238 236 237 238 239 239 239 239 240 241 241 242
-9999 -9999 -9999 -9999 -9999 -9999 -9999 -9999 -9999 -9999 -9999 -9999 -9999 -9999 -9999 -9999 -9999 -9999 -9999 -9999 -9999 -9999 -9999 -9999 -9999 -9999 -9999 -9999 -9999 -9999 -9999 -9999 -9999 -9999 -9999 -9999 -9999 -9999 -9999 -9999 -9999 235 234 230 222 213 202 202 206 199 193 202 193 202 195 188 191 182 167 157 172 167 183 181 193 197 212 228 235 237 236 236 236 234 235 238 238 238 239 240 240 241 241 242
-9999 -9999 -9999 -9999 -9999 -9999 -9999 -9999 -9999 -9999 -9999 -9999 -9999 -9999 -9999 -9999 -9999 -9999 -9999 -9999 -9999 -9999 -9999 -9999 -9999 -9999 -9999 -9999 -9999 -9999 -9999 -9999 -9999 -9999 -9999 -9999 -9999 -9999 -9999 -9999 -9999 -9999 233 232 225 215 209 203 204 197 190 194 203 204 197 183 179 159 157 159 171 172 161 167 180 201 222 230 233 236 235 235 234 234 236 237 237 237 239 239 240 241 242 242
-9999 -9999 -9999 -9999 -9999 -9999 -9999 -9999 -9999 -9999 -9999 -9999 -9999 -9999 -9999 -9999 -9999 -9999 -9999 -9999 -9999 -9999 -9999 -9999 -9999 -9999 -9999 -9999 -9999 -9999 -9999 -9999 -9999 -9999 -9999 -9999 -9999 -9999 -9999 -9999 -9999 -9999 233 231 229 211 200 202 202 201 184 185 193 187 194 189 169 156 154 165 182 182 172 185 202 210 219 226 231 233 233 230 233 234 235 235 235 237 238 239 240 241 241 242
-9999 -9999 -9999 -9999 -9999 -9999 -9999 -9999 -9999 -9999 -9999 -9999 -9999 -9999 -9999 -9999 -9999 -9999 -9999 -9999 -9999 -9999 -9999 -9999 -9999 -9999 -9999 -9999 -9999 -9999 -9999 -9999 -9999 -9999 -9999 -9999 -9999 -9999 -9999 -9999 -9999 -9999 233 230 226 212 199 203 204 200 189 183 191 182 186 177 164 155 153 166 178 190 177 174 178 201 211 221 225 231 229 227 231 228 231 231 234 235 237 239 240 240 241 241
-9999 -9999 -9999 -9999 -9999 -9999 -9999 -9999 -9999 -9999 -9999 -9999 -9999 -9999 -9999 -9999 -9999 -9999 -9999 -9999 -9999 -9999 -9999 -9999 -9999 -9999 -9999 -9999 -9999 -9999 -9999 -9999 -9999 -9999 -9999 -9999 -9999 -9999 -9999 -9999 -9999 -9999 234 229 221 210 199 206 206 198 195 189 196 188 182 162 155 155 152 153 168 190 191 181 163 185 203 214 221 223 223 220 217 207 217 227 229 229 235 238 239 240 241 240
-9999 -9999 -9999 -9999 -9999 -9999 -9999 -9999 -9999 -9999 -9999 -9999 -9999 -9999 -9999 -9999 -9999 -9999 -9999 -9999 -9999 -9999 -9999 -9999 -9999 -9999 -9999 -9999 -9999 -9999 -9999 -9999 -9999 -9999 -9999 -9999 -9999 -9999 -9999 -9999 -9999 234 234 224 221 209 200 207 206 206 204 201 200 194 178 163 153 153 151 154 167 188 195 184 170 163 191 203 217 218 219 214 214 210 207 211 209 219 234 238 239 240 239 240
-9999 -9999 -9999 -9999 -9999 -9999 -9999 -9999 -9999 -9999 -9999 -9999 -9999 -9999 -9999 -9999 -9999 -9999 -9999 -9999 -9999 -9999 -9999 -9999 -9999 -9999 -9999 -9999 -9999 -9999 -9999 -9999 -9999 -9999 -9999 -9999 -9999 -9999 -9999 -9999 -9999 234 232 226 222 212 203 210 209 210 209 206 202 193 176 163 152 160 154 153 163 192 198 193 184 174 183 192 207 210 212 203 210 224 229 231 217 230 234 237 239 239 240 240
-9999 -9999 -9999 -9999 -9999 -9999 -9999 -9999 -9999 -9999 -9999 -9999 -9999 -9999 -9999 -9999 -9999 -9999 -9999 -9999 -9999 -9999 -9999 -9999 -9999 -9999 -9999 -9999 -9999 -9999 -9999 -9999 -9999 -9999 -9999 -9999 -9999 -9999 -9999 -9999 234 233 232 227 220 213 216 214 215 210 206 201 194 192 177 164 158 166 166 152 162 180 197 196 184 172 160 163 181 194 197 206 216 225 231 232 230 233 237 238 239 239 239 240
-9999 -9999 -9999 -9999 -9999 -9999 -9999 -9999 -9999 -9999 -9999 -9999 -9999 -9999 -9999 -9999 -9999 -9999 -9999 -9999 -9999 -9999 -9999 -9999 -9999 -9999 -9999 -9999 -9999 -9999 -9999 -9999 -9999 -9999 -9999 -9999 -9999 -9999 -9999 -9999 233 232 232 226 223 217 220 216 215 207 205 202 193 191 174 169 161 165 172 160 161 166 194 202 189 174 162 167 180 192 208 218 219 229 233 234 235 236 237 238 238 239 239 240
-9999 -9999 -9999 -9999 -9999 -9999 -9999 -9999 -9999 -9999 -9999 -9999 -9999 -9999 -9999 -9999 -9999 -9999 -9999 -9999 -9999 -9999 -9999 -9999 -9999 -9999 -9999 -9999 -9999 -9999 -9999 -9999 -9999 -9999 -9999 -9999 -9999 -9999 -9999 -9999 233 231 231 230 224 218 215 211 210 209 206 204 197 193 187 171 168 173 181 169 164 183 193 202 196 183 173 175 177 203 215 219 228 231 233 234 235 236 237 237 238 239 239 239
-9999 -9999 -9999 -9999 -9999 -9999 -9999 -9999 -9999 -9999 -9999 -9999 -9999 -9999 -9999 -9999 -9999 -9999 -9999 -9999 -9999 -9999 -9999 -9999 -9999 -9999 -9999 -9999 -9999 -9999 -9999 -9999 -9999 -9999 -9999 -9999 -9999 -9999 -9999 -9999 -9999 232 229 226 222 213 199 206 208 207 206 202 190 187 183 173 179 172 185 176 168 175 190 204 198 190 187 179 178 203 215 216 223 226 231 233 234 235 236 237 238 238 239 239
-9999 -9999 -9999 -9999 -9999 -9999 -9999 -9999 -9999 -9999 -9999 -9999 -9999 -9999 -9999 -9999 -9999 -9999 -9999 -9999 -9999 -9999 -9999 -9999 -9999 -9999 -9999 -9999 -9999 -9999 -9999 -9999 -9999 -9999 -9999 -9999 -9999 -9999 -9999 -9999 -9999 227 227 223 215 212 195 203 206 204 200 196 183 194 191 174 187 180 180 187 170 177 189 202 206 201 193 188 186 186 201 206 216 222 229 230 234 234 236 237 238 238 238 239
-9999 -9999 -9999 -9999 -9999 -9999 -9999 -9999 -9999 -9999 -9999 -9999 -9999 -9999 -9999 -9999 -9999 -9999 -9999 -9999 -9999 -9999 -9999 -9999 -9999 -9999 -9999 -9999 -9999 -9999 -9999 -9999 -9999 -9999 -9999 -9999 -9999 -9999 -9999 -9999 -9999 232 227 223 214 210 210 207 207 205 201 191 182 192 197 184 196 190 186 197 186 177 189 199 206 202 195 193 191 193 204 210 208 225 231 232 233 232 235 237 237 237 238 239
-9999 -9999 -9999 -9999 -9999 -9999 -9999 -9999 -9999 -9999 -9999 -9999 -9999 -9999 -9999 -9999 -9999 -9999 -9999 -9999 -9999 -9999 -9999 -9999 -9999 -9999 -9999 -9999 -9999 -9999 -9999 -9999 -9999 -9999 -9999 -9999 -9999 -9999 -9999 -9999 -9999 230 228 227 218 214 214 212 209 206 203 200 186 198 202 194 190 198 193 201 187 184 185 197 207 207 201 196 192 190 206 219 227 227 229 227 229 232 233 236 237 238 238 238
-9999 -9999 -9999 -9999 -9999 -9999 -9999 -9999 -9999 -9999 -9999 -9999 -9999 -9999 -9999 -9999 -9999 -9999 -9999 -9999 -9999 -9999 -9999 -9999 -9999 -9999 -9999 -9999 -9999 -9999 -9999 -9999 -9999 -9999 -9999 -9999 -9999 -9999 -9999 -9999 -9999 232 229 227 218 213 210 208 208 206 203 200 192 198 202 203 196 203 197 207 206 196 194 198 208 207 197 189 184 196 208 211 225 223 231 231 233 234 233 235 235 236 237 238
-9999 -9999 -9999 -9999 -9999 -9999 -9999 -9999 -9999 -9999 -9999 -9999 -9999 -9999 -9999 -9999 -9999 -9999 -9999 -9999 -9999 -9999 -9999 -9999 -9999 -9999 -9999 -9999 -9999 -9999 -9999 -9999 -9999 -9999 -9999 -9999 -9999 -9999 -9999 -9999 -9999 -9999 227 226 216 211 210 204 205 205 204 202 199 198 203 206 194 200 204 205 207 205 204 201 208 206 198 194 195 200 201 211 215 223 229 228 230 222 214 222 233 234 236 236
-9999 -9999 -9999 -9999 -9999 -9999 -9999 -9999 -9999 -9999 -9999 -9999 -9999 -9999 -9999 -9999 -9999 -9999 -9999 -9999 -9999 -9999 -9999 -9999 -9999 -9999 -9999 -9999 -9999 -9999 -9999 -9999 -9999 -9999 -9999 -9999 -9999 -9999 -9999 -9999 -9999 -9999 226 223 217 210 208 210 207 205 205 202 201 197 201 206 198 205 205 206 208 207 210 209 209 207 206 203 203 202 205 206 203 212 221 219 222 216 212 211 220 224 234 235
-9999 -9999 -9999 -9999 -9999 -9999 -9999 -9999 -9999 -9999 -9999 -9999 -9999 -9999 -9999 -9999 -9999 -9999 -9999 -9999 -9999 -9999 -9999 -9999 -9999 -9999 -9999 -9999 -9999 -9999 -9999 -9999 -9999 -9999 -9999 -9999 -9999 -9999 -9999 -9999 -9999 229 228 224 220 214 212 208 205 203 203 203 201 204 203 208 205 205 208 208 209 210 208 205 197 200 201 200 203 198 194 190 179 197 212 208 208 200 203 223 223 223 230 233
-9999 -9999 -9999 -9999 -9999 -9999 -9999 -9999 -9999 -9999 -9999 -9999 -9999 -9999 -9999 -9999 -9999 -9999 -9999 -9999 -9999 -9999 -9999 -9999 -9999 -9999 -9999 -9999 -9999 -9999 -9999 -9999 -9999 -9999 -9999 -9999 -9999 -9999 -9999 -9999 -9999 225 224 222 216 213 212 210 202 201 201 204 207 204 207 209 208 208 208 210 210 208 205 199 192 191 193 192 198 185 177 185 173 180 185 191 199 199 206 215 214 210 215 231
-9999 -9999 -9999 -9999 -9999 -9999 -9999 -9999 -9999 -9999 -9999 -9999 -9999 -9999 -9999 -9999 -9999 -9999 -9999 -9999 -9999 -9999 -9999 -9999 -9999 -9999 -9999 -9999 -9999 -9999 -9999 -9999 -9999 -9999 -9999 -9999 -9999 -9999 -9999 -9999 -9999 225 224 222 215 212 211 208 206 195 201 204 207 207 208 209 212 212 210 210 208 207 204 197 187 179 186 179 193 189 173 181 174 185 202 203 201 214 208 200 199 204 208 231
-9999 -9999 -9999 -9999 -9999 -9999 -9999 -9999 -9999 -9999 -9999 -9999 -9999 -9999 -9999 -9999 -9999 -9999 -9999 -9999 -9999 -9999 -9999 -9999 -9999 -9999 -9999 -9999 -9999 -9999 -9999 -9999 -9999 -9999 -9999 -9999 -9999 -9999 -9999 -9999 225 225 222 222 218 212 211 208 209 205 205 207 208 212 208 212 211 209 206 207 209 207 202 197 171 175 180 174 176 184 169 177 176 193 207 215 212 227 227 221 212 208 214 229
-9999 -9999 -9999 -9999 -9999 -9999 -9999 -9999 -9999 -9999 -9999 -9999 -9999 -9999 -9999 -9999 -9999 -9999 -9999 -9999 -9999 -9999 -9999 -9999 -9999 -9999 -9999 -9999 -9999 -9999 -9999 -9999 -9999 -9999 -9999 -9999 -9999 -9999 -9999 -9999 224 224 223 221 219 215 213 212 211 210 208 208 209 212 214 215 211 209 207 201 206 207 201 195 185 170 168 169 166 178 168 173 182 202 218 224 222 230 231 229 211 195 198 222
-9999 -9999 -9999 -9999 -9999 -9999 -9999 -9999 -9999 -9999 -9999 -9999 -9999 -9999 -9999 -9999 -9999 -9999 -9999 -9999 -9999 -9999 -9999 -9999 -9999 -9999 -9999 -9999 -9999 -9999 -9999 -9999 -9999 -9999 -9999 -9999 -9999 -9999 -9999 -9999 222 223 224 222 218 213 215 214 213 214 212 209 211 211 214 210 209 208 199 192 198 204 204 196 188 180 172 168 161 171 185 181 195 207 218 227 231 231 233 233 224 207 224 235
-9999 -9999 -9999 -9999 -9999 -9999 -9999 -9999 -9999 -9999 -9999 -9999 -9999 -9999 -9999 -9999 -9999 -9999 -9999 -9999 -9999 -9999 -9999 -9999 -9999 -9999 -9999 -9999 -9999 -9999 -9999 -9999 -9999 -9999 -9999 -9999 -9999 -9999 -9999 -9999 -9999 222 225 221 217 216 217 216 214 216 214 213 214 213 214 210 206 207 200 187 198 197 201 199 195 192 180 167 166 184 195 200 200 205 218 229 232 232 234 236 235 230 230 236
-9999 -9999 -9999 -9999 -9999 -9999 -9999 -9999 -9999 -9999 -9999 -9999 -9999 -9999 -9999 -9999 -9999 -9999 -9999 -9999 -9999 -9999 -9999 -9999 -9999 -9999 -9999 -9999 -9999 -9999 -9999 -9999 -9999 -9999 -9999 -9999 -9999 -9999 -9999 -9999 -9999 221 223 222 221 221 219 218 217 218 216 217 215 216 214 211 209 208 205 201 192 192 197 202 197 193 185 179 168 183 197 211 214 208 217 227 234 235 236 237 237 237 237 238
-9999 -9999 -9999 -9999 -9999 -9999 -9999 -9999 -9999 -9999 -9999 -9999 -9999 -9999 -9999 -9999 -9999 -9999 -9999 -9999 -9999 -9999 -9999 -9999 -9999 -9999 -9999 -9999 -9999 -9999 -9999 -9999 -9999 -9999 223 221 -9999 -9999 -9999 -9999 -9999 218 218 221 221 222 222 221 219 220 218 218 214 214 214 212 210 209 207 205 201 200 198 188 193 195 194 186 175 192 204 213 223 226 213 221 232 236 237 238 238 239 239 240
-9999 -9999 -9999 -9999 -9999 -9999 -9999 -9999 -9999 -9999 -9999 -9999 -9999 -9999 -9999 -9999 -9999 -9999 -9999 -9999 -9999 -9999 -9999 -9999 -9999 -9999 -9999 -9999 -9999 -9999 -9999 -9999 -9999 222 221 220 218 -9999 -9999 -9999 -9999 217 218 218 219 221 221 220 218 218 216 216 214 213 212 212 211 209 208 207 205 205 202 196 189 193 191 186 189 203 209 213 225 231 232 220 234 235 237 237 238 239 240 240
-9999 -9999 -9999 -9999 -9999 -9999 -9999 -9999 -9999 -9999 -9999 -9999 -9999 -9999 -9999 -9999 -9999 -9999 -9999 -9999 -9999 -9999 -9999 -9999 -9999 -9999 -9999 -9999 -9999 -9999 -9999 -9999 -9999 220 218 219 218 216 -9999 -9999 -9999 215 217 216 217 219 219 218 217 216 215 214 214 211 212 212 210 210 209 208 207 207 205 198 193 188 189 189 208 208 219 217 231 233 231 221 232 236 238 238 238 239 240 240
-9999 -9999 -9999 -9999 -9999 -9999 -9999 -9999 -9999 -9999 -9999 -9999 -9999 -9999 -9999 -9999 -9999 -9999 -9999 -9999 -9999 -9999 -9999 -9999 -9999 -9999 -9999 -9999 -9999 -9999 -9999 -9999 -9999 220 216 218 218 215 -9999 -9999 215 215 215 215 216 218 218 217 216 215 213 212 211 209 210 209 210 208 208 208 207 204 205 201 193 187 187 198 212 219 227 228 231 234 234 219 233 236 238 239 239 239 240 240
-9999 -9999 -9999 -9999 -9999 -9999 -9999 -9999 -9999 -9999 -9999 -9999 -9999 -9999 -9999 -9999 -9999 -9999 -9999 -9999 -9999 -9999 -9999 -9999 -9999 -9999 -9999 -9999 -9999 -9999 -9999 -9999 -9999 220 217 215 216 216 213 -9999 -9999 214 213 213 214 213 217 215 214 215 213 209 209 209 208 207 208 207 207 207 199 198 195 194 199 185 181 196 208 222 230 232 233 235 235 235 237 237 238 239 239 240 240 240
-9999 -9999 -9999 -9999 -9999 -9999 -9999 -9999 -9999 -9999 -9999 -9999 -9999 -9999 -9999 -9999 -9999 -9999 -9999 -9999 -9999 -9999 -9999 -9999 -9999 -9999 -9999 -9999 -9999 -9999 -9999 -9999 -9999 221 216 216 215 214 214 -9999 215 214 213 213 212 212 215 215 213 214 213 211 208 208 208 208 208 207 208 208 203 204 204 195 196 192 182 191 206 227 231 233 234 236 236 237 237 238 238 239 239 239 240 239
-9999 -9999 -9999 -9999 -9999 -9999 -9999 -9999 -9999 -9999 -9999 -9999 -9999 -9999 -9999 -9999 -9999 -9999 -9999 -9999 -9999 -9999 -9999 -9999 -9999 -9999 -9999 -9999 -9999 -9999 -9999 -9999 -9999 219 218 216 214 212 213 212 213 215 213 211 209 211 213 214 213 212 212 211 209 209 209 208 208 208 209 209 207 207 206 208 207 206 196 191 208 213 230 234 235 236 236 237 238 238 238 238 239 239 239 239
