invasiveSpecies/multiSpecies/data/worldclim_KE/worldclim_KE_2050_BC26_Bio18.asc
ncols         347
nrows         295
xllcorner     36.068012264173
yllcorner     0.13039239511974
cellsize      0.0083333333333333
NODATA_value  -9999
[rows 222 to 258 of 295, columns 168 to 251 of 347]
238 230 222 214 210 207 207 217 220 226 214 220 203 195 189 187 183 181 181 181 179 179 177 177 179 177 178 179 182 185 192 198 204 219 241 264 224 203 200 195 191 188 181 181 179 180 180 179 179 178 180 184 203 211 201 196 184 184 184 186 186 187 187 188 190 190 192 192 191 191 191 190 190 190 192 194 193 194 195 195 192 189 189 186
277 229 221 217 213 209 209 233 237 235 235 316 275 200 191 189 183 181 178 178 177 176 176 174 176 173 174 176 182 184 189 210 209 222 310 281 227 208 207 203 195 189 183 180 179 179 179 177 177 180 180 180 183 207 255 219 183 186 187 186 189 187 187 188 190 190 193 192 192 191 191 190 192 191 195 195 196 195 195 195 192 189 190 188
301 230 225 222 216 213 210 261 258 249 236 243 299 227 201 190 183 181 180 177 177 175 176 172 172 172 173 174 179 182 185 200 214 224 341 278 277 221 215 309 230 207 185 179 178 177 177 177 178 180 180 181 181 184 184 185 186 187 187 189 189 190 190 190 191 193 193 193 194 192 191 192 193 193 195 197 197 196 195 195 199 193 191 190
294 254 230 226 218 214 216 226 275 289 245 233 229 205 197 189 182 180 177 176 177 177 175 172 172 171 171 171 185 181 184 192 200 211 232 233 242 238 317 352 326 271 196 180 177 176 176 181 178 180 181 182 183 182 182 185 186 187 187 191 191 192 191 191 192 195 194 196 194 194 195 194 193 195 196 199 200 200 198 196 195 193 193 191
255 244 234 231 222 213 212 227 239 230 222 209 200 193 188 185 182 180 178 177 177 176 177 174 172 169 170 170 172 177 183 189 195 199 208 273 295 352 287 281 324 313 195 178 179 175 180 182 179 180 181 182 183 182 184 185 186 189 190 191 192 192 193 194 194 195 196 196 195 194 196 195 196 197 198 200 205 202 198 196 196 196 197 200
247 249 238 253 235 213 208 209 217 218 209 199 191 189 187 184 182 180 179 178 177 175 175 175 172 169 167 167 171 177 180 175 200 185 189 208 228 310 261 223 202 213 182 178 177 178 183 184 179 180 182 182 180 181 184 185 187 189 190 191 195 196 195 195 195 196 197 197 198 198 198 199 197 198 199 203 207 204 201 198 197 200 205 229
247 236 234 248 233 215 207 205 203 205 198 193 189 188 188 184 182 179 178 176 176 174 170 169 168 169 166 166 167 171 174 169 169 173 177 178 178 311 317 231 183 183 179 177 177 177 180 182 179 182 181 181 183 184 184 186 187 190 191 194 195 198 197 198 197 198 198 197 199 202 202 207 197 200 203 204 204 201 201 199 199 207 208 206
257 257 228 240 229 215 211 207 201 197 195 192 193 189 187 183 179 177 175 173 171 170 170 168 167 165 165 164 166 169 168 168 167 167 170 171 174 172 176 251 178 177 175 175 176 178 182 179 179 182 182 181 184 184 185 186 188 190 193 194 195 200 201 200 199 202 200 199 202 205 209 211 204 203 204 205 204 204 202 199 206 207 207 205
264 267 230 238 240 216 214 214 206 198 195 195 192 188 185 181 177 174 175 174 171 169 169 167 164 164 164 163 164 166 166 167 166 166 168 168 171 172 173 174 176 177 178 176 177 178 179 182 183 184 182 185 184 187 188 188 189 190 194 196 199 200 202 202 202 203 204 213 207 208 208 208 205 205 207 207 205 205 206 207 208 208 207 -9999
230 223 218 224 223 218 214 208 205 200 197 194 192 189 186 180 180 183 181 171 169 168 168 168 165 165 164 164 164 165 166 166 167 167 170 171 172 173 174 176 177 178 177 178 178 179 181 184 185 185 186 187 188 189 191 192 193 196 199 202 203 206 205 205 206 206 208 212 211 212 -9999 -9999 208 210 213 210 206 209 209 209 209 208 206 -9999
222 214 213 218 230 220 218 210 206 205 200 194 189 188 189 182 191 189 172 171 171 169 169 167 166 163 163 164 164 165 165 166 168 171 173 172 172 173 175 176 177 178 178 179 178 179 181 184 185 187 186 187 189 195 195 193 196 200 201 203 207 207 207 208 210 210 213 216 -9999 -9999 -9999 -9999 210 212 211 214 212 211 211 212 217 207 -9999 -9999
217 210 208 215 232 220 220 211 200 202 213 195 188 188 190 191 191 174 173 173 168 166 164 163 164 162 163 165 169 167 169 170 171 177 176 177 178 175 180 181 181 181 179 179 180 180 183 186 186 187 188 191 197 198 197 201 202 204 205 208 209 210 211 212 213 211 -9999 -9999 -9999 -9999 -9999 -9999 -9999 213 213 217 215 211 213 214 219 218 -9999 -9999
212 204 204 206 258 213 226 215 199 200 193 191 184 188 200 198 188 175 178 168 163 161 161 160 161 162 163 168 169 181 167 170 174 178 179 182 183 183 184 185 184 186 180 179 180 181 185 187 187 188 192 196 199 199 202 202 204 207 211 213 215 214 215 -9999 -9999 -9999 -9999 -9999 -9999 -9999 -9999 -9999 -9999 -9999 216 218 218 216 214 217 -9999 -9999 -9999 -9999
207 202 202 202 216 210 236 232 201 193 189 184 179 180 194 197 181 175 166 163 160 159 159 158 160 162 164 168 170 177 172 173 176 181 181 182 183 185 186 185 186 186 184 182 183 184 188 188 190 193 195 199 202 202 202 205 209 209 213 219 219 -9999 -9999 -9999 -9999 -9999 -9999 -9999 -9999 -9999 -9999 -9999 -9999 -9999 -9999 -9999 223 221 -9999 -9999 -9999 -9999 -9999 -9999
205 200 197 200 206 203 210 208 199 192 189 185 177 193 185 176 178 166 162 160 159 158 158 158 159 160 172 172 173 176 183 178 178 183 183 184 184 186 189 190 189 190 187 184 183 187 190 191 192 194 200 201 204 205 206 208 210 214 217 -9999 -9999 -9999 -9999 -9999 -9999 -9999 -9999 -9999 -9999 -9999 -9999 -9999 -9999 -9999 -9999 -9999 -9999 -9999 -9999 -9999 -9999 -9999 -9999 -9999
200 194 194 198 203 202 205 207 202 192 196 221 177 173 186 171 165 162 160 160 158 158 158 158 162 168 174 175 174 177 183 182 179 182 184 185 187 189 190 191 196 204 196 185 187 190 191 192 198 199 202 204 207 209 208 208 214 -9999 -9999 -9999 -9999 -9999 -9999 -9999 -9999 -9999 -9999 -9999 -9999 -9999 -9999 -9999 -9999 -9999 -9999 -9999 -9999 -9999 -9999 -9999 -9999 -9999 -9999 -9999
196 193 190 194 198 199 202 207 198 189 192 187 173 171 169 165 163 160 160 168 157 157 160 160 167 168 175 177 175 178 181 182 182 184 186 186 190 190 193 194 203 214 284 196 189 194 193 196 199 200 203 207 211 212 212 -9999 -9999 -9999 -9999 -9999 -9999 -9999 -9999 -9999 -9999 -9999 -9999 -9999 -9999 -9999 -9999 -9999 -9999 -9999 -9999 -9999 -9999 -9999 -9999 -9999 -9999 -9999 -9999 -9999
191 190 188 190 193 201 202 206 187 181 186 181 171 168 167 164 162 160 160 160 160 160 163 166 169 171 172 179 176 178 181 183 184 188 193 190 191 194 195 207 335 484 351 203 195 196 200 199 201 202 206 210 -9999 -9999 -9999 -9999 -9999 -9999 -9999 -9999 -9999 -9999 -9999 -9999 -9999 -9999 -9999 -9999 -9999 -9999 -9999 -9999 -9999 -9999 -9999 -9999 -9999 -9999 -9999 -9999 -9999 -9999 -9999 -9999
189 187 186 189 189 197 201 203 179 177 179 176 171 167 165 164 163 161 164 162 162 162 167 169 173 173 178 180 183 180 182 184 187 188 193 192 195 198 199 218 350 438 231 218 204 202 202 202 207 210 -9999 -9999 -9999 -9999 -9999 -9999 -9999 -9999 -9999 -9999 -9999 -9999 -9999 -9999 -9999 -9999 -9999 -9999 -9999 -9999 -9999 -9999 -9999 -9999 -9999 -9999 -9999 -9999 -9999 -9999 -9999 -9999 -9999 -9999
193 189 186 185 186 189 194 182 178 176 177 174 171 169 166 171 168 168 166 166 166 169 171 173 174 176 181 184 186 188 187 187 189 191 194 196 198 201 205 217 261 273 324 224 321 215 210 207 -9999 -9999 -9999 -9999 -9999 -9999 -9999 -9999 -9999 -9999 -9999 -9999 -9999 -9999 -9999 -9999 -9999 -9999 -9999 -9999 -9999 -9999 -9999 -9999 -9999 -9999 -9999 -9999 -9999 -9999 -9999 -9999 -9999 -9999 -9999 -9999
215 214 196 185 182 182 181 181 178 176 175 172 171 170 173 172 171 168 169 168 171 172 176 176 177 178 183 187 190 192 192 188 190 194 196 197 200 203 209 216 249 271 414 398 390 213 -9999 -9999 -9999 -9999 -9999 -9999 -9999 -9999 -9999 -9999 -9999 -9999 -9999 -9999 -9999 -9999 -9999 -9999 -9999 -9999 -9999 -9999 -9999 -9999 -9999 -9999 -9999 -9999 -9999 -9999 -9999 -9999 -9999 -9999 -9999 -9999 -9999 -9999
217 210 207 203 191 182 184 180 181 178 177 173 172 171 172 174 173 172 172 173 177 177 179 178 179 180 183 190 193 194 194 191 193 195 198 200 203 207 211 220 238 339 465 441 -9999 -9999 -9999 -9999 -9999 -9999 -9999 -9999 -9999 -9999 -9999 -9999 -9999 -9999 -9999 -9999 -9999 -9999 -9999 -9999 -9999 -9999 -9999 -9999 -9999 -9999 -9999 -9999 -9999 -9999 -9999 -9999 -9999 -9999 -9999 -9999 -9999 -9999 -9999 -9999
220 209 206 202 200 190 187 183 183 182 178 176 174 174 177 174 174 174 174 179 181 181 182 181 182 183 185 189 194 197 198 196 196 197 201 204 206 209 212 220 235 -9999 -9999 -9999 -9999 -9999 -9999 -9999 -9999 -9999 -9999 -9999 -9999 -9999 -9999 -9999 -9999 -9999 -9999 -9999 -9999 -9999 -9999 -9999 -9999 -9999 -9999 -9999 -9999 -9999 -9999 -9999 -9999 -9999 -9999 -9999 -9999 -9999 -9999 -9999 -9999 -9999 -9999 -9999
213 209 206 202 193 193 194 189 195 193 184 181 178 179 180 179 178 180 182 182 183 184 186 185 187 186 188 190 197 200 199 200 199 202 204 206 210 215 -9999 -9999 -9999 -9999 -9999 -9999 -9999 -9999 -9999 -9999 -9999 -9999 -9999 -9999 -9999 -9999 -9999 -9999 -9999 -9999 -9999 -9999 -9999 -9999 -9999 -9999 -9999 -9999 -9999 -9999 -9999 -9999 -9999 -9999 -9999 -9999 -9999 -9999 -9999 -9999 -9999 -9999 -9999 -9999 -9999 -9999
214 209 208 205 205 202 201 198 195 193 189 186 185 183 183 181 182 183 183 185 186 188 190 191 188 190 191 192 193 201 200 202 203 204 207 -9999 -9999 -9999 -9999 -9999 -9999 -9999 -9999 -9999 -9999 -9999 -9999 -9999 -9999 -9999 -9999 -9999 -9999 -9999 -9999 -9999 -9999 -9999 -9999 -9999 -9999 -9999 -9999 -9999 -9999 -9999 -9999 -9999 -9999 -9999 -9999 -9999 -9999 -9999 -9999 -9999 -9999 -9999 -9999 -9999 -9999 -9999 -9999 -9999
219 216 209 207 206 205 202 199 196 195 195 191 189 187 187 186 188 186 188 189 189 190 192 191 193 194 193 196 197 204 204 205 -9999 -9999 -9999 -9999 -9999 -9999 -9999 -9999 -9999 -9999 -9999 -9999 -9999 -9999 -9999 -9999 -9999 -9999 -9999 -9999 -9999 -9999 -9999 -9999 -9999 -9999 -9999 -9999 -9999 -9999 -9999 -9999 -9999 -9999 -9999 -9999 -9999 -9999 -9999 -9999 -9999 -9999 -9999 -9999 -9999 -9999 -9999 -9999 -9999 -9999 -9999 -9999
221 218 212 208 208 209 207 203 199 200 197 194 191 189 191 191 192 190 190 191 192 192 194 195 194 196 197 198 200 -9999 -9999 -9999 -9999 -9999 -9999 -9999 -9999 -9999 -9999 -9999 -9999 -9999 -9999 -9999 -9999 -9999 -9999 -9999 -9999 -9999 -9999 -9999 -9999 -9999 -9999 -9999 -9999 -9999 -9999 -9999 -9999 -9999 -9999 -9999 -9999 -9999 -9999 -9999 -9999 -9999 -9999 -9999 -9999 -9999 -9999 -9999 -9999 -9999 -9999 -9999 -9999 -9999 -9999 -9999
221 218 214 216 213 215 213 207 203 200 198 195 192 192 193 193 194 194 194 194 195 196 196 197 200 200 -9999 -9999 -9999 -9999 -9999 -9999 -9999 -9999 -9999 -9999 -9999 -9999 -9999 -9999 -9999 -9999 -9999 -9999 -9999 -9999 -9999 -9999 -9999 -9999 -9999 -9999 -9999 -9999 -9999 -9999 -9999 -9999 -9999 -9999 -9999 -9999 -9999 -9999 -9999 -9999 -9999 -9999 -9999 -9999 -9999 -9999 -9999 -9999 -9999 -9999 -9999 -9999 -9999 -9999 -9999 -9999 -9999 -9999
224 224 236 225 221 222 222 214 206 200 197 195 195 195 196 195 197 196 196 196 197 198 199 -9999 -9999 -9999 -9999 -9999 -9999 -9999 -9999 -9999 -9999 -9999 -9999 -9999 -9999 -9999 -9999 -9999 -9999 -9999 -9999 -9999 -9999 -9999 -9999 -9999 -9999 -9999 -9999 -9999 -9999 -9999 -9999 -9999 -9999 -9999 -9999 -9999 -9999 -9999 -9999 -9999 -9999 -9999 -9999 -9999 -9999 -9999 -9999 -9999 -9999 -9999 -9999 -9999 -9999 -9999 -9999 -9999 -9999 -9999 -9999 -9999
226 234 240 238 228 232 235 221 210 206 201 200 201 198 198 198 198 198 199 199 198 -9999 -9999 -9999 -9999 -9999 -9999 -9999 -9999 -9999 -9999 -9999 -9999 -9999 -9999 -9999 -9999 -9999 -9999 -9999 -9999 -9999 -9999 -9999 -9999 -9999 -9999 -9999 -9999 -9999 -9999 -9999 -9999 -9999 -9999 -9999 -9999 -9999 -9999 -9999 -9999 -9999 -9999 -9999 -9999 -9999 -9999 -9999 -9999 -9999 -9999 -9999 -9999 -9999 -9999 -9999 -9999 -9999 -9999 -9999 -9999 -9999 -9999 -9999
238 253 247 248 241 240 240 226 215 214 206 206 204 201 202 200 201 201 -9999 -9999 -9999 -9999 -9999 -9999 -9999 -9999 -9999 -9999 -9999 -9999 -9999 -9999 -9999 -9999 -9999 -9999 -9999 -9999 -9999 -9999 -9999 -9999 -9999 -9999 -9999 -9999 -9999 -9999 -9999 -9999 -9999 -9999 -9999 -9999 -9999 -9999 -9999 -9999 -9999 -9999 -9999 -9999 -9999 -9999 -9999 -9999 -9999 -9999 -9999 -9999 -9999 -9999 -9999 -9999 -9999 -9999 -9999 -9999 -9999 -9999 -9999 -9999 -9999 -9999
243 285 301 307 255 247 273 240 222 218 212 207 205 205 204 -9999 -9999 -9999 -9999 -9999 -9999 -9999 -9999 -9999 -9999 -9999 -9999 -9999 -9999 -9999 -9999 -9999 -9999 -9999 -9999 -9999 -9999 -9999 -9999 -9999 -9999 -9999 -9999 -9999 -9999 -9999 -9999 -9999 -9999 -9999 -9999 -9999 -9999 -9999 -9999 -9999 -9999 -9999 -9999 -9999 -9999 -9999 -9999 -9999 -9999 -9999 -9999 -9999 -9999 -9999 -9999 -9999 -9999 -9999 -9999 -9999 -9999 -9999 -9999 -9999 -9999 -9999 -9999 -9999
257 268 343 335 299 277 287 243 232 225 215 208 208 208 -9999 -9999 -9999 -9999 -9999 -9999 -9999 -9999 -9999 -9999 -9999 -9999 -9999 -9999 -9999 -9999 -9999 -9999 -9999 -9999 -9999 -9999 -9999 -9999 -9999 -9999 -9999 -9999 -9999 -9999 -9999 -9999 -9999 -9999 -9999 -9999 -9999 -9999 -9999 -9999 -9999 -9999 -9999 -9999 -9999 -9999 -9999 -9999 -9999 -9999 -9999 -9999 -9999 -9999 -9999 -9999 -9999 -9999 -9999 -9999 -9999 -9999 -9999 -9999 -9999 -9999 -9999 -9999 -9999 -9999
256 265 322 327 302 265 259 243 237 225 217 212 210 210 -9999 -9999 -9999 -9999 -9999 -9999 -9999 -9999 -9999 -9999 -9999 -9999 -9999 -9999 -9999 -9999 -9999 -9999 -9999 -9999 -9999 -9999 -9999 -9999 -9999 -9999 -9999 -9999 -9999 -9999 -9999 -9999 -9999 -9999 -9999 -9999 -9999 -9999 -9999 -9999 -9999 -9999 -9999 -9999 -9999 -9999 -9999 -9999 -9999 -9999 -9999 -9999 -9999 -9999 -9999 -9999 -9999 -9999 -9999 -9999 -9999 -9999 -9999 -9999 -9999 -9999 -9999 -9999 -9999 -9999
260 266 292 343 318 336 341 321 261 224 217 214 214 213 -9999 -9999 -9999 -9999 -9999 -9999 -9999 -9999 -9999 -9999 -9999 -9999 -9999 -9999 -9999 -9999 -9999 -9999 -9999 -9999 -9999 -9999 -9999 -9999 -9999 -9999 -9999 -9999 -9999 -9999 -9999 -9999 -9999 -9999 -9999 -9999 -9999 -9999 -9999 -9999 -9999 -9999 -9999 -9999 -9999 -9999 -9999 -9999 -9999 -9999 -9999 -9999 -9999 -9999 -9999 -9999 -9999 -9999 -9999 -9999 -9999 -9999 -9999 -9999 -9999 -9999 -9999 -9999 -9999 -9999
323 270 279 339 330 358 355 359 341 230 219 219 216 215 -9999 -9999 -9999 -9999 -9999 -9999 -9999 -9999 -9999 -9999 -9999 -9999 -9999 -9999 -9999 -9999 -9999 -9999 -9999 -9999 -9999 -9999 -9999 -9999 -9999 -9999 -9999 -9999 -9999 -9999 -9999 -9999 -9999 -9999 -9999 -9999 -9999 -9999 -9999 -9999 -9999 -9999 -9999 -9999 -9999 -9999 -9999 -9999 -9999 -9999 -9999 -9999 -9999 -9999 -9999 -9999 -9999 -9999 -9999 -9999 -9999 -9999 -9999 -9999 -9999 -9999 -9999 -9999 -9999 -9999
275 281 282 325 344 338 275 264 271 236 226 221 219 218 -9999 -9999 -9999 -9999 -9999 -9999 -9999 -9999 -9999 -9999 -9999 -9999 -9999 -9999 -9999 -9999 -9999 -9999 -9999 -9999 -9999 -9999 -9999 -9999 -9999 -9999 -9999 -9999 -9999 -9999 -9999 -9999 -9999 -9999 -9999 -9999 -9999 -9999 -9999 -9999 -9999 -9999 -9999 -9999 -9999 -9999 -9999 -9999 -9999 -9999 -9999 -9999 -9999 -9999 -9999 -9999 -9999 -9999 -9999 -9999 -9999 -9999 -9999 -9999 -9999 -9999 -9999 -9999 -9999 -9999
