invasiveSpecies/multiSpecies/data/worldclim_KE/worldclim_KE_2050_BC26_Bio4.asc
ncols         347
nrows         295
xllcorner     36.068012264173
yllcorner     0.13039239511974
cellsize      0.0083333333333333
NODATA_value  -9999
[rows 148 to 184 of 295, columns 84 to 167 of 347]
-9999 -9999 -9999 -9999 -9999 -9999 -9999 -9999 -9999 -9999 -9999 -9999 -9999 -9999 -9999 -9999 -9999 -9999 -9999 -9999 -9999 -9999 -9999 -9999 -9999 -9999 -9999 -9999 -9999 -9999 -9999 -9999 -9999 -9999 -9999 -9999 -9999 -9999 -9999 -9999 -9999 778 795 783 797 825 819 853 862 847 828 829 840 884 909 912 909 892 864 833 821 798 788 787 808 776 788 790 792 788 777 802 756 766 772 757 763 806 772 762 752 762 791 757
-9999 -9999 -9999 -9999 -9999 -9999 -9999 -9999 -9999 -9999 -9999 -9999 -9999 -9999 -9999 -9999 -9999 -9999 -9999 -9999 -9999 -9999 -9999 -9999 -9999 -9999 -9999 -9999 -9999 -9999 -9999 -9999 -9999 -9999 -9999 -9999 -9999 -9999 -9999 -9999 -9999 800 780 809 797 799 808 858 847 855 843 829 807 854 885 885 898 899 898 852 826 793 776 788 805 776 764 773 786 788 749 761 787 757 799 792 782 752 753 793 750 785 754 791
-9999 -9999 -9999 -9999 -9999 -9999 -9999 -9999 -9999 -9999 -9999 -9999 -9999 -9999 -9999 -9999 -9999 -9999 -9999 -9999 -9999 -9999 -9999 -9999 -9999 -9999 -9999 -9999 -9999 -9999 -9999 -9999 -9999 -9999 -9999 -9999 -9999 -9999 -9999 -9999 -9999 794 778 790 788 815 820 873 852 880 840 850 815 842 843 828 853 855 899 867 838 823 824 804 785 815 793 773 793 783 788 783 791 795 806 798 759 759 748 748 763 759 751 787
-9999 -9999 -9999 -9999 -9999 -9999 -9999 -9999 -9999 -9999 -9999 -9999 -9999 -9999 -9999 -9999 -9999 -9999 -9999 -9999 -9999 -9999 -9999 -9999 -9999 -9999 -9999 -9999 -9999 -9999 -9999 -9999 -9999 -9999 -9999 -9999 -9999 -9999 -9999 -9999 -9999 785 786 792 812 828 831 848 867 882 846 843 825 830 831 843 850 853 905 897 867 852 848 834 801 821 794 767 785 762 774 764 777 795 767 767 745 765 770 749 749 777 755 751
-9999 -9999 -9999 -9999 -9999 -9999 -9999 -9999 -9999 -9999 -9999 -9999 -9999 -9999 -9999 -9999 -9999 -9999 -9999 -9999 -9999 -9999 -9999 -9999 -9999 -9999 -9999 -9999 -9999 -9999 -9999 -9999 -9999 -9999 -9999 -9999 -9999 -9999 -9999 -9999 -9999 765 785 781 792 829 837 826 834 857 870 825 851 849 862 864 850 847 891 886 870 876 879 887 808 813 799 762 780 773 769 761 770 773 761 773 786 789 762 787 749 777 760 755
-9999 -9999 -9999 -9999 -9999 -9999 -9999 -9999 -9999 -9999 -9999 -9999 -9999 -9999 -9999 -9999 -9999 -9999 -9999 -9999 -9999 -9999 -9999 -9999 -9999 -9999 -9999 -9999 -9999 -9999 -9999 -9999 -9999 -9999 -9999 -9999 -9999 -9999 -9999 -9999 -9999 771 766 795 781 824 862 862 835 865 906 841 893 861 869 885 883 878 846 829 875 860 872 875 865 851 816 792 772 772 760 771 771 757 764 768 775 771 777 777 749 752 762 769
-9999 -9999 -9999 -9999 -9999 -9999 -9999 -9999 -9999 -9999 -9999 -9999 -9999 -9999 -9999 -9999 -9999 -9999 -9999 -9999 -9999 -9999 -9999 -9999 -9999 -9999 -9999 -9999 -9999 -9999 -9999 -9999 -9999 -9999 -9999 -9999 -9999 -9999 -9999 -9999 -9999 -9999 775 786 801 807 836 853 849 894 905 921 858 859 881 905 888 835 851 827 856 872 845 839 850 840 806 781 788 775 757 757 776 764 774 770 766 777 768 766 779 762 764 760
-9999 -9999 -9999 -9999 -9999 -9999 -9999 -9999 -9999 -9999 -9999 -9999 -9999 -9999 -9999 -9999 -9999 -9999 -9999 -9999 -9999 -9999 -9999 -9999 -9999 -9999 -9999 -9999 -9999 -9999 -9999 -9999 -9999 -9999 -9999 -9999 -9999 -9999 -9999 -9999 -9999 -9999 775 784 787 838 850 847 836 853 908 897 878 901 881 869 848 836 836 829 865 877 845 887 841 819 785 801 779 792 764 771 789 766 750 750 768 764 791 770 771 759 754 760
-9999 -9999 -9999 -9999 -9999 -9999 -9999 -9999 -9999 -9999 -9999 -9999 -9999 -9999 -9999 -9999 -9999 -9999 -9999 -9999 -9999 -9999 -9999 -9999 -9999 -9999 -9999 -9999 -9999 -9999 -9999 -9999 -9999 -9999 -9999 -9999 -9999 -9999 -9999 -9999 -9999 -9999 766 768 782 829 894 857 838 852 889 893 877 912 876 868 834 819 804 845 879 854 850 863 848 832 812 805 773 773 776 776 770 773 773 759 761 763 775 775 759 753 756 760
-9999 -9999 -9999 -9999 -9999 -9999 -9999 -9999 -9999 -9999 -9999 -9999 -9999 -9999 -9999 -9999 -9999 -9999 -9999 -9999 -9999 -9999 -9999 -9999 -9999 -9999 -9999 -9999 -9999 -9999 -9999 -9999 -9999 -9999 -9999 -9999 -9999 -9999 -9999 -9999 -9999 -9999 770 780 785 799 876 868 807 867 862 900 893 877 851 822 816 811 827 798 841 883 883 852 824 857 818 781 778 772 764 777 781 792 782 762 778 773 759 766 770 753 747 756
-9999 -9999 -9999 -9999 -9999 -9999 -9999 -9999 -9999 -9999 -9999 -9999 -9999 -9999 -9999 -9999 -9999 -9999 -9999 -9999 -9999 -9999 -9999 -9999 -9999 -9999 -9999 -9999 -9999 -9999 -9999 -9999 -9999 -9999 -9999 -9999 -9999 -9999 -9999 -9999 -9999 761 765 794 784 826 863 819 808 836 840 863 865 874 860 840 822 807 830 805 845 874 861 846 809 816 847 827 772 770 776 791 800 804 795 794 792 777 759 766 751 760 762 760
-9999 -9999 -9999 -9999 -9999 -9999 -9999 -9999 -9999 -9999 -9999 -9999 -9999 -9999 -9999 -9999 -9999 -9999 -9999 -9999 -9999 -9999 -9999 -9999 -9999 -9999 -9999 -9999 -9999 -9999 -9999 -9999 -9999 -9999 -9999 -9999 -9999 -9999 -9999 -9999 -9999 777 795 774 779 808 836 805 832 827 825 829 861 858 847 827 805 835 797 818 809 837 817 850 857 847 834 862 813 808 769 806 783 778 761 775 771 773 765 770 763 757 750 760
-9999 -9999 -9999 -9999 -9999 -9999 -9999 -9999 -9999 -9999 -9999 -9999 -9999 -9999 -9999 -9999 -9999 -9999 -9999 -9999 -9999 -9999 -9999 -9999 -9999 -9999 -9999 -9999 -9999 -9999 -9999 -9999 -9999 -9999 -9999 -9999 -9999 -9999 -9999 -9999 766 799 776 775 785 807 808 796 795 815 839 871 874 866 882 830 799 819 827 836 832 855 834 840 857 838 816 818 824 836 811 794 781 765 771 778 768 769 774 760 769 777 750 764
-9999 -9999 -9999 -9999 -9999 -9999 -9999 -9999 -9999 -9999 -9999 -9999 -9999 -9999 -9999 -9999 -9999 -9999 -9999 -9999 -9999 -9999 -9999 -9999 -9999 -9999 -9999 -9999 -9999 -9999 -9999 -9999 -9999 -9999 -9999 -9999 -9999 -9999 -9999 -9999 764 785 789 795 773 793 786 809 805 810 810 854 862 856 826 813 827 818 822 802 821 816 845 819 845 804 805 825 818 810 777 763 770 750 763 759 752 763 768 759 771 763 771 753
-9999 -9999 -9999 -9999 -9999 -9999 -9999 -9999 -9999 -9999 -9999 -9999 -9999 -9999 -9999 -9999 -9999 -9999 -9999 -9999 -9999 -9999 -9999 -9999 -9999 -9999 -9999 -9999 -9999 -9999 -9999 -9999 -9999 -9999 -9999 -9999 -9999 -9999 -9999 -9999 789 785 773 776 755 798 800 801 794 807 826 818 871 849 870 832 836 809 839 832 821 843 839 827 808 844 827 808 819 794 765 771 770 763 759 756 755 759 755 768 759 751 768 768
-9999 -9999 -9999 -9999 -9999 -9999 -9999 -9999 -9999 -9999 -9999 -9999 -9999 -9999 -9999 -9999 -9999 -9999 -9999 -9999 -9999 -9999 -9999 -9999 -9999 -9999 -9999 -9999 -9999 -9999 -9999 -9999 -9999 -9999 -9999 -9999 -9999 -9999 -9999 -9999 -9999 766 765 783 798 797 845 826 806 806 803 838 847 872 859 821 863 830 829 825 820 829 847 795 821 806 810 828 810 808 773 772 761 774 757 760 744 741 755 745 740 768 751 753
-9999 -9999 -9999 -9999 -9999 -9999 -9999 -9999 -9999 -9999 -9999 -9999 -9999 -9999 -9999 -9999 -9999 -9999 -9999 -9999 -9999 -9999 -9999 -9999 -9999 -9999 -9999 -9999 -9999 -9999 -9999 -9999 -9999 -9999 -9999 -9999 -9999 -9999 -9999 -9999 -9999 772 758 792 816 794 865 826 814 812 844 858 856 842 851 832 836 853 825 843 814 853 818 809 808 803 825 830 815 820 780 772 766 766 759 757 734 756 743 755 756 766 757 747
-9999 -9999 -9999 -9999 -9999 -9999 -9999 -9999 -9999 -9999 -9999 -9999 -9999 -9999 -9999 -9999 -9999 -9999 -9999 -9999 -9999 -9999 -9999 -9999 -9999 -9999 -9999 -9999 -9999 -9999 -9999 -9999 -9999 -9999 -9999 -9999 -9999 -9999 -9999 -9999 -9999 796 778 761 776 806 802 812 799 818 820 851 842 851 841 840 831 814 837 818 812 825 818 793 783 799 799 807 793 793 769 773 773 747 748 752 760 745 737 754 752 771 766 748
-9999 -9999 -9999 -9999 -9999 -9999 -9999 -9999 -9999 -9999 -9999 -9999 -9999 -9999 -9999 -9999 -9999 -9999 -9999 -9999 -9999 -9999 -9999 -9999 -9999 -9999 -9999 -9999 -9999 -9999 -9999 -9999 -9999 -9999 -9999 -9999 -9999 -9999 -9999 -9999 -9999 776 773 796 804 814 786 799 839 805 820 839 832 819 808 855 814 830 816 819 807 813 813 807 796 784 795 809 816 802 777 737 751 752 757 745 756 753 742 762 749 748 738 749
-9999 -9999 -9999 -9999 -9999 -9999 -9999 -9999 -9999 -9999 -9999 -9999 -9999 -9999 -9999 -9999 -9999 -9999 -9999 -9999 -9999 -9999 -9999 -9999 -9999 -9999 -9999 -9999 -9999 -9999 -9999 -9999 -9999 -9999 -9999 -9999 -9999 -9999 -9999 -9999 -9999 763 771 784 784 797 825 799 793 799 824 840 838 820 811 808 808 808 815 814 784 812 813 800 780 797 809 799 813 796 763 774 741 743 757 740 741 731 751 735 748 774 744 734
-9999 -9999 -9999 -9999 -9999 -9999 -9999 -9999 -9999 -9999 -9999 -9999 -9999 -9999 -9999 -9999 -9999 -9999 -9999 -9999 -9999 -9999 -9999 -9999 -9999 -9999 -9999 -9999 -9999 -9999 -9999 -9999 -9999 -9999 -9999 -9999 -9999 -9999 -9999 -9999 -9999 -9999 759 771 784 814 767 823 800 785 809 805 837 834 812 798 823 822 797 795 775 781 796 798 777 787 797 796 797 789 770 763 767 757 750 750 739 752 773 762 738 762 759 771
-9999 -9999 -9999 -9999 -9999 -9999 -9999 -9999 -9999 -9999 -9999 -9999 -9999 -9999 -9999 -9999 -9999 -9999 -9999 -9999 -9999 -9999 -9999 -9999 -9999 -9999 -9999 -9999 -9999 -9999 -9999 -9999 -9999 -9999 -9999 -9999 -9999 -9999 -9999 -9999 -9999 -9999 775 765 792 827 812 773 782 806 806 816 796 815 796 806 840 800 787 781 779 784 769 786 769 789 790 778 790 785 772 755 775 770 757 742 738 754 761 756 758 765 758 748
-9999 -9999 -9999 -9999 -9999 -9999 -9999 -9999 -9999 -9999 -9999 -9999 -9999 -9999 -9999 -9999 -9999 -9999 -9999 -9999 -9999 -9999 -9999 -9999 -9999 -9999 -9999 -9999 -9999 -9999 -9999 -9999 -9999 -9999 -9999 -9999 -9999 -9999 -9999 -9999 -9999 766 758 778 791 774 786 810 793 815 808 799 796 799 821 772 789 779 769 790 784 769 791 775 791 781 796 795 772 790 779 786 790 773 754 771 774 757 763 750 759 759 748 742
-9999 -9999 -9999 -9999 -9999 -9999 -9999 -9999 -9999 -9999 -9999 -9999 -9999 -9999 -9999 -9999 -9999 -9999 -9999 -9999 -9999 -9999 -9999 -9999 -9999 -9999 -9999 -9999 -9999 -9999 -9999 -9999 -9999 -9999 -9999 -9999 -9999 -9999 -9999 -9999 -9999 762 763 761 778 774 782 780 799 808 808 766 783 834 776 780 778 770 784 770 756 784 777 781 799 807 793 790 780 802 780 788 784 786 793 777 758 760 748 764 752 742 760 745
-9999 -9999 -9999 -9999 -9999 -9999 -9999 -9999 -9999 -9999 -9999 -9999 -9999 -9999 -9999 -9999 -9999 -9999 -9999 -9999 -9999 -9999 -9999 -9999 -9999 -9999 -9999 -9999 -9999 -9999 -9999 -9999 -9999 -9999 -9999 -9999 -9999 -9999 -9999 -9999 -9999 762 781 760 765 782 783 799 809 813 810 794 791 788 770 782 790 771 789 784 784 784 779 800 792 797 788 775 794 788 764 786 766 784 767 767 777 739 757 763 769 761 759 741
-9999 -9999 -9999 -9999 -9999 -9999 -9999 -9999 -9999 -9999 -9999 -9999 -9999 -9999 -9999 -9999 -9999 -9999 -9999 -9999 -9999 -9999 -9999 -9999 -9999 -9999 -9999 -9999 -9999 -9999 -9999 -9999 -9999 -9999 -9999 -9999 -9999 -9999 -9999 -9999 775 775 762 761 766 760 780 797 784 797 786 796 793 780 788 785 769 790 770 763 756 764 777 777 790 780 791 774 797 791 768 775 768 779 774 755 734 749 751 748 752 758 746 748
-9999 -9999 -9999 -9999 -9999 -9999 -9999 -9999 -9999 -9999 -9999 -9999 -9999 -9999 -9999 -9999 -9999 -9999 -9999 -9999 -9999 -9999 -9999 -9999 -9999 -9999 -9999 -9999 -9999 -9999 -9999 -9999 -9999 -9999 -9999 -9999 -9999 -9999 -9999 -9999 788 775 775 775 791 773 773 773 776 784 786 776 792 769 761 761 769 790 758 785 770 758 784 805 788 791 792 752 766 797 765 782 777 778 747 726 747 738 740 727 752 750 754 720
-9999 -9999 -9999 -9999 -9999 -9999 -9999 -9999 -9999 -9999 -9999 -9999 -9999 -9999 -9999 -9999 -9999 -9999 -9999 -9999 -9999 -9999 -9999 -9999 -9999 -9999 -9999 -9999 -9999 -9999 -9999 -9999 -9999 -9999 -9999 -9999 -9999 -9999 -9999 -9999 763 757 758 746 771 755 784 757 772 791 775 752 783 759 761 776 790 784 780 805 790 766 768 793 789 792 770 792 780 784 771 766 764 740 739 754 718 743 735 715 743 741 724 747
-9999 -9999 -9999 -9999 -9999 -9999 -9999 -9999 -9999 -9999 -9999 -9999 -9999 -9999 -9999 -9999 -9999 -9999 -9999 -9999 -9999 -9999 -9999 -9999 -9999 -9999 -9999 -9999 -9999 -9999 -9999 -9999 -9999 -9999 -9999 -9999 -9999 -9999 -9999 -9999 -9999 750 771 765 769 788 780 773 769 763 779 777 766 772 784 761 764 762 780 801 782 786 780 768 779 775 782 762 759 773 758 761 766 766 742 721 747 747 735 734 723 743 715 743
-9999 -9999 -9999 -9999 -9999 -9999 -9999 -9999 -9999 -9999 -9999 -9999 -9999 -9999 -9999 -9999 -9999 -9999 -9999 -9999 -9999 -9999 -9999 -9999 -9999 -9999 -9999 -9999 -9999 -9999 -9999 -9999 -9999 -9999 -9999 -9999 -9999 -9999 -9999 -9999 -9999 759 758 763 751 763 771 763 757 749 763 745 772 741 769 759 765 772 786 764 773 779 781 763 779 762 771 755 768 765 765 745 747 757 733 742 727 745 726 731 747 737 741 719
-9999 -9999 -9999 -9999 -9999 -9999 -9999 -9999 -9999 -9999 -9999 -9999 -9999 -9999 -9999 -9999 -9999 -9999 -9999 -9999 -9999 -9999 -9999 -9999 -9999 -9999 -9999 -9999 -9999 -9999 -9999 -9999 -9999 -9999 762 760 -9999 -9999 -9999 -9999 -9999 760 773 751 763 754 754 751 757 741 744 745 776 763 754 765 780 776 771 755 755 762 759 790 773 775 777 763 780 778 771 739 742 746 739 715 725 740 723 738 738 733 749 731
-9999 -9999 -9999 -9999 -9999 -9999 -9999 -9999 -9999 -9999 -9999 -9999 -9999 -9999 -9999 -9999 -9999 -9999 -9999 -9999 -9999 -9999 -9999 -9999 -9999 -9999 -9999 -9999 -9999 -9999 -9999 -9999 -9999 773 770 751 779 -9999 -9999 -9999 -9999 773 772 769 752 768 734 746 745 753 756 749 776 761 752 772 769 770 755 764 771 774 765 781 766 775 777 770 755 761 748 747 740 738 726 737 729 740 739 742 731 744 726 742
-9999 -9999 -9999 -9999 -9999 -9999 -9999 -9999 -9999 -9999 -9999 -9999 -9999 -9999 -9999 -9999 -9999 -9999 -9999 -9999 -9999 -9999 -9999 -9999 -9999 -9999 -9999 -9999 -9999 -9999 -9999 -9999 -9999 773 773 762 769 770 -9999 -9999 -9999 773 763 770 773 750 755 753 752 754 750 766 765 772 765 741 776 731 772 773 765 734 757 754 759 770 758 756 736 745 743 751 743 744 749 740 740 740 731 739 742 752 730 733
-9999 -9999 -9999 -9999 -9999 -9999 -9999 -9999 -9999 -9999 -9999 -9999 -9999 -9999 -9999 -9999 -9999 -9999 -9999 -9999 -9999 -9999 -9999 -9999 -9999 -9999 -9999 -9999 -9999 -9999 -9999 -9999 -9999 731 769 762 769 763 -9999 -9999 779 766 766 761 760 746 748 753 757 770 760 748 766 767 745 752 730 764 768 739 733 780 768 766 774 760 773 769 748 753 730 736 749 744 726 719 717 728 743 738 745 736 739 735
-9999 -9999 -9999 -9999 -9999 -9999 -9999 -9999 -9999 -9999 -9999 -9999 -9999 -9999 -9999 -9999 -9999 -9999 -9999 -9999 -9999 -9999 -9999 -9999 -9999 -9999 -9999 -9999 -9999 -9999 -9999 -9999 -9999 753 762 769 784 769 758 -9999 -9999 769 766 755 741 766 745 754 745 744 749 774 774 766 770 746 764 777 777 730 784 762 764 765 773 765 762 740 748 742 749 720 738 726 741 717 729 745 738 744 743 712 738 718
-9999 -9999 -9999 -9999 -9999 -9999 -9999 -9999 -9999 -9999 -9999 -9999 -9999 -9999 -9999 -9999 -9999 -9999 -9999 -9999 -9999 -9999 -9999 -9999 -9999 -9999 -9999 -9999 -9999 -9999 -9999 -9999 -9999 739 769 750 763 753 748 -9999 769 769 743 776 777 760 759 755 749 749 752 745 770 766 742 748 755 774 777 748 757 773 773 769 770 761 772 766 747 730 736 728 742 738 728 726 739 728 735 717 738 720 717 744
-9999 -9999 -9999 -9999 -9999 -9999 -9999 -9999 -9999 -9999 -9999 -9999 -9999 -9999 -9999 -9999 -9999 -9999 -9999 -9999 -9999 -9999 -9999 -9999 -9999 -9999 -9999 -9999 -9999 -9999 -9999 -9999 -9999 753 783 769 758 766 755 751 752 755 763 746 763 772 743 755 757 749 754 752 760 749 755 733 756 736 736 763 773 735 763 748 747 731 759 765 748 730 731 738 738 738 735 728 726 717 743 746 726 750 736 721
