invasiveSpecies/multiSpecies/data/worldclim_KE/worldclim_KE_2050_BC85_Bio16.asc
ncols         347
nrows         295
xllcorner     36.068012264173
yllcorner     0.13039239511974
cellsize      0.0083333333333333
NODATA_value  -9999
[rows 222 to 258 of 295, columns 84 to 167 of 347]
-9999 -9999 -9999 -9999 -9999 -9999 -9999 -9999 -9999 -9999 -9999 -9999 -9999 -9999 -9999 -9999 -9999 -9999 -9999 -9999 -9999 -9999 -9999 -9999 -9999 -9999 -9999 -9999 -9999 -9999 -9999 -9999 -9999 -9999 -9999 -9999 -9999 -9999 -9999 -9999 -9999 -9999 -9999 -9999 -9999 -9999 -9999 -9999 -9999 -9999 -9999 -9999 -9999 366 352 353 353 357 354 344 338 325 323 331 337 340 349 349 358 362 358 354 350 341 336 333 330 328 328 331 336 337 413 405
-9999 -9999 -9999 -9999 -9999 -9999 -9999 -9999 -9999 -9999 -9999 -9999 -9999 -9999 -9999 -9999 -9999 -9999 -9999 -9999 -9999 -9999 -9999 -9999 -9999 -9999 -9999 -9999 -9999 -9999 -9999 -9999 -9999 -9999 -9999 -9999 -9999 -9999 -9999 -9999 -9999 -9999 -9999 -9999 -9999 -9999 -9999 -9999 -9999 -9999 -9999 -9999 -9999 375 354 369 363 364 363 356 345 335 323 323 331 335 340 348 354 360 360 358 357 350 341 333 329 328 328 331 349 425 435 410
-9999 -9999 -9999 -9999 -9999 -9999 -9999 -9999 -9999 -9999 -9999 -9999 -9999 -9999 -9999 -9999 -9999 -9999 -9999 -9999 -9999 -9999 -9999 -9999 -9999 -9999 -9999 -9999 -9999 -9999 -9999 -9999 -9999 -9999 -9999 -9999 -9999 -9999 -9999 -9999 -9999 -9999 -9999 -9999 -9999 -9999 -9999 -9999 -9999 -9999 -9999 -9999 -9999 390 379 384 378 377 373 360 352 342 335 323 326 330 336 339 346 355 355 357 370 357 350 340 331 328 327 355 365 428 456 431
-9999 -9999 -9999 -9999 -9999 -9999 -9999 -9999 -9999 -9999 -9999 -9999 -9999 -9999 -9999 -9999 -9999 -9999 -9999 -9999 -9999 -9999 -9999 -9999 -9999 -9999 -9999 -9999 -9999 -9999 -9999 -9999 -9999 -9999 -9999 -9999 -9999 -9999 -9999 -9999 -9999 -9999 -9999 -9999 -9999 -9999 -9999 -9999 -9999 -9999 -9999 -9999 -9999 395 395 392 390 383 374 360 354 346 336 324 321 325 332 336 345 349 349 351 356 361 381 349 338 330 335 372 407 425 425 434
-9999 -9999 -9999 -9999 -9999 -9999 -9999 -9999 -9999 -9999 -9999 -9999 -9999 -9999 -9999 -9999 -9999 -9999 -9999 -9999 -9999 -9999 -9999 -9999 -9999 -9999 -9999 -9999 -9999 -9999 -9999 -9999 -9999 -9999 -9999 -9999 -9999 -9999 -9999 -9999 -9999 -9999 -9999 -9999 -9999 -9999 -9999 -9999 -9999 -9999 -9999 -9999 -9999 403 410 398 396 393 379 368 360 359 342 328 316 322 333 337 340 343 346 346 348 360 402 366 343 336 337 390 440 401 386 400
232 235 239 240 -9999 -9999 -9999 -9999 -9999 -9999 -9999 -9999 -9999 -9999 -9999 -9999 -9999 -9999 -9999 -9999 -9999 -9999 -9999 -9999 -9999 -9999 -9999 -9999 -9999 -9999 -9999 -9999 -9999 -9999 -9999 -9999 -9999 -9999 -9999 -9999 -9999 -9999 -9999 -9999 -9999 -9999 -9999 -9999 -9999 -9999 -9999 -9999 406 409 412 407 402 391 383 378 381 377 352 334 324 314 334 330 335 341 341 339 345 354 361 369 351 344 340 347 362 366 359 347
234 244 240 248 245 250 268 263 -9999 -9999 -9999 -9999 -9999 -9999 -9999 -9999 -9999 -9999 -9999 -9999 -9999 -9999 -9999 -9999 -9999 -9999 -9999 -9999 -9999 -9999 -9999 -9999 -9999 -9999 -9999 -9999 -9999 -9999 -9999 -9999 -9999 -9999 -9999 -9999 -9999 -9999 -9999 -9999 -9999 -9999 -9999 422 406 410 419 414 405 397 390 380 382 373 356 340 328 313 320 325 329 337 332 333 338 348 353 390 368 351 343 346 379 378 369 362
237 238 243 243 248 250 262 276 275 264 -9999 -9999 -9999 -9999 -9999 -9999 -9999 -9999 -9999 -9999 -9999 -9999 -9999 -9999 -9999 -9999 -9999 -9999 -9999 -9999 -9999 -9999 -9999 -9999 -9999 -9999 -9999 -9999 -9999 -9999 -9999 -9999 -9999 -9999 -9999 -9999 -9999 -9999 -9999 -9999 -9999 415 419 417 418 419 404 396 384 372 366 351 346 337 327 318 311 320 321 334 329 332 333 344 366 420 389 369 340 335 346 401 419 387
233 234 237 241 245 249 250 267 281 262 -9999 -9999 -9999 -9999 -9999 -9999 -9999 -9999 -9999 -9999 -9999 -9999 -9999 -9999 -9999 -9999 -9999 -9999 -9999 -9999 -9999 -9999 -9999 -9999 -9999 -9999 -9999 -9999 -9999 -9999 -9999 -9999 -9999 -9999 -9999 -9999 -9999 -9999 -9999 -9999 425 423 426 420 419 410 400 389 381 374 370 357 352 339 332 322 310 313 320 331 324 327 330 335 358 434 414 357 339 343 346 410 431 416
229 233 234 241 245 245 248 280 284 258 254 -9999 -9999 -9999 -9999 -9999 -9999 -9999 -9999 -9999 -9999 -9999 -9999 -9999 -9999 -9999 -9999 -9999 -9999 -9999 -9999 -9999 -9999 -9999 -9999 -9999 -9999 -9999 -9999 -9999 -9999 -9999 -9999 -9999 -9999 -9999 -9999 -9999 -9999 433 425 433 427 422 409 400 393 391 388 384 374 365 356 348 333 325 314 308 318 332 324 320 326 335 349 372 452 353 326 322 332 371 381 351
228 232 235 239 243 243 245 250 276 258 257 256 -9999 -9999 -9999 -9999 -9999 -9999 -9999 -9999 -9999 -9999 -9999 -9999 -9999 -9999 -9999 -9999 -9999 -9999 -9999 -9999 -9999 -9999 -9999 -9999 -9999 -9999 -9999 -9999 -9999 -9999 -9999 -9999 -9999 -9999 -9999 -9999 -9999 434 436 433 428 414 407 400 391 385 385 383 374 364 355 345 337 325 319 308 311 321 320 319 320 327 338 356 371 386 333 334 324 343 384 336
227 232 238 239 241 241 246 252 266 290 274 305 -9999 -9999 -9999 -9999 -9999 -9999 -9999 -9999 -9999 -9999 -9999 -9999 -9999 -9999 -9999 -9999 -9999 -9999 -9999 -9999 -9999 -9999 -9999 -9999 -9999 -9999 -9999 -9999 -9999 -9999 -9999 -9999 -9999 -9999 -9999 -9999 442 444 434 423 413 403 401 401 390 383 377 373 365 361 351 345 334 326 319 311 304 311 314 315 319 322 329 340 343 349 322 318 314 316 368 311
227 230 236 239 241 242 263 297 294 319 267 293 309 -9999 -9999 -9999 -9999 -9999 -9999 -9999 -9999 -9999 -9999 -9999 -9999 -9999 -9999 -9999 -9999 -9999 -9999 -9999 -9999 -9999 -9999 -9999 -9999 -9999 -9999 -9999 -9999 -9999 -9999 -9999 -9999 -9999 -9999 448 446 442 425 417 407 396 397 394 384 381 371 371 359 357 350 343 334 328 322 314 306 302 310 313 316 323 322 325 327 328 310 308 308 307 381 299
227 232 236 239 246 245 245 307 305 327 359 317 -9999 -9999 -9999 -9999 -9999 -9999 -9999 -9999 -9999 -9999 -9999 -9999 -9999 -9999 -9999 -9999 -9999 -9999 -9999 -9999 -9999 -9999 -9999 -9999 -9999 -9999 -9999 -9999 -9999 -9999 -9999 -9999 -9999 -9999 -9999 452 448 427 421 408 398 395 395 391 378 375 368 367 359 347 346 341 332 322 314 312 311 302 309 313 319 316 316 316 321 327 309 301 299 294 296 291
227 235 244 248 248 251 280 316 332 348 365 336 285 -9999 -9999 -9999 -9999 -9999 -9999 -9999 -9999 -9999 -9999 -9999 -9999 -9999 -9999 -9999 -9999 -9999 -9999 -9999 -9999 -9999 -9999 -9999 -9999 -9999 -9999 -9999 -9999 -9999 -9999 -9999 -9999 -9999 462 457 447 430 415 407 400 394 393 386 375 374 367 356 349 340 334 334 324 320 323 321 315 309 300 306 315 311 314 308 314 311 300 294 293 293 289 289
222 228 238 242 239 247 286 294 322 339 354 349 -9999 -9999 -9999 -9999 -9999 -9999 -9999 -9999 -9999 -9999 -9999 -9999 -9999 -9999 -9999 -9999 -9999 -9999 -9999 -9999 -9999 -9999 -9999 -9999 -9999 -9999 -9999 -9999 -9999 -9999 -9999 -9999 -9999 -9999 462 460 440 425 411 406 398 394 387 381 372 366 361 352 347 347 342 336 335 329 330 326 320 309 300 308 310 307 309 305 304 300 303 290 287 290 282 281
221 224 229 233 229 239 268 259 320 342 374 376 -9999 -9999 -9999 -9999 -9999 -9999 -9999 -9999 -9999 -9999 -9999 -9999 -9999 -9999 -9999 -9999 -9999 -9999 -9999 -9999 -9999 -9999 -9999 -9999 -9999 537 532 522 514 505 492 -9999 478 468 462 448 437 421 419 409 403 390 384 378 371 366 363 364 367 354 349 347 344 338 334 327 320 311 300 305 305 303 303 301 296 295 292 290 280 290 277 273
219 222 225 225 229 244 261 271 334 356 366 384 -9999 -9999 -9999 -9999 -9999 -9999 -9999 -9999 -9999 -9999 -9999 -9999 -9999 -9999 -9999 -9999 -9999 -9999 -9999 -9999 -9999 -9999 -9999 547 543 534 529 522 515 503 495 484 477 471 464 446 431 425 426 412 399 393 384 379 372 370 367 373 392 368 360 353 346 340 336 325 320 311 303 297 300 302 299 300 291 294 288 279 279 279 270 267
221 221 224 226 234 243 274 323 343 346 343 375 -9999 -9999 -9999 -9999 -9999 -9999 -9999 -9999 -9999 -9999 -9999 -9999 -9999 -9999 -9999 -9999 -9999 -9999 -9999 -9999 -9999 -9999 543 540 539 534 531 524 515 505 494 486 477 473 451 437 433 436 432 415 402 395 388 379 376 378 378 386 439 400 371 359 350 339 335 326 320 311 303 297 291 292 294 290 284 282 281 273 274 275 268 262
220 222 223 225 229 231 265 308 321 335 341 361 -9999 -9999 -9999 -9999 -9999 -9999 -9999 -9999 -9999 -9999 -9999 -9999 -9999 -9999 -9999 -9999 -9999 -9999 -9999 -9999 -9999 -9999 533 523 519 535 533 523 515 508 495 486 479 465 443 438 440 441 426 417 406 399 390 385 381 382 387 395 452 442 377 362 360 340 336 330 321 310 303 301 297 291 285 283 281 278 276 272 272 267 265 264
222 223 226 229 230 236 242 312 329 339 351 372 -9999 -9999 -9999 -9999 -9999 -9999 -9999 -9999 -9999 -9999 -9999 -9999 -9999 -9999 -9999 -9999 -9999 -9999 -9999 -9999 -9999 -9999 447 396 450 528 529 522 513 508 495 484 471 457 449 445 446 443 433 417 409 404 395 389 381 393 393 398 417 412 392 376 364 342 334 331 322 314 315 335 331 301 292 283 294 296 301 279 286 301 299 278
225 225 229 238 250 275 287 325 326 339 347 374 368 369 351 343 344 342 321 -9999 -9999 -9999 -9999 -9999 -9999 -9999 -9999 -9999 -9999 -9999 -9999 -9999 -9999 -9999 504 364 360 516 522 460 518 507 499 486 468 461 451 451 459 451 450 421 413 408 402 392 388 388 405 405 418 406 390 375 359 343 337 330 322 318 338 336 331 329 310 286 291 309 308 306 305 304 299 284
229 230 232 241 267 244 244 300 275 328 350 373 355 350 360 356 345 335 328 324 323 340 330 317 319 312 308 -9999 -9999 -9999 -9999 -9999 -9999 -9999 382 335 353 489 515 341 517 510 506 486 475 456 463 460 462 458 435 423 417 412 404 391 386 424 468 420 434 442 384 375 360 348 338 332 325 328 336 323 311 302 293 308 294 301 312 308 307 306 302 300
-9999 -9999 -9999 -9999 254 245 245 256 255 311 361 364 347 339 359 353 343 346 339 335 322 323 328 326 325 323 304 293 275 270 255 272 282 331 347 267 276 332 411 360 504 511 509 500 467 459 483 472 467 456 442 430 423 417 408 398 386 387 395 399 462 447 401 381 366 358 339 332 336 342 338 316 303 297 300 308 301 303 316 315 309 306 303 300
-9999 -9999 -9999 -9999 -9999 -9999 256 255 257 264 319 368 355 336 354 346 344 337 330 320 316 313 310 312 313 319 289 283 282 265 263 256 294 331 306 276 291 307 367 363 471 509 506 491 469 480 495 474 465 450 440 432 428 422 416 410 389 386 415 387 440 440 409 392 375 359 346 343 347 343 340 315 305 300 304 310 306 311 320 315 305 299 293 288
-9999 -9999 -9999 -9999 -9999 -9999 -9999 311 284 303 322 363 364 337 345 346 332 330 325 316 303 308 303 291 306 310 302 293 289 277 263 251 269 286 291 273 279 320 390 341 375 494 486 482 484 378 492 479 470 457 442 438 433 428 427 416 391 450 398 315 378 449 420 407 385 379 352 343 348 344 341 314 310 301 308 322 310 319 320 315 304 299 295 299
-9999 -9999 -9999 -9999 -9999 -9999 -9999 321 328 337 363 -9999 356 344 335 338 345 335 329 317 303 309 303 291 291 308 302 289 279 266 265 255 265 283 286 281 287 326 303 351 343 485 496 495 487 379 491 482 465 453 447 440 437 453 432 414 399 464 347 321 449 456 455 452 396 375 349 343 347 344 323 316 310 308 312 327 316 310 319 313 307 308 303 300
-9999 -9999 -9999 -9999 -9999 -9999 -9999 -9999 -9999 348 -9999 -9999 -9999 350 338 322 330 332 325 317 308 316 315 296 301 295 298 284 270 268 271 260 249 269 273 263 269 280 281 347 377 499 498 430 389 320 409 480 463 458 451 447 449 471 439 405 398 459 -9999 -9999 425 419 427 426 381 360 349 346 347 329 338 319 310 321 334 330 318 322 322 314 313 308 304 300
-9999 -9999 -9999 -9999 -9999 -9999 -9999 -9999 -9999 -9999 -9999 -9999 -9999 362 344 335 326 328 327 325 328 327 316 309 309 284 290 284 277 279 274 257 250 254 263 282 286 280 307 362 313 417 495 436 392 309 376 482 468 460 456 448 473 458 445 404 402 -9999 -9999 -9999 -9999 407 398 386 374 360 352 341 340 343 326 315 317 324 333 330 324 317 322 318 315 316 310 301
-9999 -9999 -9999 -9999 -9999 -9999 -9999 -9999 -9999 -9999 -9999 -9999 -9999 -9999 353 342 330 339 347 346 340 338 323 320 311 285 285 290 291 288 279 258 257 259 272 293 303 308 314 384 320 369 468 430 278 307 472 470 468 462 458 460 419 469 452 -9999 -9999 -9999 -9999 -9999 -9999 -9999 392 384 370 359 350 345 350 340 322 318 322 325 331 333 326 321 324 323 328 327 314 305
-9999 -9999 -9999 -9999 -9999 -9999 -9999 -9999 -9999 -9999 -9999 -9999 -9999 -9999 362 350 353 347 335 324 327 337 333 330 311 305 299 300 296 290 286 273 263 257 260 256 270 312 338 388 367 456 455 376 332 392 481 476 473 472 461 457 471 449 -9999 -9999 -9999 -9999 -9999 -9999 -9999 -9999 -9999 387 373 359 349 354 350 334 325 319 325 334 334 333 328 324 327 330 333 328 316 308
-9999 -9999 -9999 -9999 -9999 -9999 -9999 -9999 -9999 -9999 -9999 -9999 -9999 -9999 -9999 357 348 330 338 318 317 315 316 328 321 308 304 290 287 282 275 272 266 265 268 267 289 288 354 411 361 378 415 310 373 412 416 432 475 466 473 460 464 -9999 -9999 -9999 -9999 -9999 -9999 -9999 -9999 -9999 -9999 384 374 364 351 349 344 336 326 322 328 336 338 337 332 328 331 335 333 320 316 317
-9999 -9999 -9999 -9999 -9999 -9999 -9999 -9999 -9999 -9999 -9999 -9999 -9999 -9999 -9999 360 347 336 333 329 320 310 305 -9999 316 315 300 291 283 272 276 259 264 275 282 295 321 326 354 400 340 299 348 293 326 396 318 332 384 399 454 -9999 -9999 -9999 -9999 -9999 -9999 -9999 -9999 -9999 -9999 -9999 -9999 392 381 369 358 355 357 336 328 326 328 332 338 340 334 332 337 338 335 324 319 323
-9999 -9999 -9999 -9999 -9999 -9999 -9999 -9999 -9999 -9999 -9999 -9999 -9999 -9999 -9999 356 344 331 337 333 319 317 -9999 -9999 -9999 -9999 -9999 -9999 -9999 -9999 263 257 266 274 284 316 333 349 356 354 344 300 297 312 293 321 389 288 315 313 -9999 -9999 -9999 -9999 -9999 -9999 -9999 -9999 -9999 -9999 -9999 -9999 -9999 -9999 381 370 362 361 352 355 332 327 332 344 342 340 341 337 344 339 336 329 326 329
-9999 -9999 -9999 -9999 -9999 -9999 -9999 -9999 -9999 -9999 -9999 -9999 -9999 -9999 -9999 -9999 350 343 344 333 -9999 -9999 -9999 -9999 -9999 -9999 -9999 -9999 -9999 -9999 -9999 261 259 262 260 307 328 356 376 377 362 329 297 283 274 309 370 309 280 281 -9999 -9999 -9999 -9999 -9999 -9999 -9999 -9999 -9999 -9999 -9999 -9999 -9999 -9999 390 375 366 364 342 337 334 331 330 344 344 344 344 341 345 343 341 334 337 347
-9999 -9999 -9999 -9999 -9999 -9999 -9999 -9999 -9999 -9999 -9999 -9999 -9999 -9999 -9999 -9999 348 346 339 -9999 -9999 -9999 -9999 -9999 -9999 -9999 -9999 -9999 -9999 -9999 -9999 273 259 251 264 282 303 357 338 340 323 364 357 315 287 280 348 313 283 294 -9999 -9999 -9999 -9999 -9999 -9999 -9999 -9999 -9999 -9999 -9999 -9999 -9999 -9999 392 377 368 350 345 339 338 333 332 332 342 346 347 345 350 345 345 347 340 348
-9999 -9999 -9999 -9999 -9999 -9999 -9999 -9999 -9999 -9999 -9999 -9999 -9999 -9999 -9999 -9999 -9999 -9999 -9999 -9999 -9999 -9999 -9999 -9999 -9999 -9999 -9999 -9999 -9999 -9999 -9999 -9999 263 254 266 275 290 347 307 328 309 318 328 313 295 255 255 309 295 273 -9999 -9999 -9999 -9999 -9999 -9999 -9999 -9999 -9999 -9999 -9999 -9999 -9999 -9999 394 383 374 359 351 344 340 343 335 334 342 342 347 349 351 350 349 351 350 352
