invasiveSpecies/multiSpecies/data/worldclim_KE/worldclim_KE_2050_BC85_Bio15.asc
ncols         347
nrows         295
xllcorner     36.068012264173
yllcorner     0.13039239511974
cellsize      0.0083333333333333
NODATA_value  -9999
[rows 152 to 189 of 295, columns 85 to 169 of 347]
-9999 -9999 -9999 -9999 -9999 -9999 -9999 -9999 -9999 -9999 -9999 -9999 -9999 -9999 -9999 -9999 -9999 -9999 -9999 -9999 -9999 -9999 -9999 -9999 -9999 -9999 -9999 -9999 -9999 -9999 -9999 -9999 -9999 -9999 -9999 -9999 -9999 -9999 -9999 -9999 93 94 94 93 93 93 93 91 92 92 93 94 94 93 92 93 88 88 84 93 91 93 93 94 95 95 98 99 99 99 99 99 99 99 99 100 100 100 100 102 101 101 102 102 102
-9999 -9999 -9999 -9999 -9999 -9999 -9999 -9999 -9999 -9999 -9999 -9999 -9999 -9999 -9999 -9999 -9999 -9999 -9999 -9999 -9999 -9999 -9999 -9999 -9999 -9999 -9999 -9999 -9999 -9999 -9999 -9999 -9999 -9999 -9999 -9999 -9999 -9999 -9999 -9999 94 95 95 94 93 91 91 93 92 91 92 91 93 91 90 91 90 83 78 85 84 90 90 94 94 96 97 97 99 99 99 99 98 99 98 101 100 101 99 99 101 101 101 102 101
-9999 -9999 -9999 -9999 -9999 -9999 -9999 -9999 -9999 -9999 -9999 -9999 -9999 -9999 -9999 -9999 -9999 -9999 -9999 -9999 -9999 -9999 -9999 -9999 -9999 -9999 -9999 -9999 -9999 -9999 -9999 -9999 -9999 -9999 -9999 -9999 -9999 -9999 -9999 -9999 -9999 94 93 94 92 93 91 92 91 90 92 93 93 93 89 88 77 77 78 85 86 81 84 90 95 98 97 97 99 98 98 99 98 98 100 100 99 101 100 100 101 100 102 102 103
-9999 -9999 -9999 -9999 -9999 -9999 -9999 -9999 -9999 -9999 -9999 -9999 -9999 -9999 -9999 -9999 -9999 -9999 -9999 -9999 -9999 -9999 -9999 -9999 -9999 -9999 -9999 -9999 -9999 -9999 -9999 -9999 -9999 -9999 -9999 -9999 -9999 -9999 -9999 -9999 -9999 94 94 93 93 91 92 91 92 88 89 91 91 92 91 84 75 74 81 90 91 87 92 94 96 96 97 98 97 98 99 97 98 99 99 99 101 99 100 99 101 101 100 101 103
-9999 -9999 -9999 -9999 -9999 -9999 -9999 -9999 -9999 -9999 -9999 -9999 -9999 -9999 -9999 -9999 -9999 -9999 -9999 -9999 -9999 -9999 -9999 -9999 -9999 -9999 -9999 -9999 -9999 -9999 -9999 -9999 -9999 -9999 -9999 -9999 -9999 -9999 -9999 -9999 -9999 95 93 94 92 91 92 93 91 89 88 91 89 90 87 80 75 74 82 89 93 89 88 90 95 96 97 96 98 97 97 98 99 99 99 99 101 101 101 100 102 101 102 101 102
-9999 -9999 -9999 -9999 -9999 -9999 -9999 -9999 -9999 -9999 -9999 -9999 -9999 -9999 -9999 -9999 -9999 -9999 -9999 -9999 -9999 -9999 -9999 -9999 -9999 -9999 -9999 -9999 -9999 -9999 -9999 -9999 -9999 -9999 -9999 -9999 -9999 -9999 -9999 -9999 -9999 93 92 94 93 92 92 92 92 92 91 93 90 89 78 74 74 74 74 84 93 94 90 82 93 94 96 98 97 98 97 97 96 97 97 99 99 101 100 101 102 102 100 99 102
-9999 -9999 -9999 -9999 -9999 -9999 -9999 -9999 -9999 -9999 -9999 -9999 -9999 -9999 -9999 -9999 -9999 -9999 -9999 -9999 -9999 -9999 -9999 -9999 -9999 -9999 -9999 -9999 -9999 -9999 -9999 -9999 -9999 -9999 -9999 -9999 -9999 -9999 -9999 -9999 93 93 93 94 92 92 92 92 93 92 93 92 92 87 80 74 74 73 76 84 92 94 92 86 83 93 96 96 97 97 96 97 97 96 97 97 98 99 100 101 100 100 100 99 101
-9999 -9999 -9999 -9999 -9999 -9999 -9999 -9999 -9999 -9999 -9999 -9999 -9999 -9999 -9999 -9999 -9999 -9999 -9999 -9999 -9999 -9999 -9999 -9999 -9999 -9999 -9999 -9999 -9999 -9999 -9999 -9999 -9999 -9999 -9999 -9999 -9999 -9999 -9999 -9999 93 93 93 93 93 92 93 92 94 93 94 93 92 86 79 73 78 75 74 81 94 94 93 93 89 92 94 96 95 96 95 96 97 97 98 96 98 100 99 101 99 101 100 99 102
-9999 -9999 -9999 -9999 -9999 -9999 -9999 -9999 -9999 -9999 -9999 -9999 -9999 -9999 -9999 -9999 -9999 -9999 -9999 -9999 -9999 -9999 -9999 -9999 -9999 -9999 -9999 -9999 -9999 -9999 -9999 -9999 -9999 -9999 -9999 -9999 -9999 -9999 -9999 93 92 93 92 94 93 93 93 93 92 93 93 92 92 87 80 76 83 82 74 80 90 94 95 92 88 81 84 92 95 96 96 97 98 98 98 98 98 100 100 99 101 101 100 99 100
-9999 -9999 -9999 -9999 -9999 -9999 -9999 -9999 -9999 -9999 -9999 -9999 -9999 -9999 -9999 -9999 -9999 -9999 -9999 -9999 -9999 -9999 -9999 -9999 -9999 -9999 -9999 -9999 -9999 -9999 -9999 -9999 -9999 -9999 -9999 -9999 -9999 -9999 -9999 92 93 94 94 94 92 94 94 94 93 93 93 92 91 87 83 78 81 85 79 80 83 94 95 94 90 83 85 93 95 95 96 97 98 99 99 100 100 101 100 100 100 101 101 101 102
-9999 -9999 -9999 -9999 -9999 -9999 -9999 -9999 -9999 -9999 -9999 -9999 -9999 -9999 -9999 -9999 -9999 -9999 -9999 -9999 -9999 -9999 -9999 -9999 -9999 -9999 -9999 -9999 -9999 -9999 -9999 -9999 -9999 -9999 -9999 -9999 -9999 -9999 -9999 93 93 93 94 93 93 93 93 93 94 94 93 92 92 91 85 83 86 91 85 83 92 94 95 95 93 89 91 92 95 97 97 97 98 99 99 100 100 99 101 101 100 102 102 102 101
-9999 -9999 -9999 -9999 -9999 -9999 -9999 -9999 -9999 -9999 -9999 -9999 -9999 -9999 -9999 -9999 -9999 -9999 -9999 -9999 -9999 -9999 -9999 -9999 -9999 -9999 -9999 -9999 -9999 -9999 -9999 -9999 -9999 -9999 -9999 -9999 -9999 -9999 -9999 -9999 92 93 93 93 93 92 93 92 92 94 92 91 90 90 86 89 86 91 88 85 90 93 95 95 94 94 92 92 96 97 98 97 98 98 98 99 99 100 99 101 100 100 102 102 101
-9999 -9999 -9999 -9999 -9999 -9999 -9999 -9999 -9999 -9999 -9999 -9999 -9999 -9999 -9999 -9999 -9999 -9999 -9999 -9999 -9999 -9999 -9999 -9999 -9999 -9999 -9999 -9999 -9999 -9999 -9999 -9999 -9999 -9999 -9999 -9999 -9999 -9999 -9999 -9999 93 94 92 93 93 91 93 92 92 93 93 89 92 92 87 92 90 90 93 86 89 93 94 95 96 95 95 95 94 95 95 97 97 98 98 98 99 98 99 101 101 100 100 102 102
-9999 -9999 -9999 -9999 -9999 -9999 -9999 -9999 -9999 -9999 -9999 -9999 -9999 -9999 -9999 -9999 -9999 -9999 -9999 -9999 -9999 -9999 -9999 -9999 -9999 -9999 -9999 -9999 -9999 -9999 -9999 -9999 -9999 -9999 -9999 -9999 -9999 -9999 -9999 -9999 92 94 92 93 92 93 93 92 92 93 92 89 92 94 91 94 92 92 94 93 89 94 95 94 96 95 95 95 96 97 96 96 97 99 98 99 99 100 100 99 99 101 100 102 101
-9999 -9999 -9999 -9999 -9999 -9999 -9999 -9999 -9999 -9999 -9999 -9999 -9999 -9999 -9999 -9999 -9999 -9999 -9999 -9999 -9999 -9999 -9999 -9999 -9999 -9999 -9999 -9999 -9999 -9999 -9999 -9999 -9999 -9999 -9999 -9999 -9999 -9999 -9999 -9999 93 93 92 94 93 94 93 92 94 93 92 90 92 93 93 93 94 94 93 93 93 92 95 94 94 96 96 95 96 95 96 98 96 99 99 97 98 100 100 99 101 101 101 100 100
-9999 -9999 -9999 -9999 -9999 -9999 -9999 -9999 -9999 -9999 -9999 -9999 -9999 -9999 -9999 -9999 -9999 -9999 -9999 -9999 -9999 -9999 -9999 -9999 -9999 -9999 -9999 -9999 -9999 -9999 -9999 -9999 -9999 -9999 -9999 -9999 -9999 -9999 -9999 -9999 93 92 92 93 94 93 93 94 92 93 93 92 93 94 94 93 95 94 94 95 94 95 95 96 95 95 94 95 96 97 97 97 98 98 98 99 100 100 100 100 101 100 99 101 100
-9999 -9999 -9999 -9999 -9999 -9999 -9999 -9999 -9999 -9999 -9999 -9999 -9999 -9999 -9999 -9999 -9999 -9999 -9999 -9999 -9999 -9999 -9999 -9999 -9999 -9999 -9999 -9999 -9999 -9999 -9999 -9999 -9999 -9999 -9999 -9999 -9999 -9999 -9999 -9999 -9999 93 93 93 92 92 93 93 93 93 93 93 93 94 95 93 95 94 94 94 95 94 95 94 96 95 95 95 95 95 97 96 97 99 98 98 97 97 97 99 99 101 99 100 101
-9999 -9999 -9999 -9999 -9999 -9999 -9999 -9999 -9999 -9999 -9999 -9999 -9999 -9999 -9999 -9999 -9999 -9999 -9999 -9999 -9999 -9999 -9999 -9999 -9999 -9999 -9999 -9999 -9999 -9999 -9999 -9999 -9999 -9999 -9999 -9999 -9999 -9999 -9999 -9999 -9999 93 94 93 93 93 93 94 92 93 93 94 93 94 95 94 95 95 95 94 96 95 95 96 96 95 96 95 96 96 96 96 96 97 97 98 96 98 97 98 99 100 101 99 100
-9999 -9999 -9999 -9999 -9999 -9999 -9999 -9999 -9999 -9999 -9999 -9999 -9999 -9999 -9999 -9999 -9999 -9999 -9999 -9999 -9999 -9999 -9999 -9999 -9999 -9999 -9999 -9999 -9999 -9999 -9999 -9999 -9999 -9999 -9999 -9999 -9999 -9999 -9999 -9999 91 94 93 94 93 93 93 94 93 94 93 94 94 94 95 94 95 94 94 95 95 96 95 95 95 95 96 96 95 96 96 94 97 97 97 98 97 97 99 99 99 99 100 100 101
-9999 -9999 -9999 -9999 -9999 -9999 -9999 -9999 -9999 -9999 -9999 -9999 -9999 -9999 -9999 -9999 -9999 -9999 -9999 -9999 -9999 -9999 -9999 -9999 -9999 -9999 -9999 -9999 -9999 -9999 -9999 -9999 -9999 -9999 -9999 -9999 -9999 -9999 -9999 -9999 92 93 93 92 93 94 94 94 93 94 94 94 94 95 94 95 96 95 96 96 96 95 95 95 96 95 95 96 95 93 97 92 96 97 98 97 98 97 98 98 97 98 100 100 100
-9999 -9999 -9999 -9999 -9999 -9999 -9999 -9999 -9999 -9999 -9999 -9999 -9999 -9999 -9999 -9999 -9999 -9999 -9999 -9999 -9999 -9999 -9999 -9999 -9999 -9999 -9999 -9999 -9999 -9999 -9999 -9999 -9999 -9999 -9999 -9999 -9999 -9999 -9999 -9999 93 94 94 92 93 93 94 93 92 94 94 94 95 95 94 94 95 95 95 96 95 96 96 95 93 95 93 95 95 91 95 92 96 97 97 97 97 97 97 97 98 97 100 99 101
-9999 -9999 -9999 -9999 -9999 -9999 -9999 -9999 -9999 -9999 -9999 -9999 -9999 -9999 -9999 -9999 -9999 -9999 -9999 -9999 -9999 -9999 -9999 -9999 -9999 -9999 -9999 -9999 -9999 -9999 -9999 -9999 -9999 -9999 -9999 -9999 -9999 -9999 -9999 93 93 93 93 93 94 94 93 93 94 93 94 94 95 94 94 95 95 95 95 95 96 96 96 90 91 93 92 93 95 89 93 93 97 97 97 97 99 98 98 97 97 97 98 100 101
-9999 -9999 -9999 -9999 -9999 -9999 -9999 -9999 -9999 -9999 -9999 -9999 -9999 -9999 -9999 -9999 -9999 -9999 -9999 -9999 -9999 -9999 -9999 -9999 -9999 -9999 -9999 -9999 -9999 -9999 -9999 -9999 -9999 -9999 -9999 -9999 -9999 -9999 -9999 91 93 93 92 93 93 93 94 94 93 93 94 95 95 94 95 96 95 95 95 95 96 95 96 95 88 88 89 88 93 89 92 96 97 97 98 98 97 100 98 97 99 99 98 99 99
-9999 -9999 -9999 -9999 -9999 -9999 -9999 -9999 -9999 -9999 -9999 -9999 -9999 -9999 -9999 -9999 -9999 -9999 -9999 -9999 -9999 -9999 -9999 -9999 -9999 -9999 -9999 -9999 -9999 -9999 -9999 -9999 -9999 -9999 -9999 -9999 -9999 -9999 -9999 91 93 92 91 92 93 93 94 94 93 95 95 95 95 95 94 96 96 95 95 95 95 96 95 94 94 90 87 83 91 96 95 97 96 97 96 97 99 99 98 98 97 99 99 100 99
-9999 -9999 -9999 -9999 -9999 -9999 -9999 -9999 -9999 -9999 -9999 -9999 -9999 -9999 -9999 -9999 -9999 -9999 -9999 -9999 -9999 -9999 -9999 -9999 -9999 -9999 -9999 -9999 -9999 -9999 -9999 -9999 -9999 -9999 -9999 -9999 -9999 -9999 -9999 -9999 93 92 92 94 94 93 94 93 94 94 94 95 94 94 94 95 95 95 94 95 95 95 95 95 96 94 87 87 95 96 96 97 96 97 97 97 97 99 100 100 99 99 101 100 100
-9999 -9999 -9999 -9999 -9999 -9999 -9999 -9999 -9999 -9999 -9999 -9999 -9999 -9999 -9999 -9999 -9999 -9999 -9999 -9999 -9999 -9999 -9999 -9999 -9999 -9999 -9999 -9999 -9999 -9999 -9999 -9999 -9999 -9999 -9999 -9999 -9999 -9999 -9999 -9999 93 93 93 93 94 94 93 93 95 95 94 94 94 95 94 95 95 95 95 94 95 95 95 96 95 96 95 88 97 96 97 96 96 97 98 99 100 99 98 100 99 99 100 99 101
-9999 -9999 -9999 -9999 -9999 -9999 -9999 -9999 -9999 -9999 -9999 -9999 -9999 -9999 -9999 -9999 -9999 -9999 -9999 -9999 -9999 -9999 -9999 -9999 -9999 -9999 -9999 -9999 -9999 -9999 -9999 -9999 -9999 93 93 -9999 -9999 -9999 -9999 -9999 93 92 93 92 93 94 93 94 94 95 94 94 95 94 95 95 96 95 95 95 96 95 96 95 96 97 96 93 97 96 96 97 97 97 97 98 98 98 99 99 100 99 99 101 100
-9999 -9999 -9999 -9999 -9999 -9999 -9999 -9999 -9999 -9999 -9999 -9999 -9999 -9999 -9999 -9999 -9999 -9999 -9999 -9999 -9999 -9999 -9999 -9999 -9999 -9999 -9999 -9999 -9999 -9999 -9999 -9999 91 91 93 92 -9999 -9999 -9999 -9999 92 93 94 93 93 93 94 95 94 94 94 95 95 95 94 96 96 94 96 96 95 95 96 96 96 96 96 97 96 96 97 97 97 98 96 98 99 97 99 99 100 99 101 101 99
-9999 -9999 -9999 -9999 -9999 -9999 -9999 -9999 -9999 -9999 -9999 -9999 -9999 -9999 -9999 -9999 -9999 -9999 -9999 -9999 -9999 -9999 -9999 -9999 -9999 -9999 -9999 -9999 -9999 -9999 -9999 -9999 92 92 93 93 93 -9999 -9999 -9999 92 93 92 93 94 93 94 94 94 94 95 94 96 96 95 96 95 94 95 95 96 95 96 96 96 97 96 96 97 97 96 97 98 97 97 97 98 98 98 98 100 101 101 101 99
-9999 -9999 -9999 -9999 -9999 -9999 -9999 -9999 -9999 -9999 -9999 -9999 -9999 -9999 -9999 -9999 -9999 -9999 -9999 -9999 -9999 -9999 -9999 -9999 -9999 -9999 -9999 -9999 -9999 -9999 -9999 -9999 93 93 93 93 93 -9999 -9999 94 94 92 92 94 94 93 95 94 93 94 95 95 95 96 95 95 95 96 95 94 95 95 95 96 96 97 96 97 97 97 97 97 97 97 97 97 97 96 98 100 100 99 99 99 99
-9999 -9999 -9999 -9999 -9999 -9999 -9999 -9999 -9999 -9999 -9999 -9999 -9999 -9999 -9999 -9999 -9999 -9999 -9999 -9999 -9999 -9999 -9999 -9999 -9999 -9999 -9999 -9999 -9999 -9999 -9999 -9999 92 93 93 94 93 93 -9999 -9999 94 94 93 93 93 93 93 95 95 94 94 94 95 96 95 95 95 95 96 96 96 96 96 96 96 96 96 96 95 97 96 97 98 98 99 98 97 99 100 99 99 99 99 100 100
-9999 -9999 -9999 -9999 -9999 -9999 -9999 -9999 -9999 -9999 -9999 -9999 -9999 -9999 -9999 -9999 -9999 -9999 -9999 -9999 -9999 -9999 -9999 -9999 -9999 -9999 -9999 -9999 -9999 -9999 -9999 -9999 92 93 94 94 93 93 -9999 93 93 94 94 94 94 94 94 94 95 94 94 94 94 95 95 96 95 95 96 95 96 96 95 96 97 95 96 96 97 97 96 97 97 99 98 99 98 98 98 100 98 100 100 101 99
-9999 -9999 -9999 -9999 -9999 -9999 -9999 -9999 -9999 -9999 -9999 -9999 -9999 -9999 -9999 -9999 -9999 -9999 -9999 -9999 -9999 -9999 -9999 -9999 -9999 -9999 -9999 -9999 -9999 -9999 -9999 -9999 91 92 93 93 94 93 94 93 94 95 94 95 94 94 94 94 94 94 95 94 94 95 96 95 95 95 95 96 96 95 95 96 97 96 97 95 96 97 98 96 97 98 97 98 98 98 98 98 100 100 98 99 100
-9999 -9999 -9999 -9999 -9999 -9999 -9999 -9999 -9999 -9999 -9999 -9999 -9999 -9999 -9999 -9999 -9999 -9999 -9999 -9999 -9999 -9999 -9999 -9999 -9999 -9999 -9999 -9999 -9999 -9999 -9999 92 93 92 92 93 93 92 93 94 94 95 94 94 93 95 94 95 94 94 94 94 94 95 95 95 96 95 95 96 95 96 96 95 96 96 98 96 97 97 98 98 97 98 97 99 98 97 97 99 98 98 99 99 100
-9999 -9999 -9999 -9999 -9999 -9999 -9999 -9999 -9999 -9999 -9999 -9999 -9999 -9999 -9999 -9999 -9999 -9999 -9999 -9999 -9999 -9999 -9999 -9999 -9999 -9999 -9999 -9999 -9999 -9999 -9999 92 94 92 92 94 93 93 94 94 93 94 93 94 94 95 95 95 95 95 95 94 95 95 95 95 96 95 95 96 96 96 95 96 96 96 97 96 96 97 97 98 97 97 97 97 97 98 97 100 99 99 99 100 100
-9999 -9999 -9999 -9999 -9999 -9999 -9999 -9999 -9999 -9999 -9999 -9999 -9999 -9999 -9999 -9999 -9999 -9999 -9999 -9999 -9999 -9999 -9999 -9999 -9999 -9999 -9999 -9999 -9999 -9999 92 93 92 94 94 94 94 94 94 94 94 94 94 94 93 95 94 95 94 95 95 94 95 94 95 95 95 95 96 95 96 96 96 96 96 97 96 96 97 97 96 98 96 97 97 97 98 97 98 98 98 100 98 98 100
-9999 -9999 -9999 -9999 -9999 -9999 -9999 -9999 -9999 -9999 -9999 -9999 -9999 -9999 -9999 -9999 -9999 -9999 -9999 -9999 -9999 -9999 -9999 -9999 -9999 -9999 -9999 -9999 -9999 -9999 91 93 94 94 93 93 94 94 94 94 93 94 95 94 94 95 95 95 95 95 95 94 95 95 95 95 95 95 96 96 95 96 96 95 95 96 95 96 96 96 96 98 96 96 96 98 97 97 97 99 99 99 99 100 98
-9999 -9999 -9999 -9999 -9999 -9999 -9999 -9999 -9999 -9999 -9999 -9999 -9999 -9999 -9999 -9999 -9999 -9999 -9999 -9999 -9999 -9999 -9999 -9999 -9999 -9999 -9999 -9999 -9999 -9999 93 93 93 92 93 93 94 94 94 94 95 94 94 95 95 95 95 95 95 95 95 95 95 95 95 96 96 95 95 96 96 95 96 95 96 95 96 96 96 96 96 96 97 96 98 97 97 97 98 98 98 98 99 99 100
