invasiveSpecies/multiSpecies/data/worldclim_KE/worldclim_KE_2050_BC85_Bio19.asc
ncols         347
nrows         295
xllcorner     36.068012264173
yllcorner     0.13039239511974
cellsize      0.0083333333333333
NODATA_value  -9999
[rows 205 to 245 of 295, columns 92 to 183 of 347]
-9999 -9999 -9999 -9999 -9999 -9999 -9999 -9999 -9999 -9999 -9999 -9999 -9999 -9999 -9999 -9999 -9999 -9999 -9999 46 44 45 43 42 41 41 39 39 40 38 37 37 36 35 33 33 33 31 31 31 32 32 30 30 29 29 27 27 27 26 26 26 24 24 24 24 23 23 23 23 22 22 20 20 20 20 20 20 26 26 25 20 17 16 16 16 15 15 15 15 16 16 14 17 18 17 13 12 12 12 13 13
-9999 -9999 -9999 -9999 -9999 -9999 -9999 -9999 -9999 -9999 -9999 -9999 -9999 -9999 -9999 -9999 -9999 -9999 -9999 -9999 45 43 45 42 44 42 41 40 39 40 37 37 36 35 34 33 33 31 31 31 33 33 30 30 30 29 28 27 27 26 26 26 26 24 24 24 23 23 23 23 24 22 20 20 20 20 20 20 23 25 23 22 17 16 16 16 16 15 15 15 16 16 18 20 20 20 13 13 12 12 13 13
-9999 -9999 -9999 -9999 -9999 -9999 -9999 -9999 -9999 -9999 -9999 -9999 -9999 -9999 -9999 -9999 -9999 -9999 -9999 -9999 46 43 45 45 44 41 42 41 40 40 40 37 36 36 34 33 33 32 31 31 35 32 32 30 30 29 29 27 27 26 26 26 26 26 24 24 23 23 23 23 24 22 20 20 20 20 20 20 20 23 20 18 17 16 16 16 16 15 15 15 16 16 24 24 18 17 16 13 12 12 13 13
-9999 -9999 -9999 -9999 -9999 -9999 -9999 -9999 -9999 -9999 -9999 -9999 -9999 -9999 -9999 -9999 -9999 -9999 -9999 48 48 46 43 43 42 42 42 41 40 40 40 37 36 36 35 34 33 32 31 31 32 32 32 30 30 29 29 29 27 27 26 26 26 26 24 24 24 23 23 23 24 24 20 20 20 20 20 19 19 19 20 18 20 17 17 16 16 15 15 15 16 20 29 29 20 16 17 17 13 12 13 13
-9999 -9999 -9999 -9999 -9999 -9999 -9999 -9999 -9999 -9999 -9999 -9999 -9999 -9999 -9999 -9999 -9999 -9999 -9999 -9999 46 45 44 45 45 44 43 41 40 40 40 38 37 36 36 34 34 32 32 31 32 32 32 32 30 30 29 29 28 27 28 26 26 26 26 24 24 23 23 23 24 24 21 20 20 20 20 19 19 19 20 23 22 18 17 16 16 15 15 15 16 16 36 31 27 20 16 13 13 12 13 13
-9999 -9999 -9999 -9999 -9999 -9999 -9999 -9999 -9999 -9999 -9999 -9999 -9999 -9999 -9999 -9999 -9999 -9999 -9999 -9999 47 48 46 45 45 44 43 43 40 40 40 38 38 37 36 35 34 34 32 31 32 32 32 32 30 30 29 29 28 27 28 26 26 26 26 24 24 23 23 23 24 24 23 20 20 20 20 20 19 19 20 23 22 17 17 17 16 15 15 15 16 18 38 38 32 31 16 13 13 13 13 13
-9999 -9999 -9999 -9999 -9999 -9999 -9999 -9999 -9999 -9999 -9999 -9999 -9999 -9999 -9999 -9999 -9999 -9999 -9999 -9999 47 45 44 46 45 43 42 42 40 40 40 40 38 37 36 35 34 34 32 31 31 30 30 30 30 29 28 28 27 26 27 25 25 25 25 25 24 24 23 23 24 24 23 21 20 20 20 20 20 19 20 23 25 20 17 16 16 15 15 15 16 16 21 42 34 22 16 13 13 12 12 12
-9999 -9999 -9999 -9999 -9999 -9999 -9999 -9999 -9999 -9999 -9999 -9999 -9999 -9999 -9999 -9999 -9999 53 50 49 53 48 47 46 45 44 42 42 40 40 40 40 38 38 37 36 35 34 34 32 31 30 30 30 30 29 28 28 27 27 27 26 25 25 25 25 24 24 23 23 24 24 23 23 21 20 21 21 21 23 22 22 26 19 17 16 16 15 15 15 16 16 16 19 23 17 16 13 13 12 12 12
-9999 -9999 -9999 -9999 -9999 -9999 -9999 -9999 -9999 -9999 -9999 -9999 -9999 -9999 -9999 -9999 -9999 53 51 53 49 50 48 46 46 42 42 41 42 41 40 40 39 38 38 36 36 34 34 34 31 30 30 30 30 28 28 28 27 27 27 26 26 25 25 25 25 24 23 23 24 24 23 23 23 21 21 21 21 21 25 25 30 19 17 16 16 15 15 15 16 16 16 16 17 16 16 13 13 12 12 12
-9999 -9999 -9999 -9999 -9999 -9999 -9999 -9999 -9999 -9999 -9999 -9999 -9999 -9999 -9999 -9999 -9999 59 51 55 49 46 49 46 46 45 41 42 42 41 41 39 39 38 37 37 36 34 34 33 33 30 30 30 30 29 28 28 27 27 29 26 26 26 26 25 25 24 23 23 24 24 23 23 23 21 21 21 21 27 30 28 28 21 19 16 16 15 15 15 16 16 16 16 16 16 15 13 13 12 12 12
-9999 -9999 -9999 -9999 -9999 -9999 -9999 -9999 -9999 -9999 -9999 -9999 -9999 -9999 -9999 -9999 -9999 -9999 51 49 53 46 49 47 46 46 45 42 42 42 41 39 39 38 37 37 37 34 34 34 33 31 30 30 30 29 28 28 27 27 28 26 26 26 26 25 25 24 23 23 24 24 23 23 23 23 21 21 21 23 28 26 28 23 19 19 16 15 15 15 16 16 16 16 16 15 15 13 12 12 12 12
-9999 -9999 -9999 -9999 -9999 -9999 -9999 -9999 -9999 -9999 -9999 -9999 -9999 -9999 -9999 -9999 -9999 62 58 56 49 51 46 45 45 46 45 43 42 42 41 39 39 39 37 37 37 36 34 34 33 33 30 30 29 29 28 28 27 27 28 28 26 26 26 26 25 24 24 23 24 24 23 23 23 23 23 21 23 23 26 23 26 23 20 19 16 15 15 15 16 16 16 16 15 15 15 13 12 12 12 12
-9999 -9999 -9999 -9999 -9999 -9999 -9999 -9999 -9999 -9999 -9999 -9999 -9999 -9999 -9999 -9999 61 61 53 51 53 47 49 48 45 45 45 43 42 42 -9999 -9999 -9999 -9999 37 37 37 37 34 34 33 33 32 30 30 29 29 28 27 27 28 28 26 26 26 26 25 24 24 23 24 24 23 23 23 23 23 23 23 23 24 22 24 23 19 19 17 16 15 15 16 16 16 16 15 15 15 15 12 12 12 12
-9999 -9999 -9999 -9999 -9999 -9999 -9999 -9999 -9999 -9999 -9999 -9999 -9999 -9999 -9999 -9999 61 56 59 52 50 51 49 48 47 45 44 44 -9999 -9999 -9999 -9999 -9999 -9999 -9999 37 37 37 36 34 34 33 33 30 30 29 29 27 27 27 28 28 28 26 26 26 24 24 24 24 24 24 23 23 23 23 23 23 23 23 22 20 21 21 20 19 19 16 15 15 16 16 16 16 15 15 15 15 13 12 12 12
-9999 -9999 -9999 -9999 -9999 -9999 -9999 -9999 -9999 -9999 -9999 -9999 -9999 -9999 -9999 -9999 61 58 57 59 54 51 51 48 47 -9999 -9999 -9999 -9999 -9999 -9999 -9999 -9999 -9999 -9999 -9999 37 36 36 34 34 33 33 31 30 29 29 27 27 27 28 28 28 26 26 26 26 24 24 24 24 24 24 23 23 23 23 23 23 21 20 20 20 20 19 19 19 16 15 15 16 16 16 16 15 15 15 15 15 12 12 12
-9999 -9999 -9999 -9999 -9999 -9999 -9999 -9999 -9999 -9999 -9999 -9999 -9999 -9999 -9999 -9999 55 62 51 56 54 50 -9999 -9999 -9999 -9999 -9999 -9999 -9999 -9999 -9999 -9999 -9999 -9999 -9999 -9999 -9999 -9999 36 35 34 33 33 32 30 30 29 28 27 27 29 28 28 28 26 26 26 25 24 24 25 24 24 23 23 23 23 23 21 19 20 20 20 20 19 19 19 19 15 15 16 16 16 16 16 15 15 15 15 13 12 12
-9999 -9999 -9999 -9999 -9999 -9999 -9999 -9999 -9999 -9999 -9999 -9999 -9999 -9999 -9999 -9999 56 55 51 -9999 -9999 -9999 -9999 -9999 -9999 -9999 -9999 -9999 -9999 -9999 -9999 -9999 -9999 -9999 -9999 -9999 -9999 -9999 -9999 -9999 34 33 32 32 30 30 29 28 27 27 28 27 27 27 26 26 25 25 24 24 25 25 23 22 22 22 22 22 20 19 19 19 19 19 19 18 18 18 18 15 15 15 15 15 15 15 15 14 14 14 12 12
-9999 -9999 -9999 -9999 -9999 -9999 -9999 -9999 -9999 -9999 -9999 -9999 -9999 -9999 -9999 -9999 -9999 -9999 -9999 -9999 -9999 -9999 -9999 -9999 -9999 -9999 -9999 -9999 -9999 -9999 -9999 -9999 -9999 -9999 -9999 -9999 -9999 -9999 -9999 -9999 -9999 -9999 -9999 -9999 -9999 29 29 29 29 27 28 28 27 27 26 26 26 25 25 25 25 25 23 23 22 22 22 22 21 20 19 19 19 19 22 20 18 18 18 15 15 15 15 15 15 15 15 15 14 14 15 12
-9999 -9999 -9999 -9999 -9999 -9999 -9999 -9999 -9999 -9999 -9999 -9999 -9999 -9999 -9999 -9999 -9999 -9999 -9999 -9999 -9999 -9999 -9999 -9999 -9999 -9999 -9999 -9999 -9999 -9999 -9999 -9999 -9999 -9999 -9999 -9999 -9999 -9999 -9999 -9999 -9999 -9999 -9999 -9999 -9999 31 29 29 29 29 28 28 28 27 26 25 25 25 25 25 26 25 25 23 22 22 22 22 21 20 19 19 19 23 24 22 20 18 18 17 15 15 15 16 16 15 15 20 16 14 15 15
-9999 -9999 -9999 -9999 -9999 -9999 -9999 -9999 -9999 -9999 -9999 -9999 -9999 -9999 -9999 -9999 -9999 -9999 -9999 -9999 -9999 -9999 -9999 -9999 -9999 -9999 -9999 -9999 -9999 -9999 -9999 -9999 -9999 -9999 -9999 -9999 -9999 -9999 -9999 -9999 -9999 -9999 -9999 -9999 -9999 32 31 31 29 29 31 28 28 27 27 26 25 25 25 25 26 26 25 23 23 22 22 22 21 21 21 22 22 24 26 24 22 18 18 18 18 15 15 19 19 16 15 15 19 15 15 15
-9999 -9999 -9999 -9999 -9999 -9999 -9999 -9999 -9999 -9999 -9999 -9999 -9999 -9999 -9999 -9999 -9999 -9999 -9999 -9999 -9999 -9999 -9999 -9999 -9999 -9999 -9999 -9999 -9999 -9999 -9999 -9999 -9999 -9999 -9999 -9999 -9999 -9999 -9999 -9999 -9999 -9999 -9999 -9999 -9999 33 32 31 31 29 31 28 28 28 27 27 25 25 25 25 26 26 25 25 23 23 23 22 22 21 22 23 23 24 24 24 22 18 18 18 18 17 15 16 19 19 16 15 15 14 15 15
-9999 -9999 -9999 -9999 -9999 -9999 -9999 -9999 -9999 -9999 -9999 -9999 -9999 -9999 -9999 -9999 -9999 -9999 -9999 -9999 -9999 -9999 -9999 -9999 -9999 -9999 -9999 -9999 -9999 -9999 -9999 -9999 -9999 -9999 -9999 -9999 -9999 -9999 -9999 -9999 -9999 -9999 -9999 -9999 -9999 33 33 31 31 31 31 31 28 28 27 27 25 25 25 25 26 26 25 25 25 23 26 22 22 22 22 23 25 23 22 22 19 18 18 18 19 18 15 18 18 16 15 15 14 14 15 15
-9999 -9999 -9999 -9999 -9999 -9999 -9999 -9999 -9999 -9999 -9999 -9999 -9999 -9999 -9999 -9999 -9999 -9999 -9999 -9999 -9999 -9999 -9999 -9999 -9999 -9999 -9999 -9999 -9999 -9999 -9999 -9999 -9999 -9999 -9999 -9999 -9999 -9999 -9999 -9999 -9999 -9999 -9999 -9999 34 34 33 33 31 31 31 31 31 28 28 27 27 25 25 25 26 26 26 25 25 23 22 22 22 22 22 22 22 22 22 20 19 18 18 18 19 18 17 15 15 15 15 15 14 14 15 15
-9999 -9999 -9999 -9999 -9999 -9999 -9999 -9999 -9999 -9999 -9999 -9999 -9999 -9999 -9999 -9999 -9999 -9999 -9999 -9999 -9999 -9999 -9999 -9999 -9999 -9999 -9999 -9999 -9999 -9999 -9999 -9999 -9999 -9999 -9999 -9999 -9999 -9999 -9999 -9999 -9999 -9999 -9999 36 34 34 34 33 32 31 32 31 31 28 28 27 27 25 25 25 26 26 26 25 25 24 22 26 22 22 23 22 23 23 22 22 19 18 18 18 19 18 18 15 15 15 15 14 14 14 15 15
91 84 -9999 -9999 -9999 -9999 -9999 -9999 -9999 -9999 -9999 -9999 -9999 -9999 -9999 -9999 -9999 -9999 -9999 -9999 -9999 -9999 -9999 -9999 -9999 -9999 -9999 -9999 -9999 -9999 -9999 -9999 -9999 -9999 -9999 -9999 -9999 -9999 -9999 -9999 -9999 -9999 -9999 36 36 34 34 34 32 31 32 31 31 28 28 27 27 26 25 25 26 26 26 26 25 25 26 26 26 22 23 22 22 24 24 22 22 20 18 18 19 18 18 17 15 15 15 14 14 14 15 15
85 86 -9999 -9999 -9999 -9999 -9999 -9999 -9999 -9999 -9999 -9999 -9999 -9999 -9999 -9999 -9999 -9999 -9999 -9999 -9999 -9999 -9999 -9999 -9999 -9999 -9999 -9999 -9999 -9999 -9999 -9999 -9999 -9999 -9999 -9999 -9999 -9999 -9999 -9999 -9999 -9999 38 37 36 35 34 34 32 31 32 32 31 30 28 27 27 27 25 25 26 26 26 26 25 24 26 28 26 22 23 22 22 24 25 24 22 22 18 18 19 18 18 18 17 15 15 15 14 14 15 15
85 93 85 -9999 -9999 -9999 -9999 -9999 -9999 -9999 -9999 -9999 -9999 -9999 -9999 -9999 -9999 -9999 -9999 -9999 -9999 -9999 -9999 -9999 -9999 -9999 -9999 -9999 -9999 -9999 -9999 -9999 -9999 -9999 -9999 -9999 -9999 -9999 -9999 -9999 -9999 39 38 38 37 36 34 34 32 32 31 30 30 28 27 27 27 27 26 25 25 25 25 25 24 24 25 25 29 22 22 22 22 23 23 22 18 18 18 18 19 19 18 18 17 15 15 15 14 14 15 15
87 94 85 92 -9999 -9999 -9999 -9999 -9999 -9999 -9999 -9999 -9999 -9999 -9999 -9999 -9999 -9999 -9999 -9999 -9999 -9999 -9999 -9999 -9999 -9999 -9999 -9999 -9999 -9999 -9999 -9999 -9999 -9999 -9999 -9999 -9999 -9999 -9999 -9999 -9999 39 39 38 37 36 34 34 33 32 31 30 30 29 28 27 27 27 26 25 25 25 25 25 24 24 24 25 25 25 23 22 22 22 23 22 18 18 18 18 19 19 18 18 18 17 15 15 14 14 15 15
94 85 92 82 -9999 -9999 -9999 -9999 -9999 -9999 -9999 -9999 -9999 -9999 -9999 -9999 -9999 -9999 -9999 -9999 -9999 -9999 -9999 -9999 -9999 -9999 -9999 -9999 -9999 -9999 -9999 -9999 -9999 -9999 -9999 -9999 -9999 -9999 -9999 -9999 41 41 39 38 37 36 35 34 34 32 32 30 30 29 28 27 27 27 27 25 25 25 25 25 24 24 24 24 23 23 23 22 22 22 23 22 18 18 18 18 19 19 19 18 18 18 18 15 14 14 15 15
92 91 94 90 82 -9999 -9999 -9999 -9999 -9999 -9999 -9999 -9999 -9999 -9999 -9999 -9999 -9999 -9999 -9999 -9999 -9999 -9999 -9999 -9999 -9999 -9999 -9999 -9999 -9999 -9999 -9999 -9999 -9999 -9999 -9999 -9999 -9999 -9999 43 41 41 39 38 37 36 35 34 33 33 32 30 30 30 28 28 27 27 27 26 25 25 25 25 24 24 24 23 23 22 22 22 22 22 24 20 18 18 18 18 21 19 19 18 18 18 17 15 14 14 15 15
93 91 82 83 -9999 -9999 -9999 -9999 -9999 -9999 -9999 -9999 -9999 -9999 -9999 -9999 -9999 -9999 -9999 -9999 -9999 -9999 -9999 -9999 -9999 -9999 -9999 -9999 -9999 -9999 -9999 -9999 -9999 -9999 -9999 -9999 -9999 -9999 -9999 44 43 41 40 39 37 37 35 34 33 33 32 30 30 29 28 28 27 27 27 26 27 25 25 25 25 24 24 23 23 23 22 22 22 22 22 20 18 18 18 18 19 19 19 19 18 17 15 15 14 14 15 15
93 85 84 89 92 -9999 -9999 -9999 -9999 -9999 -9999 -9999 -9999 -9999 -9999 -9999 -9999 -9999 -9999 -9999 -9999 -9999 -9999 -9999 -9999 -9999 -9999 -9999 -9999 -9999 -9999 -9999 -9999 -9999 -9999 -9999 -9999 -9999 44 44 44 41 40 39 37 37 36 35 33 33 32 31 30 29 28 28 27 27 27 27 27 25 25 25 25 24 24 23 23 23 22 22 22 22 22 20 20 18 18 18 19 18 18 18 18 18 17 15 14 15 15 15
94 85 84 90 -9999 -9999 -9999 -9999 -9999 -9999 -9999 -9999 -9999 -9999 -9999 -9999 -9999 -9999 -9999 -9999 -9999 -9999 -9999 -9999 -9999 -9999 -9999 -9999 -9999 -9999 -9999 -9999 -9999 -9999 -9999 -9999 -9999 -9999 46 44 44 41 40 39 37 37 36 35 33 33 32 31 30 30 29 28 28 27 27 27 27 27 25 25 25 24 24 23 23 22 22 22 22 22 21 20 20 18 18 18 19 18 18 18 18 18 18 18 14 14 15 15
96 93 85 83 -9999 -9999 -9999 -9999 -9999 -9999 -9999 -9999 -9999 -9999 -9999 -9999 -9999 -9999 -9999 -9999 -9999 -9999 -9999 -9999 -9999 -9999 -9999 -9999 -9999 58 57 57 55 53 51 -9999 48 47 46 44 44 42 40 40 38 37 36 35 33 33 33 31 31 30 29 29 28 28 27 27 28 27 25 25 25 24 24 23 23 23 22 22 22 22 21 20 20 18 18 18 19 19 18 18 18 18 18 17 14 14 15 15
89 87 85 90 -9999 -9999 -9999 -9999 -9999 -9999 -9999 -9999 -9999 -9999 -9999 -9999 -9999 -9999 -9999 -9999 -9999 -9999 -9999 -9999 -9999 -9999 -9999 63 60 60 57 57 55 53 52 50 49 48 46 44 44 43 42 40 38 37 36 36 35 33 33 33 33 31 30 29 29 28 27 27 29 27 25 25 24 24 24 23 23 23 22 22 22 22 20 20 18 18 18 18 19 19 18 18 18 17 17 17 14 14 15 15
96 96 87 92 -9999 -9999 -9999 -9999 -9999 -9999 -9999 -9999 -9999 -9999 -9999 -9999 -9999 -9999 -9999 -9999 -9999 -9999 -9999 -9999 -9999 -9999 65 64 62 60 60 57 56 55 53 51 50 48 46 46 44 44 43 40 40 38 37 36 35 35 33 33 37 33 31 30 29 28 28 27 29 27 27 25 24 24 24 23 23 21 22 22 22 22 20 20 20 18 18 18 19 19 18 18 18 17 17 15 14 14 15 15
98 97 95 94 -9999 -9999 -9999 -9999 -9999 -9999 -9999 -9999 -9999 -9999 -9999 -9999 -9999 -9999 -9999 -9999 -9999 -9999 -9999 -9999 -9999 -9999 66 65 65 62 60 57 57 54 53 51 51 49 46 45 45 44 43 40 40 39 37 36 36 36 35 35 38 36 32 30 30 29 28 26 27 26 26 25 25 24 24 23 23 21 21 21 21 21 19 19 19 18 18 18 17 17 17 17 17 16 16 15 14 14 14 14
100 91 89 94 -9999 -9999 -9999 -9999 -9999 -9999 -9999 -9999 -9999 -9999 -9999 -9999 -9999 -9999 -9999 -9999 -9999 -9999 -9999 -9999 -9999 -9999 70 69 67 63 61 59 57 56 53 52 51 49 47 46 46 45 43 43 40 40 39 37 36 36 36 36 36 35 33 32 30 29 28 27 27 27 26 27 26 25 24 23 24 23 24 21 21 21 21 21 21 20 19 18 17 17 17 17 17 16 16 15 14 14 14 14
100 92 97 89 87 86 92 91 91 88 90 -9999 -9999 -9999 -9999 -9999 -9999 -9999 -9999 -9999 -9999 -9999 -9999 -9999 -9999 -9999 69 72 71 65 63 64 59 56 54 53 51 49 48 47 48 46 45 43 40 40 39 38 36 36 36 36 36 36 33 32 30 29 29 27 27 27 27 27 26 26 25 24 24 24 25 24 23 23 21 21 21 20 19 19 18 17 17 17 17 16 16 15 14 14 14 14
103 100 92 89 96 94 92 92 91 90 91 89 89 87 87 86 84 83 83 -9999 -9999 -9999 -9999 -9999 -9999 -9999 73 74 72 66 63 70 60 58 56 53 52 49 49 49 48 48 45 43 43 40 40 39 37 39 44 38 38 38 33 32 31 29 29 27 27 27 27 26 26 25 24 24 24 24 25 25 24 23 21 21 21 20 19 19 20 18 17 17 17 17 16 16 14 14 14 14
105 94 93 98 96 96 94 93 92 91 91 90 83 83 81 86 78 84 84 83 87 87 87 84 82 77 75 81 79 72 69 69 62 59 58 59 52 50 52 50 49 48 46 44 43 42 40 39 38 36 52 51 43 39 35 33 32 30 29 29 29 29 27 26 26 25 25 24 24 24 25 25 25 23 23 21 21 20 20 19 18 18 18 17 17 17 17 16 16 16 14 14
