invasiveSpecies/multiSpecies/data/worldclim_KE/worldclim_KE_2050_BC26_Bio11.asc
ncols         347
nrows         295
xllcorner     36.068012264173
yllcorner     0.13039239511974
cellsize      0.0083333333333333
NODATA_value  -9999
[rows 111 to 147 of 295, columns 168 to 251 of 347]
-9999 -9999 -9999 -9999 -9999 -9999 -9999 246 246 247 247 252 254 254 254 254 254 254 254 251 249 242 254 250 250 252 254 253 249 232 249 255 255 256 256 256 256 256 256 257 257 257 255 254 254 255 255 254 254 253 253 254 254 255 255 254 255 255 255 255 255 256 258 258 258 258 261 261 261 261 261 262 263 263 262 261 261 262 262 262 263 263 263 264
-9999 -9999 -9999 -9999 -9999 -9999 -9999 246 246 246 246 252 253 253 253 253 254 254 254 251 251 252 253 250 250 250 254 253 241 229 253 254 255 255 255 256 256 256 256 256 256 256 255 255 255 256 256 254 254 254 255 254 254 254 255 255 255 255 255 256 255 258 257 258 261 262 261 261 262 262 262 261 261 261 263 263 263 262 262 263 263 263 264 264
-9999 -9999 -9999 -9999 -9999 -9999 245 246 248 246 251 252 253 251 253 253 253 253 254 252 252 253 253 250 252 254 254 253 239 250 254 254 255 255 255 255 255 255 256 257 256 256 255 255 256 256 256 254 254 255 254 255 255 255 256 255 255 255 256 256 256 256 257 258 260 261 259 259 259 260 261 260 260 261 261 262 263 264 264 264 263 263 264 264
-9999 -9999 -9999 -9999 -9999 245 245 245 245 246 249 252 252 252 252 253 253 253 253 252 253 253 250 253 254 254 254 252 245 246 253 254 255 255 255 255 255 255 255 256 255 255 255 255 255 256 255 253 254 255 257 257 256 255 256 255 255 255 255 256 256 256 258 260 259 259 259 259 260 259 260 260 261 261 261 262 262 264 264 264 263 263 263 264
-9999 -9999 -9999 -9999 -9999 244 244 245 245 245 246 251 252 252 252 252 253 253 253 252 252 252 248 253 253 253 253 252 246 251 252 253 254 254 255 255 255 255 255 255 255 255 254 254 254 255 255 254 253 257 256 257 257 257 254 254 254 254 256 259 260 260 257 258 258 258 259 258 259 259 259 259 260 261 261 262 262 262 264 264 264 263 263 264
-9999 -9999 -9999 -9999 243 244 244 244 244 245 245 250 251 251 251 252 252 252 252 251 252 252 250 252 252 251 253 252 246 236 252 253 255 254 254 254 254 255 254 254 254 254 255 253 253 255 255 255 256 255 252 256 257 258 254 254 259 260 260 260 256 256 257 257 258 258 258 258 259 259 259 259 259 260 261 261 262 262 263 263 264 264 263 263
-9999 -9999 243 243 243 243 243 243 243 244 244 245 249 248 250 251 251 251 251 251 251 251 251 252 252 253 251 250 246 233 250 253 254 255 255 255 255 253 253 254 254 252 253 253 256 256 256 255 256 255 248 255 258 254 255 255 256 255 260 256 256 257 256 257 257 258 258 258 258 259 259 259 260 260 260 261 261 262 262 263 263 263 263 263
242 243 243 242 242 242 241 242 242 243 244 244 245 247 249 250 250 250 250 249 251 251 251 252 252 253 251 249 248 234 252 253 254 254 254 255 253 245 251 254 253 253 254 256 256 257 257 255 256 254 245 253 258 259 255 258 255 255 255 255 255 256 256 256 257 257 257 258 258 258 259 259 259 260 260 261 262 262 263 263 263 263 263 263
242 242 242 242 242 241 240 241 242 242 243 243 244 244 247 246 250 250 249 250 250 250 251 251 251 251 251 250 247 243 249 252 253 254 254 253 252 250 252 252 252 254 255 256 255 257 257 256 257 254 249 256 258 258 258 258 255 255 255 255 256 256 255 256 256 257 257 257 258 258 259 259 259 260 260 263 263 263 263 263 263 263 263 263
241 241 242 241 240 240 240 241 242 242 243 243 244 243 243 247 247 250 249 250 250 249 250 251 251 251 250 249 248 233 250 252 253 254 254 254 252 250 251 253 253 254 254 256 255 257 257 257 257 258 257 257 254 254 254 254 254 254 255 254 255 255 255 255 256 256 257 257 258 258 258 258 259 260 261 262 262 262 262 263 263 263 263 261
239 240 240 240 240 240 239 240 241 242 243 243 245 245 243 247 247 249 249 249 249 248 249 250 251 251 251 250 244 248 251 252 253 253 253 253 253 252 253 253 253 253 254 255 256 256 257 257 257 258 258 253 253 253 254 254 254 254 254 254 254 254 254 255 255 256 256 257 257 258 258 258 258 259 260 261 261 261 262 263 262 262 263 260
234 237 239 240 240 239 239 240 240 241 242 243 245 245 247 247 248 249 248 248 249 248 250 251 250 251 250 250 243 249 252 252 253 252 253 253 252 253 253 253 253 253 254 255 256 256 256 257 257 257 253 252 253 253 253 254 254 253 253 254 254 254 254 255 255 256 256 257 256 256 257 257 258 259 260 261 261 262 262 262 262 262 262 259
232 236 238 239 238 238 237 238 239 240 240 242 245 245 246 243 246 248 247 248 248 248 250 250 249 249 250 250 244 250 251 252 253 252 252 252 252 252 252 253 253 253 255 255 255 256 256 257 257 257 252 252 252 252 253 253 253 253 253 253 253 253 253 254 255 256 256 256 256 256 257 257 258 258 259 261 262 261 262 262 262 262 260 259
215 231 237 238 237 237 237 238 239 239 239 240 244 245 245 242 242 246 247 247 248 248 249 249 249 250 249 249 250 250 251 252 251 251 251 251 252 252 253 253 253 253 254 255 255 256 256 257 256 253 252 252 251 252 252 252 253 253 253 252 252 253 253 254 255 256 256 256 256 255 256 257 257 258 259 261 261 262 262 262 262 262 259 259
221 218 235 237 236 236 237 237 238 238 238 238 239 244 244 242 244 245 246 246 246 248 249 249 249 249 249 250 250 250 251 252 251 250 251 251 251 252 252 253 253 254 254 254 255 256 256 256 256 252 250 250 251 252 252 251 251 252 252 252 252 252 253 253 255 255 255 255 255 255 256 256 257 257 258 261 261 262 262 262 262 262 258 258
232 231 233 236 235 235 235 235 237 237 238 238 239 240 243 242 244 245 245 245 246 247 248 249 248 249 249 249 248 250 251 251 251 250 251 251 252 252 253 253 254 254 253 253 255 255 256 256 252 252 251 251 251 252 251 249 250 251 252 252 252 252 252 253 254 254 254 254 255 255 256 256 256 260 258 261 260 262 262 262 263 258 258 256
234 236 236 236 235 234 235 235 236 237 237 236 239 239 238 241 243 245 244 244 246 247 247 248 249 249 250 249 248 250 251 250 249 250 250 251 251 252 253 253 253 254 253 253 255 255 256 256 255 256 252 252 251 251 251 249 248 249 251 250 252 253 252 252 254 253 253 252 253 253 254 256 256 261 261 262 261 261 262 262 257 257 256 256
238 238 236 236 235 233 233 235 235 236 236 236 238 237 238 237 239 239 244 245 245 246 248 248 248 248 248 249 249 249 250 250 248 249 249 250 250 251 252 253 253 253 254 254 255 255 255 256 257 257 252 252 252 252 251 249 250 249 250 251 252 253 252 252 254 253 253 253 253 253 255 255 258 261 261 262 261 261 262 262 256 257 257 258
239 238 237 236 235 234 234 234 236 236 235 235 236 236 237 237 239 239 238 240 245 246 246 247 247 248 249 249 249 249 250 250 248 249 248 248 250 251 252 252 252 253 253 254 254 254 253 256 257 257 258 258 258 257 251 251 251 250 251 251 252 253 254 253 253 253 254 253 260 260 261 261 261 261 261 262 262 262 262 256 257 257 257 257
239 238 237 236 235 235 235 235 236 236 235 234 236 236 237 238 237 239 239 240 244 245 246 247 247 248 249 249 250 249 249 249 249 248 248 249 250 250 251 252 253 253 254 255 254 255 255 256 256 257 258 258 257 257 258 252 252 251 252 251 252 252 257 254 254 260 261 260 261 260 260 261 256 261 261 261 262 262 262 256 256 256 257 257
240 237 237 237 237 236 236 236 236 235 235 236 236 236 237 238 238 239 239 241 243 245 246 247 248 246 248 249 249 249 249 249 248 248 250 249 250 250 251 251 252 253 254 254 254 255 255 256 257 256 258 258 258 258 258 255 253 253 252 252 260 260 259 260 260 260 257 256 255 254 253 254 255 261 261 261 261 261 255 255 255 255 256 256
239 238 237 238 236 236 236 236 237 237 237 236 236 236 237 238 239 239 242 245 246 246 247 247 247 248 247 249 248 250 250 250 249 249 246 247 247 250 250 252 252 252 253 254 254 255 255 256 256 257 258 258 257 258 258 258 258 258 259 259 259 260 259 260 260 254 254 254 254 254 253 254 254 260 261 261 261 260 254 255 255 255 259 265
241 239 238 238 237 238 238 238 238 237 237 236 236 236 238 238 239 238 243 242 245 246 247 248 247 247 249 249 249 250 250 250 246 245 246 247 249 251 252 252 253 254 254 254 255 255 256 256 257 257 257 258 258 258 258 258 258 258 258 259 259 260 260 260 260 260 260 253 253 253 253 254 259 260 260 261 261 260 260 254 254 264 264 265
241 240 239 239 237 238 238 237 238 238 238 236 237 237 238 239 240 244 243 240 245 246 246 248 249 248 249 249 250 250 251 251 250 246 246 247 251 250 251 253 252 253 254 255 255 256 257 257 256 257 258 258 258 258 257 258 258 258 258 259 259 259 259 260 259 260 259 259 253 253 253 253 259 256 260 260 260 253 256 254 254 263 264 264
240 240 239 239 239 238 238 240 239 239 238 236 236 237 238 238 239 245 244 244 246 247 247 248 249 248 249 249 250 250 250 251 250 246 247 247 247 248 250 252 254 254 254 255 256 256 256 255 255 257 258 258 258 258 257 257 258 258 258 258 258 259 259 259 260 259 259 259 258 252 252 253 252 253 259 260 260 253 253 253 253 253 259 264
241 240 239 240 240 239 240 241 239 239 238 238 238 238 238 239 239 245 246 246 247 247 247 249 248 249 249 250 250 251 251 252 250 250 248 248 248 248 248 250 254 255 255 255 256 256 256 256 256 257 257 258 258 258 257 257 257 258 258 258 258 258 259 258 258 259 259 259 259 252 252 252 252 252 259 259 259 253 253 252 251 252 254 262
239 239 239 241 240 240 240 241 240 239 239 239 239 238 238 239 245 246 246 246 247 248 248 249 249 250 250 250 250 251 251 252 252 250 251 250 251 252 250 249 251 254 255 255 256 256 256 255 255 256 257 257 257 257 256 255 257 257 257 257 258 258 258 258 259 259 258 258 258 258 252 251 251 251 252 252 252 252 252 251 249 251 253 261
238 238 239 240 242 242 242 242 241 240 239 239 238 239 239 240 240 246 247 247 247 248 249 249 249 250 251 251 251 251 251 252 252 251 251 251 252 252 253 253 250 253 254 255 255 256 255 254 255 256 257 257 256 256 252 253 256 257 258 257 257 258 257 258 258 257 257 259 259 258 252 252 251 251 252 252 252 252 251 249 249 249 251 256
240 239 239 240 241 242 242 243 240 240 239 238 238 239 240 240 241 245 247 247 248 248 248 249 250 250 251 251 251 252 252 252 252 251 252 252 252 253 253 254 250 252 255 255 255 255 254 255 256 256 257 254 253 256 252 253 256 256 256 256 257 256 257 257 257 258 258 258 257 258 258 252 252 251 254 252 252 251 251 250 249 250 251 253
243 239 240 240 240 240 241 242 241 240 240 238 239 239 240 240 241 242 246 247 247 248 248 248 249 249 251 252 252 252 252 252 252 252 252 253 253 254 254 254 255 255 255 255 255 255 254 255 256 256 257 252 254 251 251 254 255 256 256 256 256 255 255 257 256 256 257 257 258 257 257 257 255 258 258 258 252 251 251 250 250 251 252 253
243 243 244 239 240 240 240 240 244 241 241 241 240 240 241 240 241 241 242 245 246 243 250 250 249 251 252 252 252 251 251 252 252 252 252 252 253 253 253 253 253 254 254 254 254 254 255 256 256 256 255 251 254 250 250 254 255 255 256 256 255 255 255 255 254 255 256 256 256 257 257 257 258 258 258 259 255 251 251 251 251 252 256 262
244 244 245 245 244 245 245 240 244 245 245 244 242 242 242 242 244 245 247 248 249 250 251 251 251 251 251 252 252 252 252 252 252 252 252 253 253 253 253 253 253 253 253 253 254 254 255 256 254 250 251 251 249 249 250 254 254 255 255 255 255 254 255 255 254 255 256 256 256 256 256 257 257 257 258 258 259 251 252 252 252 253 257 262
244 244 244 245 245 246 246 245 245 247 248 247 242 242 242 243 244 245 245 246 246 250 250 250 251 251 251 250 252 252 252 252 252 252 251 252 252 253 253 253 252 253 253 253 254 255 255 253 252 249 250 249 249 249 250 253 253 254 255 255 254 254 254 254 254 255 255 255 255 256 256 257 257 256 256 257 259 260 253 252 260 253 255 255
244 244 244 245 245 245 246 246 247 246 247 247 248 242 243 249 247 244 250 250 250 249 250 250 250 251 250 250 251 252 251 251 252 251 251 251 252 252 252 252 252 251 254 254 254 255 253 252 249 249 250 248 249 249 249 251 253 249 254 254 254 253 254 254 254 254 254 255 255 256 256 256 256 252 252 258 259 260 260 260 261 261 261 262
244 244 244 244 244 245 245 245 245 245 245 245 247 248 248 248 249 249 249 250 247 249 245 250 250 250 249 249 251 250 251 251 251 251 251 250 251 251 252 252 251 251 253 255 255 254 254 250 249 249 250 248 248 248 249 252 253 252 254 254 253 253 253 253 253 253 254 255 255 255 256 255 255 254 252 257 258 259 260 261 261 261 261 262
243 243 244 243 244 244 244 245 245 245 245 246 246 249 249 246 249 249 249 248 245 244 244 251 250 249 247 248 249 250 251 251 251 250 250 250 250 251 251 252 251 252 252 254 253 250 247 248 248 249 248 248 248 248 250 252 251 251 253 253 252 252 252 253 253 253 253 254 254 255 255 253 251 252 252 252 252 259 259 260 260 255 262 262
242 243 242 244 243 244 244 245 244 245 246 245 245 249 248 247 246 248 243 243 244 247 249 249 249 248 247 248 250 249 251 251 250 250 250 249 249 251 251 251 251 251 253 254 253 246 246 247 247 248 248 248 247 248 251 251 251 253 253 253 253 252 252 252 252 253 253 254 254 255 251 251 251 251 251 252 253 255 259 259 255 261 262 262
