invasiveSpecies/multiSpecies/data/worldclim_KE/worldclim_KE_2050_BC26_Bio17.asc
ncols         347
nrows         295
xllcorner     36.068012264173
yllcorner     0.13039239511974
cellsize      0.0083333333333333
NODATA_value  -9999
[rows 205 to 245 of 295, columns 92 to 183 of 347]
-9999 -9999 -9999 -9999 -9999 -9999 -9999 -9999 -9999 -9999 -9999 -9999 -9999 -9999 -9999 -9999 -9999 -9999 -9999 46 45 45 44 43 41 41 40 39 39 37 37 36 36 35 33 33 33 31 31 31 31 31 28 28 27 27 26 26 26 25 24 24 23 23 23 23 22 22 22 22 21 21 19 19 19 19 19 19 24 24 23 18 16 15 15 15 14 14 14 14 14 14 13 15 16 15 12 11 11 11 11 11
-9999 -9999 -9999 -9999 -9999 -9999 -9999 -9999 -9999 -9999 -9999 -9999 -9999 -9999 -9999 -9999 -9999 -9999 -9999 -9999 46 45 44 43 43 41 40 39 39 39 37 36 36 35 34 33 33 31 31 31 32 32 29 28 28 27 27 26 26 25 24 24 24 23 23 23 22 22 22 22 22 21 19 19 19 19 19 19 21 23 21 20 16 15 15 15 15 14 14 14 14 14 16 18 18 18 12 12 11 11 11 11
-9999 -9999 -9999 -9999 -9999 -9999 -9999 -9999 -9999 -9999 -9999 -9999 -9999 -9999 -9999 -9999 -9999 -9999 -9999 -9999 47 45 44 44 43 41 41 40 39 39 39 36 36 36 34 33 33 32 31 31 34 31 31 29 28 27 27 26 26 24 24 24 24 24 23 23 22 22 22 22 22 21 19 19 19 19 19 19 19 21 18 17 16 15 15 15 15 14 14 14 14 14 22 22 16 15 14 12 11 11 11 11
-9999 -9999 -9999 -9999 -9999 -9999 -9999 -9999 -9999 -9999 -9999 -9999 -9999 -9999 -9999 -9999 -9999 -9999 -9999 48 48 46 45 44 43 42 41 40 39 39 39 36 36 36 35 34 33 32 31 31 31 31 31 29 28 27 27 27 26 26 24 24 24 24 23 23 23 22 22 22 22 22 19 19 19 19 19 18 18 18 18 17 18 16 16 15 15 14 14 14 14 18 27 27 18 14 15 15 12 11 11 11
-9999 -9999 -9999 -9999 -9999 -9999 -9999 -9999 -9999 -9999 -9999 -9999 -9999 -9999 -9999 -9999 -9999 -9999 -9999 -9999 48 47 46 44 44 43 42 40 39 39 39 37 36 36 36 34 34 32 32 31 31 31 31 31 28 28 27 27 27 26 25 24 24 24 24 23 23 22 22 22 22 22 20 19 19 19 19 18 18 18 18 21 20 17 16 15 15 14 14 14 14 14 32 29 25 18 14 12 12 11 11 11
-9999 -9999 -9999 -9999 -9999 -9999 -9999 -9999 -9999 -9999 -9999 -9999 -9999 -9999 -9999 -9999 -9999 -9999 -9999 -9999 49 47 46 44 44 43 42 42 39 39 39 37 37 36 36 35 34 34 32 31 31 31 31 30 29 28 27 27 27 26 25 24 24 24 24 23 23 22 22 22 22 22 21 19 19 19 19 19 18 18 18 21 20 16 16 16 15 14 14 14 14 16 35 35 30 29 14 12 12 12 11 11
-9999 -9999 -9999 -9999 -9999 -9999 -9999 -9999 -9999 -9999 -9999 -9999 -9999 -9999 -9999 -9999 -9999 -9999 -9999 -9999 49 47 46 45 44 43 42 42 39 39 39 38 37 36 36 35 34 34 32 31 31 30 30 30 30 29 27 27 26 25 25 24 24 24 24 24 23 23 22 22 22 22 21 20 19 19 19 19 19 18 18 21 23 18 16 15 15 14 14 14 14 14 19 38 32 20 14 12 12 11 11 11
-9999 -9999 -9999 -9999 -9999 -9999 -9999 -9999 -9999 -9999 -9999 -9999 -9999 -9999 -9999 -9999 -9999 54 51 50 50 47 47 45 45 44 42 42 41 39 39 38 37 37 36 36 35 34 34 32 31 30 30 30 30 29 27 27 26 26 25 25 24 24 24 24 23 23 22 22 22 22 21 21 20 19 20 20 20 21 20 20 24 17 16 15 15 14 14 14 14 14 14 17 21 15 14 12 12 11 11 11
-9999 -9999 -9999 -9999 -9999 -9999 -9999 -9999 -9999 -9999 -9999 -9999 -9999 -9999 -9999 -9999 -9999 54 52 50 51 48 47 45 45 43 42 42 41 40 39 38 38 37 37 36 36 34 34 34 31 30 30 30 30 28 27 27 26 26 25 25 25 24 24 24 24 23 22 22 22 22 21 21 21 20 20 20 20 20 23 23 28 17 16 15 15 14 14 14 14 14 14 14 15 14 14 12 12 11 11 11
-9999 -9999 -9999 -9999 -9999 -9999 -9999 -9999 -9999 -9999 -9999 -9999 -9999 -9999 -9999 -9999 -9999 57 52 51 51 48 48 45 45 45 42 41 41 40 40 38 38 37 37 37 36 34 34 33 33 30 30 30 30 29 28 27 26 26 26 25 25 25 25 24 24 23 22 22 22 22 21 21 21 20 20 20 20 25 28 26 26 19 17 15 15 14 14 14 14 14 14 14 14 14 13 12 12 11 11 11
-9999 -9999 -9999 -9999 -9999 -9999 -9999 -9999 -9999 -9999 -9999 -9999 -9999 -9999 -9999 -9999 -9999 -9999 52 50 51 48 48 46 45 45 44 42 41 41 39 38 38 37 37 37 37 34 34 34 33 31 30 30 30 29 28 27 26 26 26 25 25 25 25 24 24 23 22 22 22 22 21 21 21 21 20 20 20 21 26 24 26 21 17 17 15 14 14 14 14 14 14 14 14 13 13 12 11 11 11 11
-9999 -9999 -9999 -9999 -9999 -9999 -9999 -9999 -9999 -9999 -9999 -9999 -9999 -9999 -9999 -9999 -9999 59 54 52 51 49 48 47 45 45 44 43 41 41 39 38 38 38 37 37 37 35 34 34 33 33 30 30 29 29 28 28 26 26 26 26 25 25 25 25 24 23 23 22 22 22 21 21 21 21 21 20 21 21 24 21 24 21 18 17 15 14 14 14 14 14 14 14 13 13 13 12 11 11 11 11
-9999 -9999 -9999 -9999 -9999 -9999 -9999 -9999 -9999 -9999 -9999 -9999 -9999 -9999 -9999 -9999 58 58 54 52 51 49 48 47 44 44 44 42 41 40 -9999 -9999 -9999 -9999 37 37 37 36 34 34 33 33 31 30 29 29 29 28 26 26 26 26 25 25 25 25 24 23 23 22 22 22 21 21 21 21 21 21 21 21 22 20 22 21 17 17 16 15 14 14 14 14 14 14 13 13 13 13 11 11 11 11
-9999 -9999 -9999 -9999 -9999 -9999 -9999 -9999 -9999 -9999 -9999 -9999 -9999 -9999 -9999 -9999 58 58 54 53 52 50 47 47 46 44 43 43 -9999 -9999 -9999 -9999 -9999 -9999 -9999 36 36 36 36 34 33 33 32 30 29 29 29 27 26 26 26 26 26 25 25 25 23 23 23 23 22 22 21 21 21 21 21 21 21 21 20 18 19 19 18 17 17 15 14 14 14 14 14 14 13 13 13 13 12 11 11 11
-9999 -9999 -9999 -9999 -9999 -9999 -9999 -9999 -9999 -9999 -9999 -9999 -9999 -9999 -9999 -9999 58 55 54 54 52 50 50 47 46 -9999 -9999 -9999 -9999 -9999 -9999 -9999 -9999 -9999 -9999 -9999 36 36 36 34 33 33 33 31 30 29 29 27 26 26 26 26 26 25 25 25 25 23 23 23 22 22 22 21 21 21 21 21 21 20 18 18 18 18 17 17 17 15 14 14 14 14 14 14 13 13 13 13 13 11 11 11
-9999 -9999 -9999 -9999 -9999 -9999 -9999 -9999 -9999 -9999 -9999 -9999 -9999 -9999 -9999 -9999 57 57 52 52 51 49 -9999 -9999 -9999 -9999 -9999 -9999 -9999 -9999 -9999 -9999 -9999 -9999 -9999 -9999 -9999 -9999 35 34 33 33 32 32 30 29 29 28 27 26 26 26 26 26 25 25 25 24 23 23 23 22 22 21 21 21 21 21 19 18 18 18 18 18 17 17 17 17 14 14 14 14 14 14 14 13 13 13 13 12 11 11
-9999 -9999 -9999 -9999 -9999 -9999 -9999 -9999 -9999 -9999 -9999 -9999 -9999 -9999 -9999 -9999 55 53 52 -9999 -9999 -9999 -9999 -9999 -9999 -9999 -9999 -9999 -9999 -9999 -9999 -9999 -9999 -9999 -9999 -9999 -9999 -9999 -9999 -9999 33 33 32 32 29 29 29 28 27 27 26 26 26 26 25 25 24 24 23 23 23 23 22 21 21 21 21 21 19 18 18 18 18 18 18 17 17 17 17 14 14 14 14 14 14 14 14 13 13 13 11 11
-9999 -9999 -9999 -9999 -9999 -9999 -9999 -9999 -9999 -9999 -9999 -9999 -9999 -9999 -9999 -9999 -9999 -9999 -9999 -9999 -9999 -9999 -9999 -9999 -9999 -9999 -9999 -9999 -9999 -9999 -9999 -9999 -9999 -9999 -9999 -9999 -9999 -9999 -9999 -9999 -9999 -9999 -9999 -9999 -9999 29 29 28 28 27 27 26 26 26 24 24 24 24 24 24 23 23 22 22 21 21 21 21 20 19 18 18 18 18 20 19 17 17 17 14 14 14 14 14 14 14 14 14 13 13 13 11
-9999 -9999 -9999 -9999 -9999 -9999 -9999 -9999 -9999 -9999 -9999 -9999 -9999 -9999 -9999 -9999 -9999 -9999 -9999 -9999 -9999 -9999 -9999 -9999 -9999 -9999 -9999 -9999 -9999 -9999 -9999 -9999 -9999 -9999 -9999 -9999 -9999 -9999 -9999 -9999 -9999 -9999 -9999 -9999 -9999 30 29 29 29 28 27 27 26 26 24 24 24 24 24 24 24 23 23 22 21 21 21 21 20 19 18 18 18 21 22 20 19 17 17 16 14 14 14 15 15 14 14 18 15 13 13 13
-9999 -9999 -9999 -9999 -9999 -9999 -9999 -9999 -9999 -9999 -9999 -9999 -9999 -9999 -9999 -9999 -9999 -9999 -9999 -9999 -9999 -9999 -9999 -9999 -9999 -9999 -9999 -9999 -9999 -9999 -9999 -9999 -9999 -9999 -9999 -9999 -9999 -9999 -9999 -9999 -9999 -9999 -9999 -9999 -9999 32 30 30 29 29 28 27 27 26 26 24 24 24 24 24 24 24 23 22 22 21 21 21 20 20 19 20 20 22 24 22 20 17 17 17 16 14 14 17 17 15 14 14 17 14 13 13
-9999 -9999 -9999 -9999 -9999 -9999 -9999 -9999 -9999 -9999 -9999 -9999 -9999 -9999 -9999 -9999 -9999 -9999 -9999 -9999 -9999 -9999 -9999 -9999 -9999 -9999 -9999 -9999 -9999 -9999 -9999 -9999 -9999 -9999 -9999 -9999 -9999 -9999 -9999 -9999 -9999 -9999 -9999 -9999 -9999 32 32 31 30 29 29 27 27 26 26 25 24 24 24 24 24 24 23 23 22 22 22 21 21 20 20 21 21 22 22 22 20 17 17 17 16 15 14 15 17 17 15 14 14 13 13 13
-9999 -9999 -9999 -9999 -9999 -9999 -9999 -9999 -9999 -9999 -9999 -9999 -9999 -9999 -9999 -9999 -9999 -9999 -9999 -9999 -9999 -9999 -9999 -9999 -9999 -9999 -9999 -9999 -9999 -9999 -9999 -9999 -9999 -9999 -9999 -9999 -9999 -9999 -9999 -9999 -9999 -9999 -9999 -9999 -9999 32 32 31 31 30 29 28 27 27 26 26 24 24 24 24 24 24 23 23 23 22 24 21 21 21 20 21 23 21 20 20 18 17 17 17 17 16 14 16 16 15 14 14 13 13 13 13
-9999 -9999 -9999 -9999 -9999 -9999 -9999 -9999 -9999 -9999 -9999 -9999 -9999 -9999 -9999 -9999 -9999 -9999 -9999 -9999 -9999 -9999 -9999 -9999 -9999 -9999 -9999 -9999 -9999 -9999 -9999 -9999 -9999 -9999 -9999 -9999 -9999 -9999 -9999 -9999 -9999 -9999 -9999 -9999 34 33 32 32 31 30 29 29 28 27 27 26 25 24 24 24 24 24 24 23 23 22 21 21 21 21 20 20 20 20 20 19 18 17 17 17 17 16 15 14 14 14 14 14 13 13 13 13
-9999 -9999 -9999 -9999 -9999 -9999 -9999 -9999 -9999 -9999 -9999 -9999 -9999 -9999 -9999 -9999 -9999 -9999 -9999 -9999 -9999 -9999 -9999 -9999 -9999 -9999 -9999 -9999 -9999 -9999 -9999 -9999 -9999 -9999 -9999 -9999 -9999 -9999 -9999 -9999 -9999 -9999 -9999 35 34 33 33 32 32 30 30 29 29 27 27 26 25 24 24 24 24 24 24 23 23 22 21 24 21 21 21 20 21 21 20 20 18 17 17 17 17 16 16 14 14 14 14 13 13 13 13 13
69 68 -9999 -9999 -9999 -9999 -9999 -9999 -9999 -9999 -9999 -9999 -9999 -9999 -9999 -9999 -9999 -9999 -9999 -9999 -9999 -9999 -9999 -9999 -9999 -9999 -9999 -9999 -9999 -9999 -9999 -9999 -9999 -9999 -9999 -9999 -9999 -9999 -9999 -9999 -9999 -9999 -9999 35 35 34 34 33 32 30 30 29 28 27 27 26 26 25 24 24 24 24 24 24 23 23 24 24 24 21 21 20 20 22 22 20 20 19 17 17 17 16 16 15 14 14 14 13 13 13 13 13
69 68 -9999 -9999 -9999 -9999 -9999 -9999 -9999 -9999 -9999 -9999 -9999 -9999 -9999 -9999 -9999 -9999 -9999 -9999 -9999 -9999 -9999 -9999 -9999 -9999 -9999 -9999 -9999 -9999 -9999 -9999 -9999 -9999 -9999 -9999 -9999 -9999 -9999 -9999 -9999 -9999 37 36 35 34 34 33 32 30 30 30 28 28 27 27 26 25 24 24 24 24 24 24 23 22 24 26 24 21 21 20 20 22 23 22 20 20 17 17 17 16 16 16 15 14 14 14 13 13 13 13
70 69 67 -9999 -9999 -9999 -9999 -9999 -9999 -9999 -9999 -9999 -9999 -9999 -9999 -9999 -9999 -9999 -9999 -9999 -9999 -9999 -9999 -9999 -9999 -9999 -9999 -9999 -9999 -9999 -9999 -9999 -9999 -9999 -9999 -9999 -9999 -9999 -9999 -9999 -9999 38 37 37 36 35 33 33 32 31 30 30 30 28 27 27 27 25 25 24 24 24 24 23 23 23 24 24 28 21 20 20 20 21 21 20 17 17 17 17 17 17 16 16 15 14 14 14 13 13 13 13
70 69 68 69 -9999 -9999 -9999 -9999 -9999 -9999 -9999 -9999 -9999 -9999 -9999 -9999 -9999 -9999 -9999 -9999 -9999 -9999 -9999 -9999 -9999 -9999 -9999 -9999 -9999 -9999 -9999 -9999 -9999 -9999 -9999 -9999 -9999 -9999 -9999 -9999 -9999 38 38 37 36 35 33 33 33 31 30 30 30 28 28 27 27 25 25 24 24 24 24 23 23 23 23 24 24 24 21 20 20 20 21 20 17 17 17 17 17 17 16 16 16 15 14 14 13 13 13 13
70 73 72 77 -9999 -9999 -9999 -9999 -9999 -9999 -9999 -9999 -9999 -9999 -9999 -9999 -9999 -9999 -9999 -9999 -9999 -9999 -9999 -9999 -9999 -9999 -9999 -9999 -9999 -9999 -9999 -9999 -9999 -9999 -9999 -9999 -9999 -9999 -9999 -9999 40 39 38 37 36 35 34 33 33 31 31 30 29 28 28 27 27 27 25 24 23 23 23 23 23 23 23 23 22 22 21 20 20 20 21 20 17 17 17 17 17 17 17 16 16 16 16 14 13 13 13 13
73 79 71 76 79 -9999 -9999 -9999 -9999 -9999 -9999 -9999 -9999 -9999 -9999 -9999 -9999 -9999 -9999 -9999 -9999 -9999 -9999 -9999 -9999 -9999 -9999 -9999 -9999 -9999 -9999 -9999 -9999 -9999 -9999 -9999 -9999 -9999 -9999 41 40 39 38 36 36 35 34 33 33 32 31 30 29 29 28 28 27 27 25 25 23 23 23 23 23 23 23 22 22 21 20 20 20 20 22 18 17 17 17 17 19 17 17 16 16 16 15 14 13 13 13 13
75 79 84 79 -9999 -9999 -9999 -9999 -9999 -9999 -9999 -9999 -9999 -9999 -9999 -9999 -9999 -9999 -9999 -9999 -9999 -9999 -9999 -9999 -9999 -9999 -9999 -9999 -9999 -9999 -9999 -9999 -9999 -9999 -9999 -9999 -9999 -9999 -9999 42 41 39 39 37 36 36 34 33 33 32 31 30 29 29 28 28 27 26 25 25 25 23 23 23 23 23 23 22 22 22 20 20 20 20 20 18 17 17 17 17 17 17 17 17 16 15 14 13 13 13 13 13
80 83 85 83 74 -9999 -9999 -9999 -9999 -9999 -9999 -9999 -9999 -9999 -9999 -9999 -9999 -9999 -9999 -9999 -9999 -9999 -9999 -9999 -9999 -9999 -9999 -9999 -9999 -9999 -9999 -9999 -9999 -9999 -9999 -9999 -9999 -9999 42 42 42 39 39 37 36 36 35 34 32 32 31 30 29 29 28 28 27 26 26 25 25 24 23 23 23 23 23 22 22 22 20 20 20 20 20 18 18 17 17 17 17 16 16 16 16 16 15 14 13 14 13 13
79 82 85 85 -9999 -9999 -9999 -9999 -9999 -9999 -9999 -9999 -9999 -9999 -9999 -9999 -9999 -9999 -9999 -9999 -9999 -9999 -9999 -9999 -9999 -9999 -9999 -9999 -9999 -9999 -9999 -9999 -9999 -9999 -9999 -9999 -9999 -9999 44 42 42 39 39 37 36 36 35 34 32 32 31 30 29 29 29 28 28 27 27 26 25 25 23 23 23 23 23 22 22 21 20 20 20 20 19 18 18 17 17 17 17 16 16 16 16 16 16 16 13 13 13 13
79 83 88 88 -9999 -9999 -9999 -9999 -9999 -9999 -9999 -9999 -9999 -9999 -9999 -9999 -9999 -9999 -9999 -9999 -9999 -9999 -9999 -9999 -9999 -9999 -9999 -9999 -9999 54 54 53 51 50 48 -9999 46 44 44 42 42 40 39 39 37 36 35 34 32 32 32 31 31 29 29 29 28 28 27 26 25 25 23 23 23 23 23 22 21 21 20 20 20 20 19 18 18 17 16 17 17 17 16 16 16 16 16 15 13 13 13 13
81 85 87 89 -9999 -9999 -9999 -9999 -9999 -9999 -9999 -9999 -9999 -9999 -9999 -9999 -9999 -9999 -9999 -9999 -9999 -9999 -9999 -9999 -9999 -9999 -9999 59 57 56 54 54 51 50 49 47 47 45 44 42 42 41 40 39 37 36 35 35 34 32 32 32 33 31 29 29 29 28 27 26 26 25 23 23 23 23 23 22 21 21 20 20 20 20 18 18 17 17 16 16 16 17 16 16 16 15 15 14 13 13 13 13
84 84 85 89 -9999 -9999 -9999 -9999 -9999 -9999 -9999 -9999 -9999 -9999 -9999 -9999 -9999 -9999 -9999 -9999 -9999 -9999 -9999 -9999 -9999 -9999 61 60 59 57 56 54 53 51 50 48 47 46 44 44 42 42 41 39 38 37 35 35 34 34 32 33 36 33 31 29 29 28 28 27 26 25 24 23 23 23 23 21 21 20 20 19 19 19 18 18 18 16 16 16 16 17 16 16 16 14 14 13 13 13 13 13
78 81 83 87 -9999 -9999 -9999 -9999 -9999 -9999 -9999 -9999 -9999 -9999 -9999 -9999 -9999 -9999 -9999 -9999 -9999 -9999 -9999 -9999 -9999 -9999 62 62 62 59 56 54 54 51 50 48 48 47 44 44 43 42 41 39 38 38 36 35 35 35 34 34 37 36 32 29 29 29 28 27 26 25 24 23 23 23 22 21 21 20 20 19 19 19 18 18 18 17 16 16 16 16 16 16 16 14 14 13 13 13 13 13
81 84 85 90 -9999 -9999 -9999 -9999 -9999 -9999 -9999 -9999 -9999 -9999 -9999 -9999 -9999 -9999 -9999 -9999 -9999 -9999 -9999 -9999 -9999 -9999 67 67 64 60 57 56 54 53 51 50 48 46 45 44 44 43 42 41 39 38 38 36 35 35 35 35 35 34 32 32 29 29 28 28 26 26 26 26 26 23 23 21 23 22 22 20 20 20 20 19 20 19 18 16 16 16 16 16 16 14 14 13 13 13 13 13
81 84 85 90 89 90 88 87 88 87 86 -9999 -9999 -9999 -9999 -9999 -9999 -9999 -9999 -9999 -9999 -9999 -9999 -9999 -9999 -9999 65 70 69 62 60 61 56 54 51 51 48 47 46 45 45 44 43 41 39 39 38 37 35 35 36 35 36 35 32 32 29 29 29 28 26 26 27 27 26 25 23 22 22 23 23 22 21 21 20 20 20 19 18 18 16 16 16 16 16 15 14 13 13 13 13 13
73 82 86 90 87 88 90 90 89 88 88 88 88 86 86 85 83 82 82 -9999 -9999 -9999 -9999 -9999 -9999 -9999 71 72 70 63 60 68 57 55 53 51 49 47 47 46 45 45 43 41 41 39 38 38 35 38 43 37 37 37 32 32 30 29 29 28 27 27 27 26 25 23 23 23 23 23 23 23 22 21 20 20 20 19 18 18 18 16 16 16 16 16 14 14 13 13 13 13
70 78 87 89 87 86 91 90 89 90 89 88 88 88 86 85 83 83 83 83 84 84 84 81 79 75 73 79 77 70 66 67 59 56 56 56 49 48 50 48 46 45 44 43 41 41 39 38 37 35 50 49 42 38 35 32 32 29 29 29 28 28 27 26 24 23 23 23 23 23 23 23 23 21 21 20 20 19 19 18 17 16 16 16 16 16 16 14 14 14 13 13
