invasiveSpecies/multiSpecies/data/worldclim_KE/worldclim_KE_2050_BC85_Bio16.asc
ncols         347
nrows         295
xllcorner     36.068012264173
yllcorner     0.13039239511974
cellsize      0.0083333333333333
NODATA_value  -9999
[rows 185 to 221 of 295, columns 84 to 167 of 347]
-9999 -9999 -9999 -9999 -9999 -9999 -9999 -9999 -9999 -9999 -9999 -9999 -9999 -9999 -9999 -9999 -9999 -9999 -9999 -9999 -9999 -9999 -9999 -9999 -9999 -9999 -9999 -9999 -9999 -9999 -9999 -9999 361 382 374 373 381 387 398 398 394 393 396 401 411 408 406 404 404 411 412 416 415 415 418 421 420 417 418 416 419 421 420 424 424 427 426 405 433 414 345 307 299 296 293 287 285 284 285 284 280 279 279 279
-9999 -9999 -9999 -9999 -9999 -9999 -9999 -9999 -9999 -9999 -9999 -9999 -9999 -9999 -9999 -9999 -9999 -9999 -9999 -9999 -9999 -9999 -9999 -9999 -9999 -9999 -9999 -9999 -9999 -9999 -9999 -9999 363 386 381 379 390 392 402 403 401 399 399 402 409 412 411 411 410 414 414 416 416 417 418 421 420 417 419 417 418 417 417 420 423 426 436 417 437 380 319 309 300 298 295 288 287 286 288 284 284 280 280 280
-9999 -9999 -9999 -9999 -9999 -9999 -9999 -9999 -9999 -9999 -9999 -9999 -9999 -9999 -9999 -9999 -9999 -9999 -9999 -9999 -9999 -9999 -9999 -9999 -9999 -9999 -9999 -9999 -9999 -9999 -9999 370 363 388 393 385 397 403 410 408 409 407 405 407 410 414 418 415 416 418 417 413 416 419 421 417 417 416 418 416 416 418 418 418 421 425 427 435 410 350 324 315 306 302 297 296 294 288 292 287 286 284 283 283
-9999 -9999 -9999 -9999 -9999 -9999 -9999 -9999 -9999 -9999 -9999 -9999 -9999 -9999 -9999 -9999 -9999 -9999 -9999 -9999 -9999 -9999 -9999 -9999 -9999 -9999 -9999 -9999 -9999 -9999 -9999 367 378 399 399 396 403 403 410 414 413 410 412 407 411 415 418 418 417 416 416 413 418 418 419 417 416 414 414 415 415 416 419 417 420 424 426 428 434 404 380 328 312 313 300 299 297 293 292 291 288 286 287 287
-9999 -9999 -9999 -9999 -9999 -9999 -9999 -9999 -9999 -9999 -9999 -9999 -9999 -9999 -9999 -9999 -9999 -9999 -9999 -9999 -9999 -9999 -9999 -9999 -9999 -9999 -9999 -9999 -9999 -9999 -9999 372 385 397 413 414 408 410 416 416 415 416 414 412 415 421 420 418 417 416 416 414 414 420 419 418 414 412 412 414 413 415 415 417 419 419 423 425 428 422 440 415 332 340 313 303 301 298 299 295 293 291 291 292
-9999 -9999 -9999 -9999 -9999 -9999 -9999 -9999 -9999 -9999 -9999 -9999 -9999 -9999 -9999 -9999 -9999 -9999 -9999 -9999 -9999 -9999 -9999 -9999 -9999 -9999 -9999 -9999 -9999 -9999 -9999 381 392 405 418 420 420 420 419 419 421 421 420 415 419 422 422 418 417 416 416 414 415 419 419 416 413 408 416 415 415 417 418 418 420 424 424 427 435 433 439 434 441 389 332 324 309 307 305 299 298 295 294 297
-9999 -9999 -9999 -9999 -9999 -9999 -9999 -9999 -9999 -9999 -9999 -9999 -9999 -9999 -9999 -9999 -9999 -9999 -9999 -9999 -9999 -9999 -9999 -9999 -9999 -9999 -9999 -9999 -9999 -9999 379 392 417 419 420 424 426 424 426 426 425 425 421 420 422 425 425 421 421 417 415 416 417 419 420 417 415 410 416 422 421 423 421 423 424 427 429 430 434 439 427 378 439 436 397 356 332 321 335 314 304 299 298 302
-9999 -9999 -9999 -9999 -9999 -9999 -9999 -9999 -9999 -9999 -9999 -9999 -9999 -9999 -9999 -9999 -9999 -9999 -9999 -9999 -9999 -9999 -9999 -9999 -9999 -9999 -9999 -9999 -9999 -9999 385 403 420 421 423 429 428 430 431 430 428 427 424 428 428 427 426 424 423 421 415 412 417 421 422 418 413 410 419 423 426 430 427 426 428 428 430 433 436 446 421 383 437 445 437 395 364 371 343 330 317 304 302 317
-9999 -9999 -9999 -9999 -9999 -9999 -9999 -9999 -9999 -9999 -9999 -9999 -9999 -9999 -9999 -9999 -9999 -9999 -9999 -9999 -9999 -9999 -9999 -9999 -9999 -9999 -9999 -9999 -9999 -9999 395 426 424 425 427 428 432 432 433 432 430 432 431 431 430 427 427 426 425 421 419 413 414 422 420 416 414 411 415 422 425 433 432 430 431 433 433 434 438 446 404 363 376 417 436 437 407 433 408 373 355 308 308 315
-9999 -9999 -9999 -9999 -9999 -9999 -9999 -9999 -9999 -9999 -9999 -9999 -9999 -9999 -9999 -9999 -9999 -9999 -9999 -9999 -9999 -9999 -9999 -9999 -9999 -9999 -9999 -9999 -9999 401 419 423 426 428 430 431 433 432 436 434 436 436 435 435 433 429 427 427 426 423 418 413 412 419 418 416 411 416 420 423 427 431 436 434 435 434 431 439 443 446 400 361 355 361 432 448 449 451 445 449 424 329 313 333
-9999 -9999 -9999 -9999 -9999 -9999 -9999 -9999 -9999 -9999 -9999 -9999 -9999 -9999 -9999 -9999 -9999 -9999 -9999 -9999 -9999 -9999 -9999 -9999 -9999 -9999 -9999 -9999 -9999 397 429 428 434 433 437 433 437 437 440 441 440 442 438 442 434 431 428 427 426 425 419 416 412 418 416 410 409 417 425 428 430 436 440 437 437 432 433 435 448 442 403 368 355 358 378 414 417 380 421 447 391 324 316 340
-9999 -9999 -9999 -9999 -9999 -9999 -9999 -9999 -9999 -9999 -9999 -9999 -9999 -9999 -9999 -9999 -9999 -9999 -9999 -9999 -9999 -9999 -9999 -9999 -9999 -9999 -9999 -9999 -9999 413 418 434 436 435 440 441 441 443 446 447 445 445 446 446 436 435 432 429 424 422 425 419 415 410 409 409 417 419 423 427 433 437 440 437 433 430 432 440 446 440 410 379 357 358 362 383 368 369 389 441 438 349 323 324
-9999 -9999 -9999 -9999 -9999 -9999 -9999 -9999 -9999 -9999 -9999 -9999 -9999 -9999 -9999 -9999 -9999 -9999 -9999 -9999 -9999 -9999 -9999 -9999 -9999 -9999 -9999 -9999 407 431 437 436 438 436 437 446 445 447 448 447 448 451 449 446 443 441 436 432 429 423 420 420 414 408 408 417 423 427 429 431 432 435 437 438 433 430 432 437 448 439 438 398 374 356 361 375 365 372 387 452 427 354 324 316
-9999 -9999 -9999 -9999 -9999 -9999 -9999 -9999 -9999 -9999 -9999 -9999 -9999 -9999 -9999 -9999 -9999 -9999 -9999 -9999 -9999 -9999 -9999 -9999 -9999 -9999 -9999 -9999 406 439 442 441 445 442 439 441 443 442 442 449 440 451 453 454 451 449 442 434 433 428 421 420 417 408 416 420 424 427 429 427 431 430 433 438 433 428 431 440 448 448 434 393 375 365 362 373 375 404 393 453 428 333 324 314
-9999 -9999 -9999 -9999 -9999 -9999 -9999 -9999 -9999 -9999 -9999 -9999 -9999 -9999 -9999 -9999 -9999 -9999 -9999 -9999 -9999 -9999 -9999 -9999 -9999 -9999 -9999 -9999 415 442 448 449 448 448 440 440 436 436 435 436 435 447 459 458 458 449 444 434 434 426 419 420 417 407 412 422 422 425 426 423 424 424 429 435 433 424 432 440 449 450 425 422 388 373 384 403 428 448 440 454 452 333 317 314
-9999 -9999 -9999 -9999 -9999 -9999 -9999 -9999 -9999 -9999 -9999 -9999 -9999 -9999 -9999 -9999 -9999 -9999 -9999 -9999 -9999 -9999 -9999 -9999 -9999 -9999 -9999 -9999 423 446 453 451 452 454 442 441 439 435 433 431 434 438 437 438 454 458 451 441 437 433 424 416 416 406 412 416 420 422 421 416 419 423 425 432 433 423 426 431 438 446 449 447 435 426 429 430 448 453 451 396 329 324 315 311
-9999 -9999 -9999 -9999 -9999 -9999 -9999 -9999 -9999 -9999 -9999 -9999 -9999 -9999 -9999 -9999 -9999 -9999 -9999 -9999 -9999 -9999 -9999 -9999 -9999 -9999 -9999 -9999 429 457 454 453 452 456 448 447 441 439 439 435 430 437 434 434 438 442 456 450 453 443 430 421 415 413 408 416 419 421 417 411 415 419 428 429 428 424 419 428 435 439 446 453 452 452 453 453 449 422 392 358 335 325 316 313
-9999 -9999 -9999 -9999 -9999 -9999 -9999 -9999 -9999 -9999 -9999 -9999 -9999 -9999 -9999 -9999 -9999 -9999 -9999 -9999 -9999 -9999 -9999 -9999 -9999 -9999 -9999 432 440 455 460 457 455 456 454 448 445 447 441 436 430 435 431 431 431 436 440 449 467 441 438 430 416 410 403 411 415 411 413 406 411 417 421 424 425 420 417 425 429 433 437 442 446 443 441 440 416 390 426 351 421 413 333 324
-9999 -9999 -9999 -9999 -9999 -9999 -9999 -9999 -9999 -9999 -9999 -9999 -9999 -9999 -9999 -9999 -9999 -9999 -9999 -9999 -9999 -9999 -9999 -9999 -9999 -9999 -9999 434 448 459 462 460 458 457 457 455 452 450 444 439 434 431 429 429 428 428 433 447 464 457 456 455 420 411 402 418 414 406 404 401 404 411 418 420 416 417 415 418 425 426 429 433 436 433 431 435 452 436 458 422 393 438 336 333
-9999 -9999 -9999 -9999 -9999 -9999 -9999 -9999 -9999 -9999 -9999 -9999 -9999 -9999 -9999 -9999 -9999 -9999 -9999 -9999 -9999 -9999 -9999 -9999 -9999 -9999 -9999 448 454 471 468 465 463 460 458 458 456 452 448 446 445 438 434 429 425 424 431 440 473 449 436 435 425 411 400 410 411 404 399 396 401 403 415 420 413 413 413 414 418 424 426 431 429 429 427 428 454 439 458 384 375 408 355 335
-9999 -9999 -9999 -9999 -9999 -9999 -9999 -9999 -9999 -9999 -9999 -9999 -9999 -9999 -9999 -9999 -9999 -9999 -9999 -9999 -9999 -9999 -9999 -9999 -9999 -9999 -9999 455 469 472 472 469 467 464 463 465 462 457 455 450 444 437 432 438 430 425 431 436 464 444 433 424 415 407 399 410 408 398 393 388 396 400 407 412 411 413 409 411 415 415 420 422 419 419 422 430 450 444 454 434 375 367 348 335
-9999 -9999 -9999 -9999 -9999 -9999 -9999 -9999 -9999 -9999 -9999 -9999 -9999 -9999 -9999 -9999 -9999 -9999 -9999 -9999 -9999 -9999 -9999 -9999 -9999 -9999 -9999 -9999 474 472 471 471 471 464 462 465 468 468 459 452 446 436 431 433 430 420 425 432 465 472 439 429 424 413 394 403 398 395 390 384 387 400 401 403 402 403 410 412 413 410 408 414 413 409 415 414 453 453 458 457 377 354 346 336
-9999 -9999 -9999 -9999 -9999 -9999 -9999 -9999 -9999 -9999 -9999 -9999 -9999 -9999 -9999 -9999 -9999 -9999 -9999 -9999 -9999 -9999 -9999 -9999 -9999 -9999 -9999 -9999 475 474 473 472 473 468 460 467 465 469 479 450 445 439 430 426 425 420 426 442 478 465 447 439 429 415 403 388 386 384 385 378 381 390 395 398 398 401 402 406 406 404 403 408 409 407 406 405 425 452 429 378 366 356 350 335
-9999 -9999 -9999 -9999 -9999 -9999 -9999 -9999 -9999 -9999 -9999 -9999 -9999 -9999 -9999 -9999 -9999 -9999 -9999 -9999 -9999 -9999 -9999 -9999 -9999 -9999 -9999 479 481 481 475 470 475 465 461 467 461 467 464 457 444 436 432 426 424 418 427 433 430 445 467 443 428 420 411 406 404 389 378 372 378 387 385 394 404 401 396 396 395 398 395 398 396 396 398 395 397 389 392 380 422 378 370 349
-9999 -9999 -9999 -9999 -9999 -9999 -9999 -9999 -9999 -9999 -9999 -9999 -9999 -9999 -9999 -9999 -9999 -9999 -9999 -9999 -9999 -9999 -9999 -9999 -9999 -9999 -9999 -9999 491 487 479 471 477 475 466 462 459 466 463 459 450 446 440 434 426 416 418 428 421 421 440 448 425 419 417 409 402 390 380 372 373 380 390 398 401 399 390 388 391 390 389 388 390 393 393 391 389 391 394 453 457 389 391 353
-9999 -9999 -9999 -9999 -9999 -9999 -9999 -9999 -9999 -9999 -9999 -9999 -9999 -9999 -9999 -9999 -9999 -9999 -9999 -9999 -9999 -9999 -9999 -9999 -9999 -9999 -9999 -9999 499 489 480 470 476 472 465 462 457 469 467 457 451 448 439 432 424 417 412 413 415 423 446 424 426 416 407 401 396 386 381 369 372 375 385 394 397 392 388 384 389 387 387 383 386 387 388 387 390 397 408 458 452 371 354 357
-9999 -9999 -9999 -9999 -9999 -9999 -9999 -9999 -9999 -9999 -9999 -9999 -9999 -9999 -9999 -9999 -9999 -9999 -9999 -9999 -9999 -9999 -9999 -9999 -9999 -9999 -9999 -9999 505 486 481 472 479 474 460 459 453 464 465 464 451 443 440 433 432 428 418 407 408 409 407 415 425 419 404 395 389 381 376 365 368 375 386 389 394 394 390 381 382 378 378 380 383 386 395 398 399 407 418 455 461 383 348 333
-9999 -9999 -9999 -9999 -9999 -9999 -9999 -9999 -9999 -9999 -9999 -9999 -9999 -9999 -9999 -9999 -9999 -9999 -9999 -9999 -9999 -9999 -9999 -9999 -9999 480 511 513 516 493 483 475 471 471 457 453 451 458 460 459 454 451 448 442 438 436 425 414 403 400 406 409 432 411 399 390 383 376 372 363 362 380 386 384 383 391 387 380 376 376 376 375 381 385 408 406 414 449 438 445 461 353 344 328
-9999 -9999 -9999 -9999 -9999 -9999 -9999 -9999 -9999 -9999 -9999 -9999 -9999 -9999 -9999 -9999 -9999 -9999 -9999 -9999 -9999 -9999 -9999 -9999 -9999 490 515 521 525 497 486 484 473 462 456 455 448 448 455 450 451 444 452 449 440 438 434 423 412 400 398 405 405 392 393 384 377 369 364 362 361 372 381 378 377 384 387 380 373 371 370 373 374 385 391 414 422 436 461 460 443 356 344 322
-9999 -9999 -9999 -9999 -9999 -9999 -9999 -9999 -9999 -9999 -9999 -9999 -9999 -9999 -9999 -9999 -9999 -9999 -9999 -9999 -9999 -9999 -9999 -9999 -9999 454 523 527 517 498 487 475 481 473 464 449 443 438 448 442 444 439 438 443 439 434 429 418 411 397 391 401 397 389 383 380 372 362 359 355 357 372 378 373 371 378 391 384 373 369 367 366 372 376 386 420 426 458 438 451 454 425 349 321
-9999 -9999 -9999 -9999 -9999 -9999 -9999 -9999 -9999 -9999 -9999 -9999 -9999 -9999 -9999 -9999 -9999 -9999 -9999 -9999 -9999 -9999 -9999 -9999 -9999 -9999 532 524 519 509 487 471 483 480 472 462 453 448 433 429 433 435 427 436 440 430 427 420 411 400 388 390 386 392 381 373 368 361 349 358 369 367 375 368 369 371 381 386 379 365 362 360 365 371 381 390 419 444 452 461 455 447 346 332
-9999 -9999 -9999 -9999 -9999 -9999 -9999 -9999 -9999 -9999 -9999 -9999 -9999 -9999 -9999 -9999 -9999 -9999 -9999 -9999 -9999 -9999 -9999 -9999 -9999 431 520 533 531 501 484 469 459 482 475 458 449 443 428 426 423 424 422 427 436 431 423 419 407 397 390 381 376 380 382 373 362 355 349 355 359 363 372 368 358 368 372 382 378 368 361 359 360 366 375 383 423 439 460 446 463 439 362 333
-9999 -9999 -9999 -9999 -9999 -9999 -9999 -9999 -9999 -9999 -9999 -9999 -9999 -9999 -9999 -9999 -9999 -9999 -9999 -9999 -9999 -9999 -9999 -9999 469 462 542 549 506 487 482 467 451 455 456 446 431 421 -9999 -9999 -9999 -9999 411 422 432 431 426 417 415 404 401 385 379 368 369 370 357 351 344 350 363 361 364 366 354 361 366 373 372 365 360 355 356 360 366 374 427 432 449 424 450 446 345 329
-9999 -9999 -9999 -9999 -9999 -9999 -9999 -9999 -9999 -9999 -9999 -9999 -9999 -9999 -9999 -9999 -9999 -9999 -9999 -9999 -9999 -9999 -9999 -9999 496 503 551 558 529 478 471 459 451 444 429 437 -9999 -9999 -9999 -9999 -9999 -9999 -9999 403 421 419 425 428 423 411 401 388 379 363 358 358 352 345 340 345 353 355 356 358 350 356 362 368 365 362 357 352 352 354 357 363 426 405 406 373 390 419 379 321
-9999 -9999 -9999 -9999 -9999 -9999 -9999 -9999 -9999 -9999 -9999 -9999 -9999 -9999 -9999 -9999 -9999 -9999 -9999 -9999 -9999 -9999 -9999 -9999 537 534 537 558 514 457 474 447 439 -9999 -9999 -9999 -9999 -9999 -9999 -9999 -9999 -9999 -9999 -9999 413 409 409 414 417 412 409 395 381 371 360 350 345 335 334 332 347 350 350 354 347 352 357 366 363 358 353 351 347 347 350 351 357 371 352 354 359 363 329 315
-9999 -9999 -9999 -9999 -9999 -9999 -9999 -9999 -9999 -9999 -9999 -9999 -9999 -9999 -9999 -9999 -9999 -9999 -9999 -9999 -9999 -9999 -9999 -9999 561 554 501 529 490 444 -9999 -9999 -9999 -9999 -9999 -9999 -9999 -9999 -9999 -9999 -9999 -9999 -9999 -9999 -9999 -9999 397 407 411 401 392 387 384 377 359 350 338 335 338 331 337 344 344 345 348 348 354 356 363 357 352 346 344 342 339 339 337 334 338 342 341 335 321 310
-9999 -9999 -9999 -9999 -9999 -9999 -9999 -9999 -9999 -9999 -9999 -9999 -9999 -9999 -9999 -9999 -9999 -9999 -9999 -9999 -9999 -9999 -9999 -9999 491 469 462 -9999 -9999 -9999 -9999 -9999 -9999 -9999 -9999 -9999 -9999 -9999 -9999 -9999 -9999 -9999 -9999 -9999 -9999 -9999 -9999 -9999 405 395 378 369 367 374 355 343 346 350 347 340 327 336 334 339 338 340 346 353 361 361 354 351 343 341 337 335 332 329 332 331 331 334 340 320
