invasiveSpecies/multiSpecies/data/worldclim_KE/worldclim_KE_2050_BC26_Bio1.asc
ncols         347
nrows         295
xllcorner     36.068012264173
yllcorner     0.13039239511974
cellsize      0.0083333333333333
NODATA_value  -9999
[rows 185 to 221 of 295, columns 168 to 251 of 347]
246 245 245 246 247 247 247 248 249 249 249 249 250 250 250 250 249 249 250 249 249 246 246 246 249 250 250 250 251 252 252 251 251 251 251 250 249 249 248 248 249 250 250 251 251 251 251 252 253 253 254 254 255 255 255 254 254 254 255 255 256 256 257 258 258 257 257 258 258 259 258 258 258 259 259 260 260 260 261 261 261 262 263 262
246 245 245 246 246 246 247 248 248 249 248 249 249 250 250 250 249 249 249 248 246 246 246 245 249 250 251 251 252 252 251 250 250 251 251 251 250 249 248 249 249 250 250 251 251 252 252 252 254 254 254 254 255 254 254 255 254 255 254 256 256 256 257 257 257 257 256 257 258 258 258 258 258 259 259 259 260 260 260 261 261 261 261 261
246 245 245 246 246 245 246 247 248 249 248 248 249 249 250 249 249 248 245 245 245 245 245 245 249 249 250 251 251 251 251 250 250 251 250 251 250 249 248 248 249 249 250 251 251 252 253 253 253 253 254 254 254 255 254 254 254 255 255 255 256 256 256 257 256 256 256 257 258 257 257 258 258 258 259 259 259 260 260 260 260 260 261 261
245 244 244 244 244 244 245 247 248 248 248 247 248 249 249 249 249 248 245 245 244 243 244 244 245 249 250 251 251 251 251 249 250 250 250 250 250 250 249 248 249 250 250 251 251 251 252 252 253 254 253 253 254 254 254 254 253 254 255 255 256 256 257 256 256 256 256 257 257 257 257 257 258 258 258 258 259 260 259 258 260 261 261 260
243 242 243 241 242 241 245 247 248 248 248 247 248 248 248 248 248 247 245 245 244 244 244 244 244 249 250 251 251 251 250 250 249 249 249 250 250 249 249 249 249 250 250 251 251 251 252 253 253 253 253 253 254 254 253 253 253 254 255 255 255 256 256 256 255 255 256 256 256 256 256 257 257 258 258 258 259 259 258 258 260 260 259 260
242 240 232 238 238 241 244 246 247 247 248 247 247 247 247 248 248 248 247 246 244 244 244 244 245 249 250 251 251 250 250 249 249 249 249 250 250 249 249 248 249 250 250 251 251 252 252 253 253 252 253 253 253 254 253 253 253 254 254 255 255 255 256 255 255 255 255 256 256 256 257 256 257 258 257 257 258 258 258 258 259 259 258 259
240 239 218 215 239 241 244 245 247 247 247 247 246 247 247 247 248 248 248 247 245 244 244 244 245 249 250 250 250 250 250 249 249 249 249 249 249 249 248 248 249 247 247 250 251 252 252 252 252 252 253 253 253 253 253 252 252 254 254 255 255 255 255 255 254 255 255 256 256 257 257 257 257 257 257 258 257 258 258 259 260 260 260 260
237 238 236 219 233 243 244 246 246 247 247 247 246 246 247 247 248 248 247 247 246 245 245 245 245 248 249 250 250 250 249 249 249 248 249 249 249 249 248 249 250 250 250 251 251 252 252 252 252 252 252 253 254 253 253 253 253 254 254 254 255 255 255 254 255 255 255 256 256 257 257 257 257 258 257 258 259 258 259 260 260 261 261 261
234 236 236 236 241 243 245 246 246 246 246 246 246 245 246 247 247 247 247 247 246 245 245 245 245 245 249 249 250 250 248 248 248 248 248 248 248 248 249 249 250 250 250 251 251 251 251 251 251 252 252 253 253 253 252 252 253 253 254 254 255 255 254 254 255 255 255 256 256 256 257 257 258 258 258 258 259 259 259 260 261 261 261 262
217 233 233 233 242 244 245 246 246 246 246 245 245 245 246 247 247 247 246 246 245 245 245 246 245 241 248 249 250 250 249 248 247 248 248 247 248 248 248 249 250 250 250 250 251 251 251 251 252 252 252 253 253 253 252 252 253 254 254 254 254 254 254 255 255 256 256 256 256 256 256 257 258 258 258 258 258 260 259 260 260 260 261 261
222 215 231 227 241 243 245 245 246 246 246 245 245 245 246 246 246 247 246 245 245 245 246 244 242 246 248 249 250 249 249 248 247 247 247 247 247 248 249 249 250 249 250 250 251 250 251 252 252 252 252 252 252 253 252 252 253 253 254 254 254 255 255 255 255 256 256 256 257 257 257 257 258 258 258 259 259 260 260 260 260 260 261 261
229 212 222 237 242 243 244 245 245 245 246 245 245 245 245 246 246 246 246 245 246 246 247 246 246 248 249 249 249 249 248 247 246 243 246 247 247 247 248 249 249 249 250 250 250 250 251 251 252 252 252 252 252 252 252 252 253 254 254 255 255 255 255 255 255 256 256 257 257 257 258 258 258 258 258 259 259 260 260 260 260 260 261 261
238 238 239 240 242 244 244 245 245 245 245 245 244 244 245 245 245 246 246 246 247 247 248 248 248 249 249 249 249 249 248 248 246 245 245 244 244 244 248 248 249 249 249 250 250 250 251 251 252 252 252 252 252 252 251 252 253 254 254 255 255 255 255 256 256 256 256 256 257 257 258 258 258 259 259 259 259 260 260 260 261 261 261 260
241 241 242 242 243 243 244 244 244 244 244 245 244 244 245 245 246 246 246 247 247 248 248 248 248 249 249 248 248 248 248 247 247 246 246 239 245 247 247 248 248 249 249 250 250 250 251 251 251 251 251 252 252 252 251 253 253 254 254 255 255 255 255 256 256 256 256 257 257 257 258 258 258 258 259 259 259 259 259 259 260 260 260 260
241 242 242 242 242 239 241 242 243 244 244 245 244 245 245 246 246 246 247 247 247 248 248 248 248 248 248 248 248 248 248 247 246 246 245 245 246 247 247 247 248 249 249 249 250 250 250 251 251 251 251 251 251 252 252 252 253 254 254 254 254 255 255 255 256 256 256 257 257 258 257 258 258 259 258 259 257 258 259 260 260 259 260 260
240 241 241 240 230 229 239 242 243 243 244 244 244 245 245 246 246 246 247 247 247 247 248 248 248 248 247 248 248 247 247 247 247 246 246 246 246 246 245 246 247 248 249 249 250 250 250 250 250 251 251 251 251 252 252 252 253 253 254 255 255 255 255 255 256 256 256 257 257 257 258 258 258 258 258 253 256 257 259 260 259 260 260 260
238 220 236 238 232 234 238 240 242 243 243 243 244 244 245 246 246 246 247 247 247 247 247 248 248 248 247 247 248 248 247 247 247 246 245 245 244 244 244 245 247 249 249 249 250 250 250 250 250 250 250 251 252 252 252 252 252 253 254 255 255 255 255 255 255 256 256 257 257 258 258 258 258 258 257 255 257 258 259 259 259 259 259 259
232 222 235 237 235 227 237 242 242 242 244 243 244 244 245 245 246 246 246 247 247 247 247 247 247 248 247 247 247 247 247 246 245 244 244 242 241 242 242 242 246 248 249 250 250 250 251 250 249 250 251 251 252 252 252 253 253 254 254 255 255 255 255 255 255 255 255 256 257 257 257 258 258 258 257 254 256 257 258 258 258 258 259 259
233 234 236 238 237 239 239 241 240 241 242 243 244 244 244 245 245 246 246 246 246 247 247 247 247 248 247 247 247 246 246 246 244 242 241 239 233 240 240 240 246 248 249 250 250 250 251 251 250 250 251 251 251 252 252 253 253 254 254 254 254 254 254 255 255 255 255 256 257 257 257 257 257 257 257 256 256 257 258 258 259 259 258 259
237 238 238 239 240 240 239 239 237 239 240 241 243 244 244 244 245 246 246 246 246 246 247 247 247 247 247 247 247 246 245 244 244 243 240 230 218 238 239 237 246 248 249 250 250 251 251 251 251 251 251 251 251 252 252 252 253 254 254 254 254 254 255 255 255 255 255 256 256 257 257 256 257 257 257 257 257 257 258 259 259 259 260 259
237 238 238 240 239 238 236 223 217 225 238 240 242 243 244 245 245 245 246 245 246 246 247 247 247 247 247 246 247 246 245 244 243 241 239 222 211 215 239 239 246 247 249 250 250 251 251 252 252 252 252 251 252 252 252 252 253 253 253 253 254 254 254 255 254 255 255 255 256 257 256 256 256 257 256 257 257 258 258 259 259 260 260 260
236 238 239 239 237 235 222 216 211 213 237 238 240 242 242 244 245 245 245 245 245 246 246 247 247 247 246 246 246 246 245 244 241 240 239 220 209 230 239 240 246 247 249 250 250 251 251 252 252 252 252 252 252 252 252 253 253 253 253 253 254 254 254 254 255 255 255 255 255 255 255 256 256 256 256 257 258 258 258 259 260 260 260 260
237 237 239 238 236 230 207 205 223 223 228 237 241 241 240 243 244 244 244 245 246 246 246 246 246 247 246 246 245 246 245 244 241 240 237 226 212 223 241 242 245 247 249 250 250 250 251 252 252 252 252 252 252 252 253 253 253 253 253 253 254 254 254 254 254 254 254 255 255 255 256 256 257 257 256 257 257 258 258 259 260 260 260 260
237 238 239 238 235 215 197 195 212 232 222 220 239 241 241 243 244 244 244 245 246 246 246 246 246 246 246 246 245 245 245 244 242 236 236 228 219 229 240 244 246 247 249 250 250 251 251 251 252 252 252 253 253 253 253 254 253 253 254 254 254 254 254 254 254 254 254 255 256 256 257 257 257 257 256 256 257 257 258 259 259 259 259 260
237 239 240 238 235 233 188 192 199 217 234 237 239 240 241 242 243 244 244 245 245 245 246 245 246 246 246 246 245 245 244 244 242 231 224 228 231 239 243 245 246 248 249 250 250 250 251 251 251 251 252 253 253 253 253 253 254 254 254 254 254 254 254 254 254 253 254 255 256 256 257 257 258 258 257 257 258 258 258 258 259 259 259 261
237 240 241 239 237 226 186 187 192 194 230 238 240 240 241 242 243 243 244 245 244 245 246 245 245 246 245 245 245 244 244 244 243 235 226 231 233 243 244 246 247 248 249 250 250 250 250 250 251 251 252 253 253 253 253 253 254 254 254 254 254 254 255 254 254 254 254 255 255 255 255 256 257 258 257 257 257 258 258 259 259 260 260 260
238 240 241 240 238 236 213 184 190 211 238 239 240 241 242 243 243 243 243 244 244 243 245 245 245 246 245 245 245 245 244 244 242 239 237 240 241 243 246 247 248 249 250 250 251 250 250 250 251 251 252 252 253 253 253 254 254 255 255 255 255 255 255 255 254 254 255 255 256 257 256 256 257 258 257 257 258 258 258 259 259 260 260 260
239 240 241 242 240 238 231 220 210 225 236 240 241 242 243 243 244 244 244 244 244 244 245 245 245 246 246 246 245 245 245 244 244 241 242 243 243 245 247 248 249 249 249 250 251 251 250 250 251 252 252 252 253 253 253 253 254 254 255 255 255 255 255 255 255 255 255 255 255 256 257 257 258 258 259 258 259 259 259 259 259 260 260 261
239 240 242 242 240 240 238 234 229 232 239 241 242 243 243 244 244 245 245 245 244 245 245 246 246 246 246 246 246 245 245 245 244 244 242 245 246 247 248 249 249 250 250 250 251 251 250 250 251 251 252 253 253 253 253 253 253 254 254 255 255 255 255 255 255 256 255 254 254 254 254 256 257 258 259 259 259 260 259 259 260 260 261 259
240 241 242 242 243 242 241 240 237 239 241 243 243 244 244 244 245 245 245 245 245 244 245 245 246 246 246 246 246 246 246 245 244 244 245 246 246 247 247 249 249 250 250 251 251 251 251 250 251 252 252 252 253 253 253 253 254 254 255 255 255 256 256 256 256 256 256 254 252 241 246 255 257 258 258 259 259 258 259 259 259 260 260 259
239 241 242 242 243 243 243 241 242 243 244 244 244 244 245 245 245 245 246 246 245 245 246 245 246 247 247 246 246 246 245 244 243 245 246 246 245 245 245 249 250 250 250 251 251 252 251 251 251 251 251 252 251 251 252 253 253 254 254 255 255 255 256 256 256 256 255 256 251 247 248 254 256 258 258 258 258 258 258 258 258 258 259 259
239 241 242 243 243 244 244 244 244 244 244 245 244 245 245 245 245 245 246 246 246 246 246 246 246 246 247 247 246 245 245 242 242 242 241 246 244 245 248 250 250 250 251 251 251 252 252 252 251 251 243 241 248 249 248 253 253 254 254 254 255 255 255 255 256 255 255 256 256 256 254 255 256 258 258 258 258 257 257 257 257 258 258 260
239 241 242 243 244 244 244 245 245 245 245 245 245 245 246 246 246 246 246 246 246 246 246 246 246 246 247 247 246 245 243 241 240 242 243 243 239 246 249 249 250 251 251 251 251 252 252 252 252 251 248 224 237 247 250 252 253 254 254 254 255 255 256 256 255 255 255 254 255 256 256 256 257 257 256 256 256 257 257 257 257 257 258 259
240 241 242 243 244 244 244 245 245 245 245 246 246 246 246 246 246 245 246 247 247 247 247 247 247 247 247 247 247 245 245 245 245 244 244 240 238 245 248 249 250 250 251 252 252 252 253 252 252 251 249 218 227 246 251 253 253 254 254 254 255 255 256 256 255 254 254 254 255 255 256 257 256 256 256 256 256 256 257 257 257 258 258 259
241 242 242 243 244 244 244 244 245 245 245 245 246 246 246 246 246 246 246 247 247 247 247 247 247 247 248 247 247 246 246 246 245 245 244 241 241 247 248 249 249 250 251 252 252 252 253 253 252 252 250 222 228 246 251 253 254 254 255 255 255 255 255 254 252 253 254 254 254 255 256 256 256 256 256 256 256 256 256 256 256 257 258 258
241 241 242 243 244 244 244 244 244 244 244 245 245 246 247 247 247 246 246 247 247 247 247 247 247 246 248 248 247 246 246 246 245 244 243 243 244 246 248 248 249 250 250 252 252 252 253 253 253 253 251 225 245 247 251 253 253 254 255 255 255 255 255 253 252 253 254 254 255 256 255 255 256 256 256 256 256 256 255 256 256 257 258 258
239 241 241 242 243 244 244 244 242 241 242 243 245 246 246 247 247 247 247 247 247 248 248 248 248 248 248 247 247 246 246 245 244 242 237 238 241 246 246 247 248 249 250 251 252 252 253 253 253 253 252 246 240 248 250 252 254 254 255 255 255 254 255 249 254 254 253 253 254 255 255 255 255 255 255 255 255 255 255 255 255 256 257 258
