invasiveSpecies/multiSpecies/data/worldclim_KE/worldclim_KE_2050_BC26_Bio6.asc
ncols         347
nrows         295
xllcorner     36.068012264173
yllcorner     0.13039239511974
cellsize      0.0083333333333333
NODATA_value  -9999
[rows 185 to 221 of 295, columns 168 to 251 of 347]
156 154 154 155 157 156 156 158 159 159 159 159 160 160 160 160 159 160 160 160 159 157 157 156 159 160 161 161 162 163 162 162 162 162 162 161 160 160 159 159 160 161 161 162 163 163 163 164 165 165 165 166 166 166 167 166 166 167 166 168 168 169 169 170 170 169 169 170 170 171 171 171 170 172 172 172 172 172 173 174 174 175 175 175
156 154 155 156 155 155 156 158 157 158 158 159 159 160 160 160 159 159 159 159 156 156 156 156 159 160 161 162 162 163 162 161 161 162 162 162 161 160 159 160 160 161 161 162 163 164 164 164 165 165 166 166 166 166 166 167 165 167 166 168 167 169 169 169 170 169 168 169 170 171 170 171 171 172 171 171 172 172 173 173 173 173 174 174
155 154 154 155 156 155 156 156 157 159 158 158 159 159 160 159 159 159 155 155 155 155 155 155 159 159 160 162 162 162 162 161 161 162 161 162 161 160 159 159 160 160 161 162 163 164 164 165 165 165 166 166 166 166 165 165 166 167 166 168 168 168 169 169 169 169 168 169 170 170 170 170 171 172 171 171 171 172 172 172 172 173 174 174
154 153 153 153 153 153 155 157 158 159 158 157 158 159 159 159 159 159 155 155 154 154 155 155 155 159 160 161 162 161 162 160 161 161 161 161 161 161 160 159 160 161 161 162 162 162 164 163 165 165 165 165 166 166 165 165 165 166 167 166 168 168 169 169 168 168 169 169 169 170 169 170 171 171 171 170 171 172 171 170 172 174 173 173
152 152 152 150 152 150 156 156 158 158 158 158 158 158 158 158 158 157 155 155 154 154 154 154 155 159 160 162 161 162 162 161 159 159 160 161 161 160 160 160 160 161 161 162 162 163 164 163 164 165 165 165 166 166 165 165 165 166 167 167 168 168 169 168 168 168 168 169 168 168 168 169 170 171 170 170 171 171 170 171 172 172 171 173
151 150 142 147 147 150 154 155 157 157 158 157 157 157 158 158 158 158 157 157 155 154 154 155 155 159 160 162 162 161 161 160 160 160 160 161 161 161 160 160 160 161 161 162 162 163 163 164 164 164 165 165 165 166 165 165 165 166 166 167 167 167 168 168 168 167 168 168 168 169 169 170 170 171 170 170 170 170 170 170 171 171 171 172
150 149 127 124 149 151 153 156 156 156 157 156 157 157 157 157 158 158 158 157 155 155 155 155 155 159 160 161 160 161 160 160 159 159 160 160 160 160 159 160 160 158 158 162 162 163 163 163 163 164 165 165 165 165 165 164 164 166 166 167 167 168 168 168 167 167 168 168 169 169 169 169 170 170 169 170 169 170 170 171 172 172 174 172
147 147 146 128 143 152 154 155 156 156 157 157 155 155 157 156 158 158 158 157 157 155 155 155 155 159 160 160 160 161 160 159 159 160 159 160 160 160 159 160 161 161 161 162 162 163 163 163 164 163 164 165 165 165 165 164 165 165 166 166 167 167 168 167 167 167 168 168 169 169 169 171 171 171 170 170 171 170 171 172 172 173 173 174
144 146 145 146 150 152 154 155 157 157 155 156 156 155 157 157 158 158 157 157 157 156 156 155 155 156 159 160 160 160 160 158 158 159 158 159 159 159 160 160 161 161 161 162 162 162 162 163 163 164 164 165 165 165 164 164 165 165 166 166 167 168 166 167 168 168 168 168 168 169 169 171 170 171 170 170 171 171 171 172 174 173 174 175
126 142 143 143 151 153 155 155 156 156 156 155 155 155 156 157 157 158 157 156 156 156 156 156 156 151 158 160 160 160 159 158 158 159 158 159 159 159 160 160 161 161 161 162 162 162 163 162 164 163 164 165 165 165 164 164 165 165 166 167 167 166 166 167 168 168 168 168 168 168 169 169 170 171 170 171 170 172 171 172 172 173 173 174
131 125 141 137 151 153 155 155 155 156 156 155 156 156 156 157 156 157 156 155 156 156 157 155 153 157 159 160 160 160 160 158 157 158 158 158 159 158 160 160 161 161 161 161 162 161 162 162 164 163 163 164 164 165 164 164 165 165 165 166 166 166 168 167 168 168 169 169 169 169 169 171 170 172 171 171 171 172 172 172 173 172 174 173
137 121 131 147 151 153 154 155 155 155 155 155 156 154 155 155 157 157 157 156 156 157 157 156 157 158 159 160 160 160 159 158 157 154 158 158 158 158 160 160 160 160 161 161 161 161 162 162 163 164 164 164 164 164 164 164 164 165 166 166 166 168 167 167 168 168 169 169 169 170 170 171 170 172 171 171 172 172 172 172 172 172 173 174
148 148 149 150 152 153 154 154 154 154 155 155 154 154 155 156 156 155 157 157 157 158 158 159 159 159 159 160 159 159 159 159 157 156 156 155 156 155 159 160 160 160 161 161 161 161 162 163 162 163 162 164 164 164 163 164 165 165 166 166 166 168 167 168 168 168 169 169 169 170 170 170 172 171 171 171 172 172 172 172 173 173 173 172
150 151 152 152 153 153 154 154 154 154 154 155 154 154 155 156 155 157 156 156 158 158 159 159 159 159 159 159 159 159 159 158 157 157 156 150 157 157 158 159 160 160 160 161 161 162 162 162 162 162 163 164 164 164 164 164 165 165 166 166 166 168 167 168 169 169 169 169 169 169 170 170 172 171 171 172 171 171 171 171 172 172 172 172
151 152 152 152 152 149 151 152 153 153 154 154 154 155 155 156 156 157 156 158 158 158 159 158 159 159 159 158 159 159 158 158 157 157 156 156 156 157 157 158 159 160 160 161 161 161 162 162 162 162 163 163 163 162 164 164 165 165 166 166 167 167 168 167 169 169 169 169 170 170 170 170 172 171 170 171 170 170 171 172 172 171 172 172
150 151 151 150 140 138 149 152 153 153 154 154 154 154 155 155 156 157 157 157 158 158 157 159 159 158 158 158 159 158 158 158 157 157 156 157 156 156 156 156 159 160 160 160 161 161 161 161 162 162 163 163 163 164 164 164 165 165 166 166 166 167 167 167 168 169 169 169 169 170 170 171 171 172 171 165 167 170 171 172 171 172 172 173
147 129 145 148 141 144 147 150 152 153 153 153 154 154 155 155 156 156 157 157 158 157 158 158 158 158 158 158 158 158 158 157 157 156 156 156 155 155 155 156 158 160 160 160 161 161 161 161 161 161 161 163 163 164 163 164 164 165 166 166 167 167 168 167 169 169 169 169 169 170 170 170 171 172 170 167 170 170 171 171 171 171 171 171
141 130 145 147 144 137 147 151 152 152 153 153 154 154 155 155 155 156 156 158 157 157 158 158 158 158 158 158 158 158 157 157 156 155 154 152 152 153 153 153 157 160 160 161 161 162 162 161 160 161 162 163 163 164 165 165 165 165 166 166 166 167 167 168 167 167 168 169 169 170 170 170 171 170 169 166 169 170 170 170 170 170 171 171
141 143 145 147 147 148 149 150 150 151 152 153 153 154 155 155 155 156 156 156 156 157 158 158 158 158 158 158 158 157 157 156 155 153 152 150 144 152 151 151 157 159 161 161 161 162 162 162 161 161 163 163 163 164 165 165 165 166 166 166 166 166 166 167 168 167 168 169 170 170 169 169 169 170 169 169 169 170 170 171 171 171 171 171
145 147 148 149 150 149 148 149 147 149 149 151 153 154 154 155 155 156 157 156 157 156 156 158 157 158 157 157 158 157 156 155 155 154 151 142 130 149 150 148 157 158 161 161 162 162 162 162 162 162 162 162 163 164 164 164 165 165 166 166 166 166 166 167 167 168 168 169 169 169 169 168 169 170 168 168 170 170 170 171 171 171 172 171
146 147 148 149 149 147 146 132 127 134 148 150 151 153 154 155 155 156 156 155 156 156 156 158 158 158 157 157 157 157 156 155 154 152 151 134 124 127 150 150 157 159 159 161 162 162 162 163 163 163 163 164 163 164 164 164 165 165 165 165 166 166 166 166 167 168 168 168 169 169 168 168 169 169 168 169 170 170 170 171 171 172 172 172
145 147 148 148 146 144 131 125 121 124 146 148 150 152 152 154 155 155 155 155 156 156 156 157 157 158 157 157 157 157 156 155 152 151 150 133 122 142 150 151 156 158 160 161 162 162 163 163 163 163 163 163 163 164 164 164 165 165 165 165 166 166 166 166 167 168 168 168 168 168 168 168 169 169 168 170 169 170 171 171 172 172 172 173
145 146 148 146 145 138 117 116 132 133 137 147 151 151 150 153 154 155 155 155 157 156 156 157 157 157 157 157 156 157 156 155 152 151 148 138 125 135 152 153 157 158 160 161 162 162 162 163 163 163 163 164 165 164 165 165 165 165 165 165 165 166 166 166 167 167 167 166 166 168 168 168 169 169 168 169 169 169 171 171 172 172 172 172
146 147 149 147 144 125 109 106 122 141 131 130 149 150 152 153 154 154 155 155 156 157 156 157 157 157 156 157 156 156 156 155 153 148 148 140 132 141 151 155 157 158 159 162 162 162 163 163 163 163 163 164 164 165 165 166 165 165 165 165 166 166 166 166 166 166 167 168 169 169 169 169 170 170 168 169 169 170 171 171 171 171 171 172
146 147 149 147 144 141 101 105 111 126 144 147 149 151 151 152 153 154 155 155 155 155 157 156 157 156 157 157 156 156 155 155 153 142 135 139 142 150 153 156 157 158 160 160 162 162 162 162 163 163 163 164 164 165 165 165 166 166 166 166 166 166 166 166 166 167 167 167 168 168 169 169 170 171 168 168 169 171 170 171 171 171 172 173
146 149 150 149 146 136 100 100 105 106 139 148 149 150 152 153 153 154 154 155 154 155 156 155 156 157 155 156 156 155 155 155 154 147 137 142 145 153 155 157 158 159 161 160 162 162 162 162 162 162 163 164 164 165 165 165 166 166 166 166 166 166 167 166 166 166 167 168 168 168 168 168 170 171 169 169 170 169 171 171 171 172 172 172
147 149 150 150 148 144 122 98 103 121 147 149 150 151 152 153 154 154 153 154 154 153 155 155 156 156 156 156 156 156 155 155 153 150 148 151 152 154 157 158 159 160 161 162 162 162 161 162 163 162 163 164 164 166 166 165 166 166 166 167 166 167 167 167 167 167 167 167 169 168 168 169 170 171 169 170 171 169 171 171 172 172 172 173
148 149 150 151 149 147 139 130 119 135 146 149 151 152 153 154 154 154 154 155 154 155 155 156 156 156 157 156 156 156 156 155 155 152 153 154 155 156 158 159 160 160 161 162 162 161 161 161 163 163 163 164 164 166 165 165 166 166 167 167 167 167 167 167 167 167 167 167 167 167 168 169 170 171 170 170 170 170 171 171 171 172 172 174
148 149 151 152 149 149 148 144 138 141 149 150 152 153 153 154 155 155 155 155 155 155 155 156 156 156 157 157 156 157 156 156 155 155 153 156 157 158 159 159 160 161 161 162 162 163 162 162 162 163 164 164 164 165 164 166 165 166 166 167 167 167 167 168 167 168 167 166 166 166 165 167 169 170 171 170 172 171 170 171 172 172 173 171
148 149 152 152 152 151 150 149 147 149 151 152 153 154 154 155 155 155 155 155 155 155 155 156 156 156 157 157 156 156 157 156 155 155 156 157 157 158 158 160 160 161 161 162 162 163 162 162 162 163 163 164 164 164 164 166 165 166 167 167 167 167 168 168 168 168 168 166 164 153 158 167 169 171 170 171 170 171 170 170 171 172 172 171
148 150 152 152 153 153 153 151 151 153 153 154 154 154 155 155 155 155 156 156 156 155 156 156 157 157 157 157 157 156 155 155 154 156 157 157 156 156 156 160 161 161 162 162 162 163 163 163 163 163 162 163 162 163 163 164 166 166 166 166 167 167 168 168 168 168 167 168 163 160 160 165 167 171 170 170 170 171 171 170 169 170 171 171
148 150 151 151 153 153 153 154 153 154 154 154 154 155 155 156 156 156 156 156 156 156 156 156 156 157 157 157 158 157 156 152 153 153 151 157 155 156 159 160 161 161 162 162 163 163 164 163 163 162 155 152 159 161 160 164 164 166 166 166 167 167 167 167 168 167 167 168 168 168 166 166 168 170 170 170 169 169 169 170 170 170 171 172
148 149 151 152 153 153 154 154 154 154 155 155 155 155 156 156 156 156 156 157 157 157 156 157 156 157 157 158 157 156 155 152 152 154 154 154 151 157 160 160 161 161 162 162 163 164 164 163 163 163 160 137 149 159 161 164 164 166 165 166 167 167 168 168 167 167 167 167 167 168 167 169 169 170 168 168 168 169 168 168 169 170 170 171
148 150 151 153 153 153 154 154 154 154 155 155 155 156 156 157 157 156 156 157 157 157 157 157 157 157 158 157 157 156 155 155 155 156 155 152 150 156 159 160 161 161 162 163 162 163 164 162 163 162 161 131 139 157 162 164 164 165 166 166 166 167 168 168 167 166 166 166 166 167 169 168 169 168 168 168 168 168 169 169 168 170 171 171
149 150 151 153 152 153 154 154 154 154 155 155 155 157 157 157 157 157 156 157 157 158 157 158 157 157 158 158 157 156 156 157 156 156 155 152 152 158 159 160 160 161 161 162 163 164 164 164 164 164 161 135 141 158 162 164 166 165 167 167 167 167 167 166 163 164 166 166 166 167 167 169 169 168 168 168 168 168 168 168 168 170 170 170
149 150 151 151 153 153 154 154 153 153 154 154 155 157 157 157 157 157 156 157 158 158 158 158 157 157 158 158 157 156 156 157 156 156 154 153 156 157 159 159 160 161 161 162 163 164 164 163 164 164 162 137 157 159 162 164 165 165 167 167 167 167 167 165 164 166 166 166 167 167 167 168 167 168 168 168 167 167 167 168 168 169 170 171
148 149 150 151 152 153 153 153 151 150 152 153 156 156 156 156 157 157 157 157 157 158 158 158 158 159 159 158 158 157 157 156 155 152 148 149 151 156 157 158 159 160 161 162 163 163 163 164 164 164 164 157 151 160 160 164 165 165 166 166 166 165 167 160 166 166 166 165 166 167 166 167 167 167 167 167 167 167 167 167 168 168 170 170
