invasiveSpecies/multiSpecies/data/worldclim_KE/worldclim_KE_2050_BC26_Bio9.asc
ncols         347
nrows         295
xllcorner     36.068012264173
yllcorner     0.13039239511974
cellsize      0.0083333333333333
NODATA_value  -9999
[rows 222 to 258 of 295, columns 84 to 167 of 347]
-9999 -9999 -9999 -9999 -9999 -9999 -9999 -9999 -9999 -9999 -9999 -9999 -9999 -9999 -9999 -9999 -9999 -9999 -9999 -9999 -9999 -9999 -9999 -9999 -9999 -9999 -9999 -9999 -9999 -9999 -9999 -9999 -9999 -9999 -9999 -9999 -9999 -9999 -9999 -9999 -9999 -9999 -9999 -9999 -9999 -9999 -9999 -9999 -9999 -9999 -9999 -9999 -9999 232 233 233 233 232 232 234 234 236 237 235 234 233 232 231 230 229 230 230 231 232 232 232 232 232 232 231 231 230 219 220
-9999 -9999 -9999 -9999 -9999 -9999 -9999 -9999 -9999 -9999 -9999 -9999 -9999 -9999 -9999 -9999 -9999 -9999 -9999 -9999 -9999 -9999 -9999 -9999 -9999 -9999 -9999 -9999 -9999 -9999 -9999 -9999 -9999 -9999 -9999 -9999 -9999 -9999 -9999 -9999 -9999 -9999 -9999 -9999 -9999 -9999 -9999 -9999 -9999 -9999 -9999 -9999 -9999 231 233 231 232 231 231 232 233 235 237 236 235 234 233 232 231 230 230 230 230 231 231 232 233 233 232 231 229 217 215 219
-9999 -9999 -9999 -9999 -9999 -9999 -9999 -9999 -9999 -9999 -9999 -9999 -9999 -9999 -9999 -9999 -9999 -9999 -9999 -9999 -9999 -9999 -9999 -9999 -9999 -9999 -9999 -9999 -9999 -9999 -9999 -9999 -9999 -9999 -9999 -9999 -9999 -9999 -9999 -9999 -9999 -9999 -9999 -9999 -9999 -9999 -9999 -9999 -9999 -9999 -9999 -9999 -9999 229 230 229 230 230 230 231 233 234 235 237 235 235 234 233 232 231 230 230 228 230 230 231 232 233 232 228 227 217 210 216
-9999 -9999 -9999 -9999 -9999 -9999 -9999 -9999 -9999 -9999 -9999 -9999 -9999 -9999 -9999 -9999 -9999 -9999 -9999 -9999 -9999 -9999 -9999 -9999 -9999 -9999 -9999 -9999 -9999 -9999 -9999 -9999 -9999 -9999 -9999 -9999 -9999 -9999 -9999 -9999 -9999 -9999 -9999 -9999 -9999 -9999 -9999 -9999 -9999 -9999 -9999 -9999 -9999 228 228 228 228 229 230 232 232 233 235 237 236 235 234 234 232 232 231 231 230 229 226 230 232 232 232 226 221 217 217 215
-9999 -9999 -9999 -9999 -9999 -9999 -9999 -9999 -9999 -9999 -9999 -9999 -9999 -9999 -9999 -9999 -9999 -9999 -9999 -9999 -9999 -9999 -9999 -9999 -9999 -9999 -9999 -9999 -9999 -9999 -9999 -9999 -9999 -9999 -9999 -9999 -9999 -9999 -9999 -9999 -9999 -9999 -9999 -9999 -9999 -9999 -9999 -9999 -9999 -9999 -9999 -9999 -9999 227 226 227 227 228 230 231 232 232 234 235 237 236 234 234 233 232 232 232 231 229 223 228 231 232 231 224 215 222 224 222
185 186 186 186 -9999 -9999 -9999 -9999 -9999 -9999 -9999 -9999 -9999 -9999 -9999 -9999 -9999 -9999 -9999 -9999 -9999 -9999 -9999 -9999 -9999 -9999 -9999 -9999 -9999 -9999 -9999 -9999 -9999 -9999 -9999 -9999 -9999 -9999 -9999 -9999 -9999 -9999 -9999 -9999 -9999 -9999 -9999 -9999 -9999 -9999 -9999 -9999 227 226 226 227 227 228 229 230 229 229 233 235 236 238 234 235 234 233 233 233 232 230 229 228 230 231 231 230 228 227 228 229
186 187 187 188 187 188 190 188 -9999 -9999 -9999 -9999 -9999 -9999 -9999 -9999 -9999 -9999 -9999 -9999 -9999 -9999 -9999 -9999 -9999 -9999 -9999 -9999 -9999 -9999 -9999 -9999 -9999 -9999 -9999 -9999 -9999 -9999 -9999 -9999 -9999 -9999 -9999 -9999 -9999 -9999 -9999 -9999 -9999 -9999 -9999 225 227 226 225 226 227 228 228 230 229 230 232 234 236 238 236 235 235 233 234 233 233 231 230 225 228 230 231 230 225 225 227 227
187 187 187 187 188 188 189 190 190 189 -9999 -9999 -9999 -9999 -9999 -9999 -9999 -9999 -9999 -9999 -9999 -9999 -9999 -9999 -9999 -9999 -9999 -9999 -9999 -9999 -9999 -9999 -9999 -9999 -9999 -9999 -9999 -9999 -9999 -9999 -9999 -9999 -9999 -9999 -9999 -9999 -9999 -9999 -9999 -9999 -9999 226 226 226 226 225 227 228 229 231 232 233 234 235 236 237 238 236 236 234 235 234 233 232 229 220 225 228 231 232 230 222 218 223
186 186 187 187 188 188 188 190 191 189 -9999 -9999 -9999 -9999 -9999 -9999 -9999 -9999 -9999 -9999 -9999 -9999 -9999 -9999 -9999 -9999 -9999 -9999 -9999 -9999 -9999 -9999 -9999 -9999 -9999 -9999 -9999 -9999 -9999 -9999 -9999 -9999 -9999 -9999 -9999 -9999 -9999 -9999 -9999 -9999 226 226 225 226 225 227 227 229 230 231 231 232 233 235 235 237 238 237 236 235 235 235 234 233 230 217 221 229 231 231 230 220 216 219
186 186 187 188 188 188 188 191 191 188 187 -9999 -9999 -9999 -9999 -9999 -9999 -9999 -9999 -9999 -9999 -9999 -9999 -9999 -9999 -9999 -9999 -9999 -9999 -9999 -9999 -9999 -9999 -9999 -9999 -9999 -9999 -9999 -9999 -9999 -9999 -9999 -9999 -9999 -9999 -9999 -9999 -9999 -9999 225 225 224 225 225 227 228 229 229 229 229 230 231 232 233 235 236 237 238 237 234 236 236 235 233 231 227 210 229 233 234 232 226 224 229
186 186 187 188 188 188 188 188 190 189 188 188 -9999 -9999 -9999 -9999 -9999 -9999 -9999 -9999 -9999 -9999 -9999 -9999 -9999 -9999 -9999 -9999 -9999 -9999 -9999 -9999 -9999 -9999 -9999 -9999 -9999 -9999 -9999 -9999 -9999 -9999 -9999 -9999 -9999 -9999 -9999 -9999 -9999 225 224 224 225 227 227 228 229 230 230 229 230 232 233 234 235 236 237 238 238 236 236 236 236 234 232 230 227 225 233 232 233 230 224 231
186 187 188 188 188 188 188 189 190 192 190 193 -9999 -9999 -9999 -9999 -9999 -9999 -9999 -9999 -9999 -9999 -9999 -9999 -9999 -9999 -9999 -9999 -9999 -9999 -9999 -9999 -9999 -9999 -9999 -9999 -9999 -9999 -9999 -9999 -9999 -9999 -9999 -9999 -9999 -9999 -9999 -9999 224 224 225 226 227 228 228 228 229 230 231 231 232 232 233 234 235 236 237 238 239 238 237 237 236 235 234 232 232 230 234 234 235 234 227 235
186 187 188 188 188 188 190 193 193 194 190 192 193 -9999 -9999 -9999 -9999 -9999 -9999 -9999 -9999 -9999 -9999 -9999 -9999 -9999 -9999 -9999 -9999 -9999 -9999 -9999 -9999 -9999 -9999 -9999 -9999 -9999 -9999 -9999 -9999 -9999 -9999 -9999 -9999 -9999 -9999 223 224 224 226 227 228 229 229 229 230 230 232 231 233 233 233 234 235 236 237 238 239 239 238 237 236 235 235 234 234 234 236 236 236 236 225 236
187 187 188 188 189 188 188 193 193 195 197 193 -9999 -9999 -9999 -9999 -9999 -9999 -9999 -9999 -9999 -9999 -9999 -9999 -9999 -9999 -9999 -9999 -9999 -9999 -9999 -9999 -9999 -9999 -9999 -9999 -9999 -9999 -9999 -9999 -9999 -9999 -9999 -9999 -9999 -9999 -9999 223 223 226 227 228 229 229 229 230 231 231 232 232 234 234 234 234 236 237 238 238 238 239 238 237 236 236 236 236 235 234 236 237 237 237 236 237
187 188 189 189 189 189 192 194 196 197 198 195 191 -9999 -9999 -9999 -9999 -9999 -9999 -9999 -9999 -9999 -9999 -9999 -9999 -9999 -9999 -9999 -9999 -9999 -9999 -9999 -9999 -9999 -9999 -9999 -9999 -9999 -9999 -9999 -9999 -9999 -9999 -9999 -9999 -9999 222 223 224 226 228 228 229 230 230 230 232 232 233 234 235 235 236 236 237 238 237 237 238 239 240 238 237 237 237 237 236 236 237 238 238 238 238 238
187 187 188 189 188 189 192 193 195 196 198 197 -9999 -9999 -9999 -9999 -9999 -9999 -9999 -9999 -9999 -9999 -9999 -9999 -9999 -9999 -9999 -9999 -9999 -9999 -9999 -9999 -9999 -9999 -9999 -9999 -9999 -9999 -9999 -9999 -9999 -9999 -9999 -9999 -9999 -9999 222 222 225 227 228 228 229 230 231 231 232 233 234 234 235 235 235 235 236 236 236 237 237 239 240 239 238 238 237 237 237 237 237 239 239 238 239 239
185 186 187 187 187 188 191 190 195 196 199 194 -9999 -9999 -9999 -9999 -9999 -9999 -9999 -9999 -9999 -9999 -9999 -9999 -9999 -9999 -9999 -9999 -9999 -9999 -9999 -9999 -9999 -9999 -9999 -9999 -9999 213 214 215 217 218 218 -9999 221 222 222 224 225 227 227 228 229 230 231 232 232 233 234 233 232 234 234 234 235 235 236 237 238 238 240 239 239 238 237 238 240 239 239 239 240 238 240 240
183 185 186 186 186 189 190 191 196 198 198 195 -9999 -9999 -9999 -9999 -9999 -9999 -9999 -9999 -9999 -9999 -9999 -9999 -9999 -9999 -9999 -9999 -9999 -9999 -9999 -9999 -9999 -9999 -9999 209 211 213 214 215 216 218 218 220 221 221 221 224 226 227 226 228 229 230 231 232 233 233 233 232 229 232 233 234 234 235 235 237 238 238 240 240 239 239 239 238 240 240 240 241 240 240 241 241
183 183 185 186 187 188 191 195 197 197 196 199 -9999 -9999 -9999 -9999 -9999 -9999 -9999 -9999 -9999 -9999 -9999 -9999 -9999 -9999 -9999 -9999 -9999 -9999 -9999 -9999 -9999 -9999 208 207 209 212 213 214 215 217 218 219 220 221 224 226 226 225 226 227 229 230 231 232 232 232 231 229 221 227 231 233 234 235 236 237 238 239 240 240 241 240 240 240 242 241 241 242 242 242 241 242
183 184 185 185 186 186 190 194 195 196 196 198 -9999 -9999 -9999 -9999 -9999 -9999 -9999 -9999 -9999 -9999 -9999 -9999 -9999 -9999 -9999 -9999 -9999 -9999 -9999 -9999 -9999 -9999 207 205 205 210 211 213 215 216 218 219 220 222 225 225 225 225 227 228 229 229 230 231 231 231 231 229 218 220 231 233 233 235 236 236 238 238 240 240 240 240 242 242 242 241 241 242 242 243 242 242
183 184 186 187 187 187 188 195 195 196 197 199 -9999 -9999 -9999 -9999 -9999 -9999 -9999 -9999 -9999 -9999 -9999 -9999 -9999 -9999 -9999 -9999 -9999 -9999 -9999 -9999 -9999 -9999 198 194 199 209 210 213 215 216 218 219 221 223 224 224 224 224 225 227 228 229 230 230 231 230 230 229 225 226 229 231 232 235 236 236 238 238 238 235 235 240 240 242 239 239 238 241 239 237 237 241
184 185 185 187 189 191 192 195 195 196 197 199 199 198 196 195 195 192 193 -9999 -9999 -9999 -9999 -9999 -9999 -9999 -9999 -9999 -9999 -9999 -9999 -9999 -9999 -9999 204 192 192 206 209 200 213 216 217 219 221 222 224 224 222 223 223 227 228 228 230 230 231 230 227 227 225 226 229 231 233 235 236 236 238 238 234 234 234 236 239 241 241 236 237 237 237 236 237 239
186 185 187 187 190 188 187 193 191 195 197 199 197 197 197 193 195 195 194 189 189 190 190 188 189 188 187 -9999 -9999 -9999 -9999 -9999 -9999 -9999 193 189 191 203 208 190 211 214 214 218 220 223 222 222 222 222 225 226 228 228 229 230 231 225 210 225 222 220 230 231 233 235 236 237 237 236 235 237 237 239 240 237 239 238 236 237 236 236 237 237
-9999 -9999 -9999 -9999 188 188 187 189 188 194 198 198 196 195 197 196 195 192 191 190 189 189 189 189 189 189 187 186 184 183 180 183 184 189 191 182 183 189 196 192 207 212 212 208 222 223 217 219 221 223 224 226 226 227 228 229 231 230 195 196 210 218 227 230 232 234 236 236 236 235 234 237 240 241 239 237 238 238 236 236 236 236 237 237
-9999 -9999 -9999 -9999 -9999 -9999 189 188 188 189 195 199 197 196 197 196 196 195 194 193 193 188 188 188 188 189 186 185 185 182 182 181 186 189 187 183 185 187 192 192 202 211 213 217 221 219 211 219 221 223 225 225 226 226 227 228 230 231 197 195 203 220 226 228 231 233 235 235 233 234 234 237 240 240 240 238 238 237 236 236 237 238 238 238
-9999 -9999 -9999 -9999 -9999 -9999 -9999 194 192 193 195 198 198 196 196 196 195 194 194 193 191 192 187 190 188 188 187 186 185 184 182 180 182 185 185 183 184 188 195 190 193 217 218 219 218 194 213 217 220 222 224 224 225 225 226 227 230 205 196 184 193 217 223 226 230 230 234 234 233 234 234 238 239 240 238 236 237 236 236 236 237 238 238 238
-9999 -9999 -9999 -9999 -9999 -9999 -9999 195 195 196 199 -9999 197 196 195 196 196 195 194 193 191 192 191 190 186 188 187 186 184 183 182 190 182 184 185 184 185 189 186 191 191 219 215 215 217 194 213 216 221 223 223 224 224 221 224 227 230 212 190 186 205 213 209 210 228 231 235 235 234 234 238 239 239 239 237 235 236 237 236 237 237 237 237 237
-9999 -9999 -9999 -9999 -9999 -9999 -9999 -9999 -9999 197 -9999 -9999 -9999 196 196 193 194 194 193 193 192 193 189 190 187 186 187 185 193 183 183 182 189 183 183 182 183 184 184 191 194 212 211 199 196 189 197 216 221 221 223 223 222 214 223 229 230 216 -9999 -9999 224 225 222 221 230 233 235 234 234 236 235 238 239 236 235 235 236 236 236 236 236 237 237 238
-9999 -9999 -9999 -9999 -9999 -9999 -9999 -9999 -9999 -9999 -9999 -9999 -9999 197 196 195 194 194 193 194 193 190 189 188 188 189 186 185 184 184 184 190 189 180 182 184 185 184 187 193 188 198 213 200 196 187 194 215 220 221 222 223 213 219 222 229 229 -9999 -9999 -9999 -9999 226 229 230 232 233 234 236 236 234 236 239 238 236 235 235 236 236 236 236 236 236 237 238
-9999 -9999 -9999 -9999 -9999 -9999 -9999 -9999 -9999 -9999 -9999 -9999 -9999 -9999 197 196 194 195 196 192 191 191 190 189 188 189 185 186 186 185 184 181 181 181 183 186 187 187 188 195 189 193 204 200 183 187 207 218 219 220 221 219 200 210 220 -9999 -9999 -9999 -9999 -9999 -9999 -9999 229 229 233 232 235 235 234 235 237 239 238 237 235 234 235 236 235 235 234 234 236 237
-9999 -9999 -9999 -9999 -9999 -9999 -9999 -9999 -9999 -9999 -9999 -9999 -9999 -9999 197 197 197 196 194 194 194 191 190 190 188 188 187 187 186 186 185 184 182 181 182 181 183 188 191 195 193 202 203 194 190 196 212 216 216 216 220 220 212 205 -9999 -9999 -9999 -9999 -9999 -9999 -9999 -9999 -9999 229 232 233 236 234 233 236 237 239 236 235 234 234 235 236 235 234 234 234 236 237
-9999 -9999 -9999 -9999 -9999 -9999 -9999 -9999 -9999 -9999 -9999 -9999 -9999 -9999 -9999 197 196 194 194 193 193 193 193 190 189 188 187 186 185 185 184 183 183 182 183 183 185 185 192 198 193 194 199 188 194 198 199 201 211 208 212 219 209 -9999 -9999 -9999 -9999 -9999 -9999 -9999 -9999 -9999 -9999 231 232 232 235 236 235 236 237 238 236 235 234 234 235 235 235 234 234 236 236 236
-9999 -9999 -9999 -9999 -9999 -9999 -9999 -9999 -9999 -9999 -9999 -9999 -9999 -9999 -9999 198 196 194 194 194 193 192 191 -9999 189 189 187 186 185 193 184 182 182 184 185 186 189 190 192 196 191 187 192 186 190 196 189 190 195 197 205 -9999 -9999 -9999 -9999 -9999 -9999 -9999 -9999 -9999 -9999 -9999 -9999 230 230 232 234 234 234 236 237 237 236 235 234 234 234 235 234 233 234 235 236 235
-9999 -9999 -9999 -9999 -9999 -9999 -9999 -9999 -9999 -9999 -9999 -9999 -9999 -9999 -9999 197 196 194 194 193 193 192 -9999 -9999 -9999 -9999 -9999 -9999 -9999 -9999 192 190 183 184 185 188 190 192 193 192 191 187 186 188 186 189 196 185 188 188 -9999 -9999 -9999 -9999 -9999 -9999 -9999 -9999 -9999 -9999 -9999 -9999 -9999 -9999 230 232 232 232 235 233 237 237 236 234 234 234 233 234 233 233 233 235 235 234
-9999 -9999 -9999 -9999 -9999 -9999 -9999 -9999 -9999 -9999 -9999 -9999 -9999 -9999 -9999 -9999 196 196 195 194 -9999 -9999 -9999 -9999 -9999 -9999 -9999 -9999 -9999 -9999 -9999 191 190 182 182 188 190 193 194 194 193 190 187 185 184 188 194 188 184 184 -9999 -9999 -9999 -9999 -9999 -9999 -9999 -9999 -9999 -9999 -9999 -9999 -9999 -9999 230 230 233 232 235 236 236 236 236 234 233 233 233 233 233 233 233 234 233 232
-9999 -9999 -9999 -9999 -9999 -9999 -9999 -9999 -9999 -9999 -9999 -9999 -9999 -9999 -9999 -9999 196 195 194 -9999 -9999 -9999 -9999 -9999 -9999 -9999 -9999 -9999 -9999 -9999 -9999 184 182 190 182 185 187 193 191 191 189 193 193 189 185 184 192 188 184 186 -9999 -9999 -9999 -9999 -9999 -9999 -9999 -9999 -9999 -9999 -9999 -9999 -9999 -9999 228 230 233 234 237 236 236 236 236 236 234 233 233 233 232 233 232 232 233 231
-9999 -9999 -9999 -9999 -9999 -9999 -9999 -9999 -9999 -9999 -9999 -9999 -9999 -9999 -9999 -9999 -9999 -9999 -9999 -9999 -9999 -9999 -9999 -9999 -9999 -9999 -9999 -9999 -9999 -9999 -9999 -9999 191 190 183 184 186 192 187 190 188 189 190 188 186 180 180 188 186 183 -9999 -9999 -9999 -9999 -9999 -9999 -9999 -9999 -9999 -9999 -9999 -9999 -9999 -9999 228 229 231 233 235 235 236 236 236 235 234 234 233 232 232 232 232 231 232 231
