invasiveSpecies/multiSpecies/data/worldclim_KE/worldclim_KE_2050_BC26_Bio16.asc
ncols         347
nrows         295
xllcorner     36.068012264173
yllcorner     0.13039239511974
cellsize      0.0083333333333333
NODATA_value  -9999
[rows 185 to 221 of 295, columns 84 to 167 of 347]
-9999 -9999 -9999 -9999 -9999 -9999 -9999 -9999 -9999 -9999 -9999 -9999 -9999 -9999 -9999 -9999 -9999 -9999 -9999 -9999 -9999 -9999 -9999 -9999 -9999 -9999 -9999 -9999 -9999 -9999 -9999 -9999 298 316 308 307 315 320 326 326 323 323 325 329 338 335 333 332 331 337 338 341 340 340 343 345 344 342 342 340 343 345 344 346 346 349 348 332 353 337 281 249 243 241 238 234 232 231 231 230 227 226 226 226
-9999 -9999 -9999 -9999 -9999 -9999 -9999 -9999 -9999 -9999 -9999 -9999 -9999 -9999 -9999 -9999 -9999 -9999 -9999 -9999 -9999 -9999 -9999 -9999 -9999 -9999 -9999 -9999 -9999 -9999 -9999 -9999 300 319 315 313 322 324 330 331 329 327 327 330 336 339 338 338 336 340 340 341 341 342 343 345 344 342 343 341 342 341 341 344 345 348 356 342 356 309 259 251 244 243 240 235 234 233 234 230 230 227 227 227
-9999 -9999 -9999 -9999 -9999 -9999 -9999 -9999 -9999 -9999 -9999 -9999 -9999 -9999 -9999 -9999 -9999 -9999 -9999 -9999 -9999 -9999 -9999 -9999 -9999 -9999 -9999 -9999 -9999 -9999 -9999 305 300 320 324 318 328 332 337 335 336 334 332 334 337 341 344 342 342 343 342 339 341 344 345 342 342 341 342 340 340 342 342 342 344 347 349 355 334 285 263 255 248 245 242 241 239 235 237 233 232 230 229 229
-9999 -9999 -9999 -9999 -9999 -9999 -9999 -9999 -9999 -9999 -9999 -9999 -9999 -9999 -9999 -9999 -9999 -9999 -9999 -9999 -9999 -9999 -9999 -9999 -9999 -9999 -9999 -9999 -9999 -9999 -9999 303 312 329 329 327 332 332 337 341 340 337 339 334 338 342 344 344 342 342 342 339 343 343 344 342 341 339 338 339 339 340 343 341 344 346 348 350 354 328 309 267 253 254 244 243 242 238 237 236 234 232 233 233
-9999 -9999 -9999 -9999 -9999 -9999 -9999 -9999 -9999 -9999 -9999 -9999 -9999 -9999 -9999 -9999 -9999 -9999 -9999 -9999 -9999 -9999 -9999 -9999 -9999 -9999 -9999 -9999 -9999 -9999 -9999 307 318 327 341 342 336 338 342 342 342 343 341 339 342 347 346 344 342 342 342 340 340 345 344 343 339 337 336 338 337 339 339 341 343 343 345 347 349 344 359 337 271 276 254 247 245 242 242 239 238 236 236 237
-9999 -9999 -9999 -9999 -9999 -9999 -9999 -9999 -9999 -9999 -9999 -9999 -9999 -9999 -9999 -9999 -9999 -9999 -9999 -9999 -9999 -9999 -9999 -9999 -9999 -9999 -9999 -9999 -9999 -9999 -9999 314 323 334 345 347 347 347 345 345 346 346 346 342 345 348 348 344 342 341 342 340 341 344 344 341 338 334 340 339 339 341 342 342 344 346 346 349 355 353 358 353 359 317 271 263 251 250 246 242 241 240 239 241
-9999 -9999 -9999 -9999 -9999 -9999 -9999 -9999 -9999 -9999 -9999 -9999 -9999 -9999 -9999 -9999 -9999 -9999 -9999 -9999 -9999 -9999 -9999 -9999 -9999 -9999 -9999 -9999 -9999 -9999 313 324 344 346 347 350 352 350 351 351 350 350 346 346 348 350 350 347 344 341 340 340 341 343 344 341 339 335 340 344 344 346 344 345 346 348 350 351 354 358 348 337 358 355 324 290 269 261 271 255 247 243 242 246
-9999 -9999 -9999 -9999 -9999 -9999 -9999 -9999 -9999 -9999 -9999 -9999 -9999 -9999 -9999 -9999 -9999 -9999 -9999 -9999 -9999 -9999 -9999 -9999 -9999 -9999 -9999 -9999 -9999 -9999 318 333 346 347 348 354 353 355 355 354 352 351 349 352 352 351 351 349 346 344 340 338 341 345 346 342 337 335 341 345 348 350 349 348 349 349 351 354 355 363 343 337 356 363 356 322 297 302 278 267 258 247 246 258
-9999 -9999 -9999 -9999 -9999 -9999 -9999 -9999 -9999 -9999 -9999 -9999 -9999 -9999 -9999 -9999 -9999 -9999 -9999 -9999 -9999 -9999 -9999 -9999 -9999 -9999 -9999 -9999 -9999 -9999 326 351 349 350 352 353 357 357 357 356 354 356 355 355 354 351 351 351 348 344 342 339 339 346 344 340 338 336 338 344 347 353 352 351 352 354 354 355 357 363 338 339 341 350 355 356 332 353 330 302 288 249 249 256
-9999 -9999 -9999 -9999 -9999 -9999 -9999 -9999 -9999 -9999 -9999 -9999 -9999 -9999 -9999 -9999 -9999 -9999 -9999 -9999 -9999 -9999 -9999 -9999 -9999 -9999 -9999 -9999 -9999 331 345 349 351 353 355 356 358 357 358 358 360 360 359 359 357 353 351 351 349 346 342 339 338 343 342 340 336 340 342 345 349 351 356 354 356 355 352 359 361 364 339 341 346 350 354 366 367 368 364 366 343 266 254 270
-9999 -9999 -9999 -9999 -9999 -9999 -9999 -9999 -9999 -9999 -9999 -9999 -9999 -9999 -9999 -9999 -9999 -9999 -9999 -9999 -9999 -9999 -9999 -9999 -9999 -9999 -9999 -9999 -9999 327 354 353 359 358 361 358 361 361 362 363 362 363 362 364 358 355 352 351 349 348 343 340 338 342 340 336 335 341 347 350 351 356 360 357 357 353 354 356 365 361 341 340 350 352 351 356 360 364 367 364 317 262 257 275
-9999 -9999 -9999 -9999 -9999 -9999 -9999 -9999 -9999 -9999 -9999 -9999 -9999 -9999 -9999 -9999 -9999 -9999 -9999 -9999 -9999 -9999 -9999 -9999 -9999 -9999 -9999 -9999 -9999 340 345 359 361 360 364 365 365 367 367 368 366 366 366 366 360 359 356 353 348 346 348 343 340 336 335 335 341 343 345 349 353 357 360 357 354 351 353 360 364 359 343 340 346 351 354 356 362 367 367 373 356 283 262 262
-9999 -9999 -9999 -9999 -9999 -9999 -9999 -9999 -9999 -9999 -9999 -9999 -9999 -9999 -9999 -9999 -9999 -9999 -9999 -9999 -9999 -9999 -9999 -9999 -9999 -9999 -9999 -9999 336 356 361 360 362 361 362 368 368 369 369 368 369 371 369 366 365 363 359 356 352 347 344 344 339 335 335 341 347 350 351 352 353 355 357 358 353 351 353 358 365 358 357 344 345 353 363 377 367 366 369 369 346 287 262 257
-9999 -9999 -9999 -9999 -9999 -9999 -9999 -9999 -9999 -9999 -9999 -9999 -9999 -9999 -9999 -9999 -9999 -9999 -9999 -9999 -9999 -9999 -9999 -9999 -9999 -9999 -9999 -9999 335 362 364 364 367 365 363 364 366 366 364 370 362 371 372 373 370 369 364 358 353 351 345 344 341 335 341 344 348 350 351 349 352 351 353 358 353 349 352 360 365 365 353 345 345 351 355 359 362 365 369 369 347 269 262 255
-9999 -9999 -9999 -9999 -9999 -9999 -9999 -9999 -9999 -9999 -9999 -9999 -9999 -9999 -9999 -9999 -9999 -9999 -9999 -9999 -9999 -9999 -9999 -9999 -9999 -9999 -9999 -9999 342 364 370 371 370 370 363 363 361 361 357 358 357 368 377 376 376 369 366 358 354 350 343 344 341 334 338 345 346 349 348 345 346 346 350 355 353 347 353 360 366 367 348 350 348 350 354 359 366 367 374 369 368 269 258 255
-9999 -9999 -9999 -9999 -9999 -9999 -9999 -9999 -9999 -9999 -9999 -9999 -9999 -9999 -9999 -9999 -9999 -9999 -9999 -9999 -9999 -9999 -9999 -9999 -9999 -9999 -9999 -9999 350 368 374 372 373 375 365 364 363 360 355 353 356 360 359 360 373 376 370 363 357 353 348 340 340 333 338 341 344 346 343 339 341 345 347 352 353 346 348 352 357 363 366 365 355 359 362 364 365 370 367 321 265 263 256 252
-9999 -9999 -9999 -9999 -9999 -9999 -9999 -9999 -9999 -9999 -9999 -9999 -9999 -9999 -9999 -9999 -9999 -9999 -9999 -9999 -9999 -9999 -9999 -9999 -9999 -9999 -9999 -9999 354 377 376 375 374 378 370 369 364 363 361 358 354 359 357 358 360 363 376 370 371 363 353 346 340 338 334 342 344 345 340 336 339 342 350 350 350 346 343 350 355 358 363 369 368 369 370 370 366 345 319 291 271 263 256 254
-9999 -9999 -9999 -9999 -9999 -9999 -9999 -9999 -9999 -9999 -9999 -9999 -9999 -9999 -9999 -9999 -9999 -9999 -9999 -9999 -9999 -9999 -9999 -9999 -9999 -9999 -9999 357 363 375 380 377 377 378 376 370 368 369 363 359 354 358 355 355 355 359 362 369 383 361 358 353 341 336 330 337 341 337 337 332 336 341 344 347 348 344 341 347 349 353 356 360 363 361 360 359 340 318 346 285 342 335 270 263
-9999 -9999 -9999 -9999 -9999 -9999 -9999 -9999 -9999 -9999 -9999 -9999 -9999 -9999 -9999 -9999 -9999 -9999 -9999 -9999 -9999 -9999 -9999 -9999 -9999 -9999 -9999 359 371 379 382 380 378 379 379 377 374 372 365 361 357 354 354 354 353 353 357 368 381 375 374 373 345 336 329 343 340 332 330 327 330 336 342 344 340 341 339 342 346 347 350 354 356 354 352 354 369 377 373 343 320 356 273 270
-9999 -9999 -9999 -9999 -9999 -9999 -9999 -9999 -9999 -9999 -9999 -9999 -9999 -9999 -9999 -9999 -9999 -9999 -9999 -9999 -9999 -9999 -9999 -9999 -9999 -9999 -9999 370 374 390 387 385 383 380 380 380 378 374 368 367 366 360 357 354 350 349 355 362 389 368 357 356 349 336 327 336 337 331 325 323 327 329 339 344 337 337 337 338 341 346 347 352 350 350 348 349 371 379 374 312 304 331 288 272
-9999 -9999 -9999 -9999 -9999 -9999 -9999 -9999 -9999 -9999 -9999 -9999 -9999 -9999 -9999 -9999 -9999 -9999 -9999 -9999 -9999 -9999 -9999 -9999 -9999 -9999 -9999 377 388 390 391 388 386 384 383 384 382 379 374 370 365 360 355 360 354 350 355 359 381 363 356 348 340 333 326 336 334 326 321 317 323 326 333 336 335 337 333 335 338 338 342 344 341 341 344 351 374 379 380 353 304 298 282 272
-9999 -9999 -9999 -9999 -9999 -9999 -9999 -9999 -9999 -9999 -9999 -9999 -9999 -9999 -9999 -9999 -9999 -9999 -9999 -9999 -9999 -9999 -9999 -9999 -9999 -9999 -9999 -9999 391 390 390 390 390 384 382 384 386 386 378 372 367 359 355 356 354 346 350 356 382 388 359 353 348 338 322 330 325 323 319 313 316 326 327 329 328 329 334 336 336 334 332 337 336 333 337 336 370 378 372 371 306 287 280 273
-9999 -9999 -9999 -9999 -9999 -9999 -9999 -9999 -9999 -9999 -9999 -9999 -9999 -9999 -9999 -9999 -9999 -9999 -9999 -9999 -9999 -9999 -9999 -9999 -9999 -9999 -9999 -9999 392 391 391 391 391 387 380 386 384 387 395 370 366 361 354 351 350 346 351 364 393 382 366 359 353 340 330 318 316 316 314 308 311 318 322 324 324 327 328 331 330 328 327 332 333 331 330 331 346 369 349 307 297 289 284 272
-9999 -9999 -9999 -9999 -9999 -9999 -9999 -9999 -9999 -9999 -9999 -9999 -9999 -9999 -9999 -9999 -9999 -9999 -9999 -9999 -9999 -9999 -9999 -9999 -9999 -9999 -9999 396 398 398 392 389 392 385 381 386 381 386 383 376 365 359 355 351 349 344 352 357 353 364 383 362 352 345 336 333 331 319 308 304 308 316 314 321 330 327 322 324 322 324 322 323 322 323 324 322 323 317 318 309 343 307 301 283
-9999 -9999 -9999 -9999 -9999 -9999 -9999 -9999 -9999 -9999 -9999 -9999 -9999 -9999 -9999 -9999 -9999 -9999 -9999 -9999 -9999 -9999 -9999 -9999 -9999 -9999 -9999 -9999 406 403 396 389 394 392 385 382 379 385 382 378 370 367 362 357 351 342 344 353 345 345 360 367 349 344 342 334 329 320 310 304 305 310 318 324 327 325 319 318 318 317 316 317 319 321 321 319 317 319 319 368 375 316 318 286
-9999 -9999 -9999 -9999 -9999 -9999 -9999 -9999 -9999 -9999 -9999 -9999 -9999 -9999 -9999 -9999 -9999 -9999 -9999 -9999 -9999 -9999 -9999 -9999 -9999 -9999 -9999 -9999 412 404 397 388 393 391 385 382 377 388 385 376 371 368 361 355 349 343 339 339 340 347 365 348 350 341 333 328 324 316 311 302 304 307 314 321 323 319 318 314 316 314 314 313 315 316 317 316 318 323 331 375 369 301 287 290
-9999 -9999 -9999 -9999 -9999 -9999 -9999 -9999 -9999 -9999 -9999 -9999 -9999 -9999 -9999 -9999 -9999 -9999 -9999 -9999 -9999 -9999 -9999 -9999 -9999 -9999 -9999 -9999 418 403 398 390 396 393 380 379 375 384 383 382 372 366 363 356 355 353 343 336 335 336 334 341 349 343 332 325 319 313 307 299 301 307 315 318 322 322 319 311 311 308 308 309 312 315 322 325 326 332 340 369 388 311 282 271
-9999 -9999 -9999 -9999 -9999 -9999 -9999 -9999 -9999 -9999 -9999 -9999 -9999 -9999 -9999 -9999 -9999 -9999 -9999 -9999 -9999 -9999 -9999 -9999 -9999 400 424 426 427 408 400 393 390 390 378 375 373 379 380 379 375 372 370 365 361 359 350 341 331 328 333 335 354 337 329 320 315 308 304 298 297 311 315 314 313 320 317 310 307 307 307 306 310 314 333 332 338 367 356 361 401 287 278 266
-9999 -9999 -9999 -9999 -9999 -9999 -9999 -9999 -9999 -9999 -9999 -9999 -9999 -9999 -9999 -9999 -9999 -9999 -9999 -9999 -9999 -9999 -9999 -9999 -9999 407 427 433 434 412 403 401 391 382 377 376 371 371 375 371 372 367 373 371 363 361 357 348 339 328 326 332 332 322 323 315 309 302 299 297 296 304 312 309 308 314 317 310 305 303 302 304 305 314 319 338 345 355 389 396 409 289 278 262
-9999 -9999 -9999 -9999 -9999 -9999 -9999 -9999 -9999 -9999 -9999 -9999 -9999 -9999 -9999 -9999 -9999 -9999 -9999 -9999 -9999 -9999 -9999 -9999 -9999 377 434 438 427 413 404 393 398 391 384 372 367 363 370 364 366 362 361 366 362 357 354 343 338 325 322 329 327 320 314 312 305 296 294 290 292 304 309 305 303 309 320 314 305 301 299 298 303 307 315 342 348 392 402 404 408 346 283 261
-9999 -9999 -9999 -9999 -9999 -9999 -9999 -9999 -9999 -9999 -9999 -9999 -9999 -9999 -9999 -9999 -9999 -9999 -9999 -9999 -9999 -9999 -9999 -9999 -9999 -9999 442 435 429 420 404 389 400 397 391 382 375 371 357 354 357 358 351 359 363 354 352 345 338 328 319 321 317 322 312 306 302 296 285 293 302 300 307 301 302 303 311 316 309 298 295 293 297 302 310 318 342 362 402 396 410 369 280 270
-9999 -9999 -9999 -9999 -9999 -9999 -9999 -9999 -9999 -9999 -9999 -9999 -9999 -9999 -9999 -9999 -9999 -9999 -9999 -9999 -9999 -9999 -9999 -9999 -9999 358 431 442 438 416 401 387 380 399 393 379 372 367 353 351 348 349 347 351 359 355 348 344 334 325 321 312 308 311 313 306 297 291 285 290 294 298 304 301 293 301 304 312 309 300 294 292 293 298 306 312 345 358 395 363 403 362 294 271
-9999 -9999 -9999 -9999 -9999 -9999 -9999 -9999 -9999 -9999 -9999 -9999 -9999 -9999 -9999 -9999 -9999 -9999 -9999 -9999 -9999 -9999 -9999 -9999 390 385 449 454 419 403 399 385 374 376 377 370 356 348 -9999 -9999 -9999 -9999 338 347 356 355 351 343 341 332 329 316 310 302 303 304 293 288 280 286 298 296 298 299 289 295 299 305 304 298 293 289 290 294 298 305 348 352 367 345 375 372 279 267
-9999 -9999 -9999 -9999 -9999 -9999 -9999 -9999 -9999 -9999 -9999 -9999 -9999 -9999 -9999 -9999 -9999 -9999 -9999 -9999 -9999 -9999 -9999 -9999 412 418 457 463 436 396 389 380 374 369 355 362 -9999 -9999 -9999 -9999 -9999 -9999 -9999 332 347 345 350 353 346 338 329 319 310 298 294 294 288 283 277 281 288 290 291 293 286 291 296 301 298 295 290 287 287 288 291 297 348 331 330 303 317 343 308 261
-9999 -9999 -9999 -9999 -9999 -9999 -9999 -9999 -9999 -9999 -9999 -9999 -9999 -9999 -9999 -9999 -9999 -9999 -9999 -9999 -9999 -9999 -9999 -9999 444 444 446 464 424 378 392 371 364 -9999 -9999 -9999 -9999 -9999 -9999 -9999 -9999 -9999 -9999 -9999 340 337 337 341 343 339 336 323 312 305 296 286 283 275 273 271 283 286 286 289 284 288 292 299 296 291 287 286 282 282 285 286 291 303 286 288 292 295 267 256
-9999 -9999 -9999 -9999 -9999 -9999 -9999 -9999 -9999 -9999 -9999 -9999 -9999 -9999 -9999 -9999 -9999 -9999 -9999 -9999 -9999 -9999 -9999 -9999 466 460 415 440 406 368 -9999 -9999 -9999 -9999 -9999 -9999 -9999 -9999 -9999 -9999 -9999 -9999 -9999 -9999 -9999 -9999 328 336 338 329 321 318 315 309 295 286 278 275 276 270 276 280 281 282 285 285 290 292 296 290 286 282 280 278 276 276 275 273 274 277 276 271 261 253
-9999 -9999 -9999 -9999 -9999 -9999 -9999 -9999 -9999 -9999 -9999 -9999 -9999 -9999 -9999 -9999 -9999 -9999 -9999 -9999 -9999 -9999 -9999 -9999 408 391 385 -9999 -9999 -9999 -9999 -9999 -9999 -9999 -9999 -9999 -9999 -9999 -9999 -9999 -9999 -9999 -9999 -9999 -9999 -9999 -9999 -9999 332 325 311 304 302 308 292 282 284 288 284 279 268 275 273 278 277 279 283 289 294 294 289 286 280 278 275 274 272 269 270 270 270 272 278 261
