invasiveSpecies/multiSpecies/data/worldclim_KE/worldclim_KE_2050_BC85_Bio1.asc
ncols         347
nrows         295
xllcorner     36.068012264173
yllcorner     0.13039239511974
cellsize      0.0083333333333333
NODATA_value  -9999
[rows 37 to 73 of 295, columns 168 to 251 of 347]
-9999 -9999 -9999 -9999 -9999 -9999 -9999 -9999 -9999 -9999 -9999 -9999 -9999 -9999 -9999 -9999 -9999 -9999 -9999 -9999 -9999 -9999 -9999 -9999 -9999 -9999 -9999 -9999 -9999 -9999 -9999 -9999 -9999 -9999 -9999 -9999 253 252 251 250 249 249 255 262 245 244 242 241 238 235 233 229 -9999 -9999 -9999 -9999 -9999 -9999 -9999 -9999 -9999 -9999 -9999 -9999 -9999 -9999 -9999 -9999 240 243 244 246 249 251 253 256 257 258 260 262 264 265 265 266
-9999 -9999 -9999 -9999 -9999 -9999 -9999 -9999 -9999 -9999 -9999 -9999 -9999 -9999 -9999 -9999 -9999 -9999 -9999 -9999 -9999 -9999 -9999 -9999 -9999 -9999 -9999 -9999 -9999 -9999 -9999 -9999 -9999 -9999 -9999 -9999 253 252 251 249 248 248 246 251 243 242 240 238 236 234 233 231 227 -9999 -9999 -9999 -9999 -9999 -9999 -9999 -9999 -9999 -9999 -9999 -9999 -9999 -9999 240 242 244 246 248 250 253 255 258 259 260 262 263 264 265 266 267
-9999 -9999 -9999 -9999 -9999 -9999 -9999 -9999 -9999 -9999 -9999 -9999 -9999 -9999 -9999 -9999 -9999 -9999 -9999 -9999 -9999 -9999 -9999 -9999 -9999 -9999 -9999 -9999 -9999 -9999 -9999 -9999 -9999 -9999 -9999 253 253 251 250 249 248 248 246 244 242 240 239 238 234 232 232 230 223 221 218 -9999 -9999 -9999 -9999 -9999 -9999 -9999 -9999 -9999 -9999 -9999 -9999 241 243 246 247 249 251 255 257 258 260 261 262 263 264 266 267 268
-9999 -9999 -9999 -9999 -9999 -9999 -9999 -9999 -9999 -9999 -9999 -9999 -9999 -9999 -9999 -9999 -9999 -9999 -9999 -9999 -9999 -9999 -9999 -9999 -9999 -9999 -9999 -9999 -9999 -9999 -9999 -9999 -9999 -9999 -9999 -9999 253 251 250 249 248 247 246 245 242 239 238 237 231 232 229 227 224 222 218 219 219 -9999 -9999 -9999 -9999 -9999 -9999 -9999 -9999 242 242 243 244 247 248 248 251 257 259 259 261 262 264 264 265 266 267 268
-9999 -9999 -9999 -9999 -9999 -9999 -9999 -9999 -9999 -9999 -9999 -9999 -9999 -9999 -9999 -9999 -9999 -9999 -9999 -9999 -9999 -9999 -9999 -9999 -9999 -9999 -9999 -9999 -9999 -9999 -9999 -9999 -9999 -9999 -9999 -9999 253 251 251 249 248 247 246 244 241 240 238 237 236 232 231 229 225 224 226 227 225 -9999 -9999 -9999 -9999 -9999 -9999 -9999 242 243 245 245 245 248 250 251 257 259 260 261 262 263 264 265 266 267 268 269
-9999 -9999 -9999 -9999 -9999 -9999 -9999 -9999 -9999 -9999 -9999 -9999 -9999 -9999 -9999 -9999 -9999 -9999 -9999 -9999 -9999 -9999 -9999 -9999 -9999 -9999 -9999 -9999 -9999 -9999 -9999 -9999 -9999 -9999 -9999 -9999 253 252 251 249 247 246 245 242 242 239 238 237 237 234 232 231 230 229 231 230 228 -9999 -9999 -9999 -9999 -9999 -9999 -9999 245 244 244 248 248 251 253 255 259 260 261 262 263 264 265 266 266 268 270 270
-9999 -9999 -9999 -9999 -9999 -9999 -9999 -9999 -9999 -9999 -9999 -9999 -9999 -9999 -9999 -9999 -9999 -9999 -9999 -9999 -9999 -9999 -9999 -9999 -9999 -9999 -9999 -9999 -9999 -9999 -9999 -9999 -9999 -9999 -9999 -9999 253 252 250 248 246 246 245 244 242 241 239 237 238 233 232 232 231 231 232 233 235 -9999 -9999 -9999 -9999 -9999 243 244 246 247 245 248 251 253 256 257 259 260 262 263 263 265 266 267 268 269 271 271
-9999 -9999 -9999 -9999 -9999 -9999 -9999 -9999 -9999 -9999 -9999 -9999 -9999 -9999 -9999 -9999 -9999 -9999 -9999 -9999 -9999 -9999 -9999 -9999 -9999 -9999 -9999 -9999 -9999 -9999 -9999 -9999 -9999 -9999 -9999 -9999 253 252 250 249 246 246 245 244 243 242 241 239 239 234 235 236 232 235 233 234 236 239 240 241 242 244 245 247 248 249 249 249 253 255 257 259 261 261 262 263 264 265 266 268 270 271 271 272
-9999 -9999 -9999 -9999 -9999 -9999 -9999 -9999 -9999 -9999 -9999 -9999 -9999 -9999 -9999 -9999 -9999 -9999 -9999 -9999 -9999 -9999 -9999 -9999 -9999 -9999 -9999 -9999 -9999 -9999 -9999 -9999 -9999 -9999 -9999 -9999 253 251 251 250 247 245 245 244 243 242 241 241 240 237 237 237 237 237 241 253 241 240 242 243 244 245 247 248 250 252 252 253 255 256 257 260 262 263 263 264 264 265 267 268 269 270 272 273
-9999 -9999 -9999 -9999 -9999 -9999 -9999 -9999 -9999 -9999 -9999 -9999 -9999 -9999 -9999 -9999 -9999 -9999 -9999 -9999 -9999 -9999 -9999 -9999 -9999 -9999 -9999 -9999 -9999 -9999 -9999 -9999 -9999 -9999 -9999 255 253 252 251 249 248 246 245 244 243 242 241 241 241 239 238 238 239 239 253 253 245 242 243 245 247 246 249 250 252 253 253 254 257 258 259 260 262 264 262 263 265 266 267 268 269 272 272 274
-9999 -9999 -9999 -9999 -9999 -9999 -9999 -9999 -9999 -9999 -9999 -9999 -9999 -9999 -9999 -9999 -9999 -9999 -9999 -9999 -9999 -9999 -9999 -9999 -9999 -9999 -9999 -9999 -9999 -9999 -9999 -9999 -9999 -9999 -9999 255 255 253 252 250 249 246 246 244 243 242 242 241 241 239 238 238 240 241 243 244 243 245 245 248 249 250 251 253 254 255 256 256 258 260 261 262 264 265 266 266 266 267 269 271 271 272 273 274
-9999 -9999 -9999 -9999 -9999 -9999 -9999 -9999 -9999 -9999 -9999 -9999 -9999 -9999 -9999 -9999 -9999 -9999 -9999 -9999 -9999 -9999 -9999 -9999 -9999 -9999 -9999 -9999 -9999 -9999 -9999 -9999 -9999 -9999 -9999 257 265 265 251 250 249 247 246 245 244 243 241 242 242 241 240 241 242 243 244 244 246 247 248 249 249 251 253 255 256 256 257 258 260 261 262 264 265 265 267 267 268 269 270 272 272 272 273 275
-9999 -9999 -9999 -9999 -9999 -9999 -9999 -9999 -9999 -9999 -9999 -9999 -9999 -9999 -9999 -9999 -9999 -9999 -9999 -9999 -9999 -9999 -9999 -9999 -9999 -9999 -9999 -9999 -9999 -9999 -9999 -9999 -9999 -9999 -9999 257 260 256 251 250 249 248 247 245 244 244 243 243 242 242 243 243 245 245 245 246 247 249 249 250 250 251 254 256 257 259 260 260 262 262 264 263 266 266 267 268 269 270 271 272 273 273 274 275
-9999 -9999 -9999 -9999 -9999 -9999 -9999 -9999 -9999 -9999 -9999 -9999 -9999 -9999 -9999 -9999 -9999 -9999 -9999 -9999 -9999 -9999 -9999 -9999 -9999 -9999 -9999 -9999 -9999 -9999 -9999 -9999 -9999 -9999 -9999 256 255 253 252 251 250 249 248 246 244 244 242 242 242 244 244 246 246 247 248 249 249 251 251 252 252 253 255 257 260 264 261 263 263 263 264 264 266 267 268 269 270 271 272 273 273 274 275 275
-9999 -9999 -9999 -9999 -9999 -9999 -9999 -9999 -9999 -9999 -9999 -9999 -9999 -9999 -9999 -9999 -9999 -9999 -9999 -9999 -9999 -9999 -9999 -9999 -9999 -9999 -9999 -9999 -9999 -9999 -9999 -9999 -9999 -9999 -9999 256 255 254 252 251 250 250 249 248 247 247 244 244 245 246 248 248 248 249 248 250 251 252 253 254 254 256 257 258 260 265 262 263 264 264 265 266 266 268 269 270 270 271 273 274 275 275 276 275
-9999 -9999 -9999 -9999 -9999 -9999 -9999 -9999 -9999 -9999 -9999 -9999 -9999 -9999 -9999 -9999 -9999 -9999 -9999 -9999 -9999 -9999 -9999 -9999 -9999 -9999 -9999 -9999 -9999 -9999 -9999 -9999 -9999 -9999 -9999 256 256 255 253 252 251 251 251 249 248 247 245 246 246 247 249 250 249 251 250 251 253 253 254 255 257 257 258 259 260 264 263 264 265 266 266 266 267 269 270 271 271 273 273 274 275 276 277 277
-9999 -9999 -9999 -9999 -9999 -9999 -9999 -9999 -9999 -9999 -9999 -9999 -9999 -9999 -9999 -9999 -9999 -9999 -9999 -9999 -9999 -9999 -9999 -9999 -9999 -9999 -9999 -9999 -9999 -9999 -9999 -9999 -9999 -9999 -9999 256 256 255 254 253 252 252 251 250 249 248 246 248 249 249 250 252 252 252 252 253 254 254 255 257 259 259 261 260 262 263 266 265 266 266 267 267 267 268 270 271 272 275 275 275 276 277 277 278
-9999 -9999 -9999 -9999 -9999 -9999 -9999 -9999 -9999 -9999 -9999 -9999 -9999 -9999 -9999 -9999 -9999 -9999 -9999 -9999 -9999 -9999 -9999 -9999 -9999 -9999 -9999 -9999 -9999 -9999 -9999 -9999 -9999 -9999 -9999 256 256 255 254 254 253 253 253 251 250 250 250 250 251 251 252 254 253 254 255 254 255 255 256 258 260 260 263 263 262 264 265 266 267 267 267 268 268 269 271 272 274 275 277 275 276 277 278 278
-9999 -9999 -9999 -9999 -9999 -9999 -9999 -9999 -9999 -9999 -9999 -9999 -9999 -9999 -9999 -9999 -9999 -9999 -9999 -9999 -9999 -9999 -9999 -9999 -9999 -9999 -9999 -9999 -9999 -9999 -9999 -9999 -9999 -9999 -9999 256 257 256 255 255 254 254 253 253 251 251 252 252 253 252 253 255 255 256 256 257 256 256 258 259 260 262 262 263 264 265 266 267 267 268 269 269 269 270 271 273 273 274 274 278 278 278 279 279
-9999 -9999 -9999 -9999 -9999 -9999 -9999 -9999 -9999 -9999 -9999 -9999 -9999 -9999 -9999 -9999 -9999 -9999 -9999 -9999 -9999 -9999 -9999 -9999 -9999 -9999 -9999 -9999 -9999 -9999 -9999 -9999 -9999 -9999 -9999 256 257 256 256 255 255 255 254 254 253 253 252 254 254 254 255 256 257 258 257 258 258 258 258 261 262 264 270 264 265 265 267 268 268 274 270 270 270 271 273 274 274 274 274 277 278 279 279 280
-9999 -9999 -9999 -9999 -9999 -9999 -9999 -9999 -9999 -9999 -9999 -9999 -9999 -9999 -9999 -9999 -9999 -9999 -9999 -9999 -9999 -9999 -9999 -9999 -9999 -9999 -9999 -9999 -9999 -9999 -9999 -9999 -9999 -9999 259 259 258 257 256 256 256 255 255 255 254 253 254 255 255 255 255 257 257 258 260 260 259 259 260 261 262 263 264 265 266 267 266 269 271 271 275 273 272 273 274 274 276 276 276 278 278 280 279 280
-9999 -9999 -9999 -9999 -9999 -9999 -9999 -9999 -9999 -9999 -9999 -9999 -9999 -9999 -9999 -9999 -9999 -9999 -9999 -9999 -9999 -9999 -9999 -9999 -9999 -9999 -9999 -9999 -9999 -9999 -9999 -9999 -9999 -9999 260 260 259 259 257 257 257 256 255 255 255 256 256 257 256 256 256 257 258 260 259 263 262 261 261 263 262 264 264 265 266 266 273 269 276 272 274 276 275 273 274 275 276 277 277 278 278 279 280 280
-9999 -9999 -9999 -9999 -9999 -9999 -9999 -9999 -9999 -9999 -9999 -9999 -9999 -9999 -9999 -9999 -9999 -9999 -9999 -9999 -9999 -9999 -9999 -9999 -9999 -9999 -9999 -9999 -9999 -9999 -9999 -9999 -9999 -9999 262 262 261 260 259 258 257 257 257 257 257 257 258 257 257 257 257 258 258 261 263 263 263 263 263 263 264 264 265 266 266 268 271 277 277 277 278 277 273 274 274 275 277 277 278 278 279 279 280 281
-9999 -9999 -9999 -9999 -9999 -9999 -9999 -9999 -9999 -9999 -9999 -9999 -9999 -9999 -9999 -9999 -9999 -9999 -9999 -9999 -9999 -9999 -9999 -9999 -9999 -9999 -9999 -9999 -9999 -9999 -9999 -9999 -9999 -9999 263 263 262 261 261 260 259 258 258 257 258 259 259 259 258 258 259 260 259 262 263 265 264 265 264 264 264 264 265 266 266 267 268 275 277 278 278 278 277 276 277 276 277 277 279 279 279 279 280 280
-9999 -9999 -9999 -9999 -9999 -9999 -9999 -9999 -9999 -9999 -9999 -9999 -9999 -9999 -9999 -9999 -9999 -9999 -9999 -9999 -9999 -9999 -9999 -9999 -9999 -9999 -9999 -9999 -9999 -9999 -9999 -9999 -9999 264 264 264 263 262 261 261 260 259 259 259 259 260 260 261 260 261 262 261 262 263 265 264 264 267 265 264 265 265 266 267 271 268 274 277 278 279 279 279 279 274 278 278 278 278 278 280 280 280 281 281
-9999 -9999 -9999 -9999 -9999 -9999 -9999 -9999 -9999 -9999 -9999 -9999 -9999 -9999 -9999 -9999 -9999 -9999 -9999 -9999 -9999 -9999 -9999 -9999 -9999 -9999 -9999 -9999 -9999 -9999 -9999 -9999 -9999 266 265 265 264 264 264 262 261 261 261 260 261 261 261 263 261 262 262 262 262 264 265 267 267 268 268 265 265 267 267 267 275 277 277 278 279 279 279 279 279 279 279 279 278 278 279 280 281 281 281 282
-9999 -9999 -9999 -9999 -9999 -9999 -9999 -9999 -9999 -9999 -9999 -9999 -9999 -9999 -9999 -9999 -9999 -9999 -9999 -9999 -9999 -9999 -9999 -9999 -9999 -9999 -9999 -9999 -9999 -9999 -9999 -9999 -9999 267 266 265 265 265 266 264 263 262 262 262 262 262 262 264 264 263 263 264 263 269 267 267 269 269 273 267 268 274 275 279 279 278 279 279 279 279 279 279 279 279 279 279 278 279 279 280 281 281 282 282
-9999 -9999 -9999 -9999 -9999 -9999 -9999 -9999 -9999 -9999 -9999 -9999 -9999 -9999 -9999 -9999 -9999 -9999 -9999 -9999 -9999 -9999 -9999 -9999 -9999 -9999 -9999 -9999 -9999 -9999 -9999 -9999 -9999 267 267 267 266 266 267 266 265 264 265 263 264 263 264 266 266 265 265 266 267 270 270 269 270 269 270 269 274 277 279 279 280 280 280 280 280 280 280 280 279 279 279 277 277 278 279 280 280 281 282 282
-9999 -9999 -9999 -9999 -9999 -9999 -9999 -9999 -9999 -9999 -9999 -9999 -9999 -9999 -9999 -9999 -9999 -9999 -9999 -9999 -9999 -9999 -9999 -9999 -9999 -9999 -9999 -9999 -9999 -9999 -9999 -9999 -9999 269 269 268 268 269 268 267 266 266 265 266 266 266 267 266 267 266 266 271 268 268 269 270 272 271 272 275 278 278 279 279 280 280 280 280 280 280 280 280 280 280 279 275 276 277 279 279 281 282 282 282
-9999 -9999 -9999 -9999 -9999 -9999 -9999 -9999 -9999 -9999 -9999 -9999 -9999 -9999 -9999 -9999 -9999 -9999 -9999 -9999 -9999 -9999 -9999 -9999 -9999 -9999 -9999 -9999 -9999 -9999 -9999 -9999 -9999 269 269 270 269 270 270 269 268 267 267 267 268 268 269 269 269 268 269 272 270 271 270 271 273 272 273 275 278 279 279 280 280 280 280 280 280 280 280 280 280 280 279 274 276 277 278 280 281 282 282 283
-9999 -9999 -9999 -9999 -9999 -9999 -9999 -9999 -9999 -9999 -9999 -9999 -9999 -9999 -9999 -9999 -9999 -9999 -9999 -9999 -9999 -9999 -9999 -9999 -9999 -9999 -9999 -9999 -9999 -9999 -9999 -9999 270 270 270 270 270 270 271 270 270 270 270 268 269 270 270 271 270 269 270 271 272 272 272 272 273 273 275 277 278 279 279 279 280 280 280 280 280 280 280 280 280 280 278 273 274 276 279 280 280 282 282 283
-9999 -9999 -9999 -9999 -9999 -9999 -9999 -9999 -9999 -9999 -9999 -9999 -9999 -9999 -9999 -9999 -9999 -9999 -9999 -9999 -9999 -9999 -9999 -9999 -9999 -9999 -9999 -9999 -9999 -9999 -9999 -9999 271 271 271 271 271 271 271 271 271 271 271 271 271 272 272 272 271 272 272 273 274 273 273 275 274 274 276 278 279 279 279 280 280 280 280 280 280 280 280 280 280 280 278 272 272 276 278 280 280 282 282 283
-9999 -9999 -9999 -9999 -9999 -9999 -9999 -9999 -9999 -9999 -9999 -9999 -9999 -9999 -9999 -9999 -9999 -9999 -9999 -9999 -9999 -9999 -9999 -9999 -9999 -9999 -9999 -9999 -9999 -9999 -9999 -9999 271 272 272 271 272 272 272 272 271 272 272 273 273 273 272 273 274 274 274 274 275 275 275 275 274 275 277 278 279 279 280 280 280 280 280 280 280 280 280 280 280 280 279 271 274 276 278 280 280 281 283 283
-9999 -9999 -9999 -9999 -9999 -9999 -9999 -9999 -9999 -9999 -9999 -9999 -9999 -9999 -9999 -9999 -9999 -9999 -9999 -9999 -9999 -9999 -9999 -9999 -9999 -9999 -9999 -9999 -9999 -9999 -9999 271 272 272 272 272 272 273 273 272 272 272 273 273 274 274 274 273 275 275 275 276 275 276 276 276 276 277 278 278 279 280 280 281 280 280 280 280 281 281 281 280 280 280 277 273 276 277 279 280 281 282 282 283
-9999 -9999 -9999 -9999 -9999 -9999 -9999 -9999 -9999 -9999 -9999 -9999 -9999 -9999 -9999 -9999 -9999 -9999 -9999 -9999 -9999 -9999 -9999 -9999 -9999 -9999 -9999 -9999 -9999 -9999 -9999 272 272 272 272 273 273 274 273 273 273 273 274 274 275 275 275 276 276 277 277 277 277 277 278 277 277 277 278 278 279 280 280 281 280 280 281 281 281 281 281 281 281 281 272 274 277 278 280 280 281 282 283 283
-9999 -9999 -9999 -9999 -9999 -9999 -9999 -9999 -9999 -9999 -9999 -9999 -9999 -9999 -9999 -9999 -9999 -9999 -9999 -9999 -9999 -9999 -9999 -9999 -9999 -9999 -9999 -9999 -9999 -9999 273 273 272 272 273 273 274 274 274 274 274 274 274 275 276 276 277 277 277 278 278 278 279 278 278 278 278 278 278 278 279 280 280 281 280 280 281 281 281 281 281 281 281 272 271 275 277 278 279 280 281 283 283 283
-9999 -9999 -9999 -9999 -9999 -9999 -9999 -9999 -9999 -9999 -9999 -9999 -9999 -9999 -9999 -9999 -9999 -9999 -9999 -9999 -9999 -9999 -9999 -9999 -9999 -9999 -9999 -9999 -9999 -9999 273 274 274 274 273 274 274 274 275 275 275 275 275 276 276 276 277 278 278 278 279 279 279 279 279 279 278 278 279 279 279 280 280 280 281 281 281 281 281 281 281 281 281 281 279 278 277 278 278 280 281 283 283 282
