invasiveSpecies/multiSpecies/data/worldclim_KE/worldclim_KE_2050_BC85_Bio16.asc
ncols         347
nrows         295
xllcorner     36.068012264173
yllcorner     0.13039239511974
cellsize      0.0083333333333333
NODATA_value  -9999
[rows 148 to 184 of 295, columns 168 to 251 of 347]
265 263 262 259 259 256 255 253 253 253 250 251 248 245 246 254 254 267 268 265 263 244 242 244 249 252 262 252 244 244 239 239 241 243 241 244 244 240 238 240 239 236 233 232 228 258 259 258 256 255 254 254 256 257 258 248 248 238 237 237 238 239 240 240 239 238 234 235 232 245 246 246 248 248 245 244 244 232 223 220 214 209 208 208
266 264 262 259 258 256 255 252 250 247 247 247 246 246 250 258 262 272 268 266 260 243 242 245 249 249 256 252 245 244 242 241 241 244 244 244 241 240 238 240 240 238 237 237 234 256 256 257 256 255 254 256 257 261 258 258 256 238 238 239 239 240 240 240 239 236 235 235 235 239 246 248 249 248 249 245 244 227 224 245 214 209 208 208
266 265 262 259 256 255 252 252 249 249 250 251 250 247 253 259 260 268 267 267 243 243 243 246 251 251 256 252 248 246 242 242 242 245 247 247 244 240 239 240 241 241 240 234 229 245 253 257 256 255 255 256 262 262 261 256 242 238 238 239 239 240 243 240 239 239 239 240 235 239 242 246 253 248 249 249 233 247 245 228 214 213 208 209
267 264 262 258 256 254 252 252 252 250 254 254 252 253 255 264 262 257 255 263 245 245 247 249 255 252 257 257 248 248 244 242 242 245 249 246 245 245 242 242 244 243 239 235 229 229 252 258 256 256 256 258 262 262 258 248 243 241 239 240 241 242 243 241 240 239 245 244 240 239 242 247 249 249 251 251 251 251 249 227 215 213 211 211
262 262 261 258 256 256 256 257 255 252 255 257 252 257 261 262 261 257 253 248 247 244 248 250 255 252 256 253 248 245 243 242 242 245 250 248 246 245 245 243 243 238 236 236 229 229 237 258 258 258 256 258 262 262 261 248 243 241 239 241 242 243 243 242 241 245 245 242 242 242 243 244 247 250 253 253 251 251 229 217 215 212 211 211
262 259 258 257 256 258 259 257 255 252 252 257 256 257 262 265 262 260 255 250 247 246 252 257 256 255 256 253 248 245 244 243 244 248 250 250 250 246 245 243 242 238 232 229 229 231 260 260 260 260 257 259 266 263 260 254 243 242 241 242 244 245 245 243 244 250 245 245 242 246 246 247 253 253 253 253 251 232 224 219 215 214 213 212
262 262 262 258 259 260 259 256 255 255 255 256 256 257 262 265 261 258 255 250 247 246 254 260 258 256 256 253 249 247 245 244 244 248 253 250 249 245 241 239 236 235 233 232 229 251 258 261 261 260 257 260 263 263 262 247 243 242 243 243 244 247 245 244 245 250 246 245 247 251 248 253 253 253 253 253 251 225 221 218 215 214 213 213
266 262 263 262 259 259 257 256 253 255 257 256 257 259 262 265 261 258 255 252 248 247 254 260 260 259 257 255 251 248 245 245 245 251 253 248 245 243 239 235 232 231 231 230 248 263 262 263 262 261 260 260 262 262 261 247 244 242 243 244 246 249 247 247 250 250 247 246 252 257 253 257 257 255 255 253 232 224 219 217 215 214 213 213
266 267 266 262 261 259 259 256 256 255 259 259 258 260 263 265 263 262 257 253 250 248 253 256 260 259 259 254 252 248 246 246 246 252 253 250 244 241 235 231 231 231 231 266 263 263 263 263 264 263 262 261 261 262 262 251 244 244 245 246 253 254 249 250 253 255 251 262 252 260 263 261 258 257 255 253 226 220 219 217 215 215 213 213
269 267 265 262 262 262 261 257 258 258 259 260 260 261 264 265 263 261 256 254 253 248 253 258 262 260 259 254 252 249 249 248 246 252 253 255 249 244 241 233 234 233 242 266 265 263 263 266 267 264 263 262 263 262 263 264 256 244 245 249 254 265 260 258 257 262 264 265 267 263 265 261 257 249 233 227 224 220 218 217 215 215 215 214
269 266 266 265 262 261 259 259 258 258 259 261 260 262 264 264 261 259 255 253 252 253 254 259 260 262 258 254 254 251 251 249 246 251 253 252 249 245 241 234 232 260 267 269 267 266 266 267 268 268 268 267 266 264 264 264 260 245 245 249 262 267 267 259 272 273 274 271 270 266 261 243 236 233 231 227 224 221 219 217 216 215 215 214
269 267 268 266 264 262 261 260 259 259 262 263 263 263 264 263 263 259 255 257 256 253 255 256 260 262 259 254 253 254 253 251 252 252 254 250 244 244 239 233 232 272 270 269 269 270 270 268 270 271 271 272 268 264 266 266 260 250 245 251 259 268 271 271 271 272 270 270 265 261 261 258 236 232 228 226 222 222 220 217 217 215 215 215
269 270 268 268 268 264 262 261 261 262 263 263 262 262 261 260 259 256 255 258 256 255 255 261 261 262 258 254 253 255 255 252 255 254 255 252 239 239 233 233 263 272 272 270 271 272 276 271 271 272 272 272 271 268 267 268 260 251 246 257 269 268 270 269 268 271 268 265 264 260 258 248 255 251 228 226 222 220 219 217 217 217 215 215
272 273 270 270 269 266 264 261 263 265 266 266 262 262 259 259 259 257 260 261 259 257 256 258 263 263 258 257 255 256 259 256 258 258 260 264 267 235 235 276 277 274 272 272 274 275 278 278 277 275 280 274 274 272 270 270 256 252 251 258 269 272 269 268 268 273 269 265 264 260 258 242 234 232 228 226 223 221 219 219 218 218 217 216
274 271 269 267 267 266 266 266 267 268 266 266 262 262 260 259 259 259 261 263 261 259 258 260 263 262 258 257 256 257 261 261 261 263 261 264 271 235 274 276 277 278 274 272 274 275 277 281 281 292 281 277 274 272 273 270 255 252 251 261 267 266 268 266 267 265 265 265 262 260 260 237 248 236 231 226 222 221 219 220 218 218 217 215
274 271 269 268 269 266 267 268 271 269 266 266 264 262 262 259 259 260 261 263 261 259 259 260 260 260 258 257 254 254 255 259 259 260 264 270 274 235 245 276 277 277 277 272 274 275 277 281 283 289 283 276 273 272 270 257 255 252 252 258 265 265 265 264 264 262 262 260 260 259 255 250 251 246 247 226 221 221 221 221 220 218 217 215
275 274 271 269 268 269 270 270 271 269 266 265 263 262 260 259 261 259 262 265 262 259 260 261 256 257 256 254 254 249 255 257 253 259 263 261 245 236 237 270 271 272 272 272 274 274 275 278 288 290 281 276 276 272 271 270 254 254 252 254 258 263 266 264 262 256 253 249 245 243 250 251 250 247 228 223 221 221 222 221 219 218 218 215
275 272 271 270 269 269 271 272 272 269 269 265 263 260 261 260 262 263 262 264 262 261 260 260 257 256 253 252 253 248 252 251 249 253 256 255 251 237 237 270 271 271 272 272 273 273 273 276 283 287 280 276 275 272 271 252 251 252 252 254 258 265 266 262 258 256 255 254 254 254 251 231 246 228 225 223 223 221 222 221 220 218 217 215
277 275 271 271 271 269 272 274 272 269 268 265 265 260 262 262 262 266 263 262 258 258 256 259 256 252 253 247 248 247 246 247 247 246 248 271 260 236 237 270 272 271 271 271 271 270 270 273 277 278 276 275 273 272 258 251 250 250 251 254 259 261 261 261 258 241 254 254 254 251 244 231 227 225 225 226 226 226 222 221 221 218 218 218
279 276 272 273 272 271 274 274 272 269 269 267 265 264 264 262 262 265 261 262 258 256 254 255 253 251 247 246 247 244 242 242 247 243 241 242 240 239 238 273 274 271 273 271 271 269 269 270 268 274 273 272 271 271 253 250 247 246 259 260 259 260 257 257 257 241 237 241 253 250 228 227 227 229 226 227 227 227 226 222 222 220 218 218
283 278 275 275 272 272 275 272 272 272 269 268 265 266 264 262 262 262 259 257 258 256 251 253 251 248 246 243 242 242 242 241 244 241 240 239 239 240 241 273 276 273 273 266 265 266 263 260 260 259 270 270 270 270 250 249 247 244 244 252 245 241 255 255 254 238 237 232 232 230 229 228 229 229 231 231 231 229 227 227 222 221 219 218
287 280 278 276 274 272 275 274 273 272 270 268 266 265 261 261 260 261 258 257 255 252 251 248 248 244 244 244 246 242 242 240 239 239 240 239 239 270 270 274 274 272 271 263 263 264 261 259 255 255 254 260 270 247 247 245 244 244 244 240 240 240 238 237 238 237 234 234 233 232 232 230 229 231 235 232 231 227 229 225 222 219 218 218
289 285 279 277 275 274 275 273 271 271 272 269 265 265 261 260 258 258 257 256 252 250 248 247 244 244 244 246 247 246 241 240 239 239 240 241 240 256 269 271 272 270 270 263 260 261 259 255 255 252 251 251 251 246 247 245 245 244 244 243 240 240 239 238 238 237 237 235 237 233 236 233 230 233 236 232 231 231 229 227 222 220 218 218
294 289 281 280 279 277 275 275 268 267 271 268 264 263 263 261 257 256 254 252 251 250 248 247 248 249 248 247 249 245 242 247 246 242 244 244 241 245 272 273 273 271 271 261 260 258 258 255 255 253 250 250 249 247 251 249 247 245 245 244 244 244 242 240 241 237 239 238 237 238 237 234 234 235 239 235 232 232 228 224 224 221 218 218
300 291 285 275 276 273 270 270 267 265 264 266 263 260 260 260 257 255 254 253 251 248 246 248 250 250 251 251 249 242 243 252 247 247 251 249 242 253 252 270 270 270 263 261 261 260 259 255 255 250 250 250 249 247 249 249 249 246 247 247 244 244 244 241 241 241 242 241 242 238 235 236 235 237 237 236 235 234 230 226 224 221 218 219
295 290 284 277 273 271 270 267 266 265 262 262 263 260 256 256 256 255 255 251 249 246 248 251 252 252 253 251 246 245 245 250 247 248 254 249 244 244 253 254 260 263 263 261 262 259 258 255 255 252 250 250 249 250 250 251 249 247 247 247 246 245 244 241 242 241 244 244 238 238 238 238 239 238 237 236 232 231 230 228 224 221 221 219
306 285 279 275 272 269 268 266 264 264 262 259 260 259 255 255 253 252 253 251 249 248 250 252 254 254 253 248 246 246 247 250 250 257 257 252 250 245 250 252 259 260 263 262 260 258 258 255 256 253 250 250 250 251 252 251 251 250 248 248 246 244 244 245 246 245 244 241 240 244 244 243 239 238 237 232 229 227 227 224 222 222 221 219
287 279 274 274 274 270 267 264 262 260 260 259 255 253 254 253 252 252 248 247 247 250 251 256 257 256 251 250 247 246 245 250 256 269 257 256 252 250 248 251 253 262 263 261 259 258 258 257 257 255 253 253 253 254 255 251 251 250 251 248 247 245 245 245 247 246 242 244 242 245 245 243 239 239 236 233 230 227 224 224 222 221 221 221
303 275 270 270 270 268 267 263 261 258 257 255 255 252 255 255 253 252 248 247 249 252 253 257 259 255 254 251 248 246 247 250 256 270 272 259 254 252 251 253 257 259 263 262 260 260 258 259 257 255 255 253 254 254 252 251 251 251 250 248 248 247 246 247 247 247 247 247 246 244 241 239 237 237 233 231 231 225 224 224 224 224 221 221
281 270 267 264 269 266 266 262 258 258 257 257 255 253 255 254 252 250 248 250 250 255 257 260 258 257 253 252 251 246 246 250 258 272 272 265 256 253 253 254 259 260 264 262 261 260 259 259 259 258 257 254 254 251 251 250 249 249 247 246 244 244 244 244 246 246 246 245 244 242 236 236 235 235 233 229 227 225 225 226 226 225 223 221
270 267 267 264 264 262 262 259 258 261 262 257 257 259 259 255 253 250 252 253 250 256 259 262 260 257 254 252 248 247 247 248 255 273 277 269 259 254 257 256 259 260 264 263 263 260 261 260 260 258 257 253 253 249 249 248 246 246 246 245 243 243 242 241 241 241 242 242 242 238 236 234 233 230 230 226 226 227 227 228 228 226 224 221
270 272 269 264 264 262 260 262 261 264 258 257 259 261 258 254 253 253 258 254 254 255 261 263 260 260 255 252 250 248 248 251 256 275 276 274 259 257 262 262 262 260 264 267 263 263 259 258 257 256 255 252 249 249 249 245 244 245 244 243 243 243 240 240 240 239 239 239 240 240 238 235 234 230 226 226 229 229 230 232 230 227 224 221
271 273 271 269 268 265 265 264 265 263 261 258 262 259 257 254 254 255 259 254 254 262 263 263 261 259 255 252 250 248 248 249 258 262 267 264 259 262 275 265 264 265 263 266 263 260 259 256 255 252 252 252 248 248 247 245 245 245 242 242 243 243 243 240 239 236 236 236 236 237 236 234 230 230 230 230 231 231 233 235 230 227 223 221
273 277 274 273 274 268 266 267 264 262 261 261 264 259 258 255 254 257 258 253 256 268 267 266 264 260 256 256 252 252 249 250 254 257 266 267 265 265 270 270 265 267 268 269 264 262 260 258 255 254 252 250 249 248 247 245 245 245 245 245 243 245 245 242 241 241 238 238 238 233 233 233 232 234 234 233 234 235 235 233 232 228 226 223
275 281 277 277 277 276 267 268 268 262 261 265 264 261 258 257 257 262 262 258 260 275 275 268 263 260 257 256 252 252 249 253 252 256 264 270 265 266 273 272 269 268 268 268 264 264 260 257 255 254 252 251 248 248 247 249 247 247 247 247 247 245 243 240 241 239 238 239 239 237 233 231 233 236 239 235 237 234 233 231 230 228 226 223
276 279 281 281 281 280 273 273 265 264 262 265 262 261 258 258 259 263 262 258 261 276 277 268 264 260 256 257 256 252 252 253 254 254 262 267 266 267 271 276 271 268 268 267 264 263 259 257 255 255 254 250 249 248 247 250 251 251 249 247 247 243 245 242 241 241 240 241 240 239 238 238 238 240 240 239 235 232 231 231 229 228 226 226
279 281 283 283 279 276 273 267 265 263 264 267 263 261 258 258 262 263 262 260 261 271 276 280 263 260 261 257 257 252 252 255 256 254 259 267 267 269 270 274 270 269 267 262 263 269 265 260 257 257 255 251 250 248 248 251 252 251 247 248 247 246 243 241 241 242 244 242 240 239 239 240 240 239 240 236 234 235 232 231 226 228 228 229
