invasiveSpecies/multiSpecies/data/worldclim_KE/worldclim_KE_2050_BC26_Bio9.asc
ncols         347
nrows         295
xllcorner     36.068012264173
yllcorner     0.13039239511974
cellsize      0.0083333333333333
NODATA_value  -9999
[rows 185 to 221 of 295, columns 168 to 251 of 347]
238 237 237 238 239 239 239 240 241 241 241 241 242 242 242 242 241 242 242 241 241 238 238 238 241 241 242 242 243 244 243 243 243 243 243 242 241 241 240 240 241 241 242 242 243 243 243 243 244 245 245 246 246 246 246 245 245 246 246 246 247 247 248 248 248 248 247 248 249 249 249 249 249 250 250 250 250 250 251 251 251 252 253 252
238 237 237 238 238 238 239 240 240 241 240 241 241 242 242 242 241 241 241 241 238 238 238 237 241 242 242 243 243 244 243 242 242 242 243 243 242 241 240 240 241 241 242 242 243 243 244 244 245 245 246 245 246 246 245 246 245 246 245 246 247 248 248 248 249 248 246 247 248 249 248 249 249 249 249 249 250 250 250 251 251 251 251 251
238 237 237 238 238 237 238 239 240 241 240 240 241 241 242 241 241 240 237 237 237 237 237 237 241 241 242 243 243 243 243 242 242 243 242 243 242 241 240 240 241 241 241 242 243 243 244 244 245 245 246 246 245 246 245 245 245 246 246 246 247 247 248 248 248 248 247 247 248 248 248 248 249 249 250 249 250 250 251 250 250 250 251 251
237 236 236 236 236 236 238 240 240 241 240 239 240 241 241 241 241 240 237 237 236 236 237 237 237 241 242 243 243 243 243 241 242 242 242 242 242 242 241 240 241 241 242 242 242 242 244 244 244 245 245 245 246 245 245 245 244 245 246 245 246 247 247 247 247 247 248 248 247 247 247 248 248 249 249 249 250 250 249 249 250 251 251 250
235 235 235 233 235 233 238 239 240 240 240 240 240 240 240 240 240 239 237 237 236 236 236 236 237 241 242 243 243 243 243 242 241 241 241 242 242 241 240 241 241 241 242 242 242 243 244 244 244 244 244 245 245 245 244 244 245 245 246 246 246 247 248 247 246 246 247 247 247 247 246 247 248 248 249 249 250 250 248 249 250 250 249 250
234 233 225 230 230 233 236 238 240 239 240 239 239 239 240 240 240 240 239 239 236 236 236 237 237 241 242 243 243 242 242 241 241 241 241 242 242 241 240 240 241 242 241 242 242 243 243 244 244 243 245 244 245 246 245 245 245 245 245 246 246 246 247 246 246 246 246 247 247 247 247 247 247 248 247 248 248 249 249 249 249 250 248 249
233 232 211 208 232 234 236 238 239 239 239 239 239 239 239 239 240 240 240 239 237 236 236 237 237 241 242 242 242 242 241 241 241 240 241 241 241 241 240 241 241 238 239 242 242 243 243 243 243 243 244 244 245 245 244 243 243 245 245 245 246 246 246 246 245 245 246 247 247 247 248 247 247 247 248 248 248 249 249 249 250 250 250 250
230 230 229 212 226 235 237 238 239 239 239 239 238 238 239 239 240 240 240 239 239 237 237 237 237 241 241 242 242 242 241 241 241 241 240 241 241 241 240 241 241 242 242 242 243 243 243 243 243 243 244 244 245 245 244 243 244 245 245 245 245 246 246 245 245 246 246 247 247 247 247 248 248 248 248 248 249 248 250 250 251 251 251 251
227 229 228 229 233 235 237 238 239 239 238 239 238 238 239 239 240 240 239 239 239 238 238 237 237 237 241 241 242 242 241 240 240 240 239 240 240 240 241 241 242 242 242 242 243 243 243 242 243 243 244 245 244 244 244 243 244 245 245 245 246 246 245 245 246 246 246 246 247 247 248 248 248 248 248 248 250 249 249 251 251 251 251 251
210 225 226 226 234 236 238 238 239 239 238 238 238 237 238 239 239 240 239 238 238 238 238 238 238 233 240 241 242 242 241 240 239 240 239 239 239 240 240 241 241 241 241 242 242 243 242 243 243 243 244 244 245 244 243 243 244 245 245 245 245 245 245 246 246 246 246 247 247 247 247 247 248 248 249 249 249 250 250 250 250 250 251 251
215 208 224 220 233 236 238 238 238 238 238 238 238 238 238 239 239 239 239 237 238 238 239 237 235 238 240 241 242 241 241 240 239 239 239 239 239 240 240 241 242 242 241 242 242 242 242 243 243 243 244 244 244 244 243 244 244 244 244 245 245 245 246 245 246 246 247 247 248 248 247 248 248 249 249 249 250 250 250 251 250 250 251 251
222 205 215 230 234 236 237 238 238 238 238 238 238 237 238 238 239 239 239 238 238 239 239 238 239 240 241 241 241 241 241 239 238 235 238 239 239 239 240 240 241 241 242 242 242 242 242 243 243 243 243 243 244 244 243 243 244 245 245 245 246 246 246 246 246 246 247 247 247 248 248 248 248 249 249 249 250 250 251 251 251 250 251 251
231 231 232 233 235 236 237 237 237 237 238 237 237 237 237 238 238 238 239 239 239 240 240 241 241 241 241 241 241 241 240 240 238 237 238 236 236 236 239 240 240 241 241 241 241 242 242 243 243 243 243 243 244 244 243 243 244 244 245 246 246 246 246 247 246 246 247 247 247 248 248 249 249 249 249 249 250 250 250 250 251 251 251 250
233 234 235 235 236 236 237 237 237 237 237 237 237 237 237 238 238 239 239 239 240 240 241 241 241 241 241 241 241 241 240 240 239 238 238 231 237 238 239 240 240 240 241 242 242 242 242 242 242 242 243 243 243 243 243 244 244 245 245 245 246 246 246 246 247 247 247 248 248 248 248 248 249 249 249 249 249 249 249 249 251 250 250 251
234 235 235 235 235 232 234 235 236 236 237 237 237 237 238 238 238 239 239 240 240 240 240 240 241 241 240 240 240 240 240 239 238 238 237 237 238 238 238 239 240 241 241 241 242 242 242 242 242 242 243 243 243 243 243 244 244 245 245 245 245 246 246 246 247 247 247 248 248 248 248 248 249 249 249 249 248 248 249 250 250 249 250 250
233 234 234 233 223 222 232 235 236 236 237 237 237 237 237 238 238 239 239 239 240 240 240 240 241 240 240 240 240 240 240 239 239 238 237 238 238 238 237 237 239 240 241 241 241 242 242 242 242 242 243 242 243 243 243 243 244 245 245 246 245 246 246 246 246 247 247 247 248 248 248 249 248 249 248 243 246 248 249 250 249 250 250 250
230 213 229 231 225 227 231 233 235 236 236 236 236 237 238 238 238 239 239 239 240 239 240 240 240 240 240 240 240 240 239 239 239 238 237 237 236 236 236 237 239 241 241 241 241 241 241 242 241 241 241 243 242 243 243 243 244 244 245 246 246 246 246 246 247 247 247 248 247 249 248 249 249 249 248 246 247 248 249 249 249 249 249 249
225 215 228 230 227 220 230 234 235 235 236 236 237 237 237 238 238 238 239 239 239 239 240 240 240 240 239 239 240 239 239 238 237 236 236 234 233 234 234 234 238 240 241 242 241 242 243 241 240 241 242 243 243 243 244 244 244 245 245 246 246 246 246 246 246 246 246 248 248 248 248 248 248 249 248 245 247 248 248 248 248 249 249 249
226 227 229 231 230 232 232 234 233 234 235 236 236 237 237 237 238 238 239 239 239 239 239 240 240 240 239 239 239 239 239 238 237 235 234 231 225 232 233 232 238 240 241 241 242 242 242 242 241 241 242 243 242 243 244 244 244 245 245 245 245 245 245 246 246 246 246 247 248 248 248 247 247 248 248 247 247 247 248 249 249 249 249 249
230 231 231 232 233 233 232 232 230 232 232 234 236 236 237 237 238 238 239 238 239 239 239 240 240 240 239 239 239 239 238 237 237 235 233 223 211 230 231 229 238 240 241 241 242 242 242 242 242 242 243 242 242 244 243 243 244 244 245 245 245 245 245 246 246 246 246 247 247 247 248 247 247 248 247 247 248 247 248 249 249 249 250 249
230 231 231 232 232 231 229 216 211 218 231 232 235 236 237 237 238 238 238 238 238 239 239 239 239 240 239 239 239 239 238 236 235 234 232 214 203 207 231 231 238 239 240 242 242 242 242 243 243 243 243 243 243 244 243 243 244 244 244 244 245 245 245 245 245 246 246 247 247 247 246 246 247 247 247 248 247 248 248 249 249 250 250 250
230 231 232 232 230 228 215 209 204 206 230 231 233 235 235 237 237 238 237 238 238 238 239 239 239 239 239 239 239 239 237 237 234 233 231 213 201 222 231 232 238 239 241 242 242 242 243 243 243 243 243 243 243 244 243 244 244 244 244 244 245 245 245 245 246 246 246 246 246 246 246 246 247 247 247 248 248 248 249 249 250 250 251 251
230 231 232 231 229 223 200 198 216 216 221 230 234 234 233 236 237 237 237 238 238 239 238 239 239 239 239 238 238 238 237 236 234 233 230 218 204 215 233 234 237 239 240 242 242 242 243 243 243 243 244 244 244 244 244 244 244 244 244 244 245 245 245 245 245 245 245 245 245 246 246 246 247 247 247 248 248 248 248 249 250 250 250 250
230 231 232 231 228 208 190 187 205 225 215 213 232 234 234 236 236 237 237 238 238 238 238 238 239 239 238 238 238 238 238 237 234 229 229 221 212 222 233 236 238 239 240 242 242 242 243 243 244 244 243 244 244 244 245 245 245 244 244 244 245 245 245 245 245 245 245 246 247 247 248 247 248 248 247 247 248 248 248 249 249 249 249 250
231 232 233 231 228 226 182 185 192 210 227 230 232 233 234 235 236 237 237 238 237 238 238 238 239 238 239 238 238 238 237 237 235 224 216 220 223 231 235 237 238 240 241 241 242 242 242 243 243 243 243 244 244 245 245 244 245 245 245 245 245 245 245 245 245 245 245 245 246 247 247 248 249 249 247 247 248 248 248 248 249 249 250 251
231 233 234 232 231 220 179 179 185 187 223 232 233 233 234 235 236 236 236 237 237 238 238 238 238 238 238 238 237 237 237 236 235 228 218 224 226 235 236 238 239 240 241 241 242 242 242 242 243 242 243 244 244 245 245 244 245 245 245 245 245 245 246 245 245 245 245 246 246 246 246 247 248 249 248 248 247 248 248 249 249 250 250 251
232 233 234 233 231 229 206 177 183 204 231 232 233 234 235 236 236 236 236 237 237 236 238 238 238 238 238 238 238 237 237 237 235 231 229 232 233 235 238 239 240 241 242 242 242 242 242 242 243 243 244 244 244 245 245 244 245 246 245 246 245 246 246 246 246 245 246 246 247 247 247 246 248 249 248 248 249 248 248 248 249 250 250 251
232 234 234 235 233 231 224 214 203 219 230 233 234 235 236 236 237 237 237 237 237 237 237 238 238 238 239 238 238 238 237 236 236 234 234 236 235 237 239 240 241 241 241 242 242 242 241 241 243 243 244 244 244 245 245 244 245 245 246 246 246 246 246 246 245 246 246 245 246 246 247 248 248 249 249 249 249 249 249 249 249 250 250 252
233 234 235 235 234 233 232 228 222 225 232 234 235 236 236 237 237 238 237 238 237 237 237 238 238 238 239 239 238 238 238 237 237 236 235 237 238 239 240 241 241 242 242 242 243 243 242 242 243 243 244 244 244 245 244 245 244 245 245 246 246 246 246 247 246 246 246 245 245 245 244 246 248 248 250 249 249 250 249 249 250 249 251 249
233 234 235 236 236 235 234 233 230 233 234 236 236 237 237 237 237 238 238 238 238 237 238 238 239 239 239 239 238 238 238 237 237 237 238 238 238 239 239 241 241 242 242 242 243 243 243 242 243 243 244 244 244 244 244 245 244 245 246 246 246 247 247 247 247 247 247 245 243 233 236 245 248 248 249 249 249 248 249 249 249 250 250 249
233 234 235 236 236 236 236 234 235 236 237 237 237 237 238 238 238 238 238 238 238 238 238 238 239 239 239 239 239 238 238 237 236 237 238 238 237 237 237 241 241 242 242 243 242 243 243 243 243 243 242 243 242 243 243 244 245 245 245 245 246 246 247 247 247 246 246 246 242 239 239 244 246 249 249 249 249 249 248 248 248 248 248 249
233 235 235 236 236 237 237 237 237 237 237 238 238 238 238 238 238 238 239 239 239 239 238 239 239 239 239 239 239 238 238 235 235 234 233 238 236 237 240 242 242 242 243 243 243 243 244 243 243 242 235 232 239 241 240 244 244 245 245 245 246 246 246 247 247 246 245 246 246 247 244 245 246 248 249 248 248 247 247 247 247 247 248 250
233 234 235 236 237 237 237 238 238 238 238 238 239 238 239 239 239 238 239 239 239 239 239 239 239 239 239 240 239 238 236 234 233 235 236 235 232 238 241 241 242 242 243 243 243 244 244 243 243 243 240 216 229 239 241 244 244 245 244 245 246 246 247 247 246 246 246 246 245 246 246 247 247 248 247 247 247 247 247 247 247 247 248 249
233 234 236 236 237 237 238 238 238 238 238 239 239 239 239 239 239 238 239 240 239 240 239 240 239 239 240 240 239 238 237 237 237 237 236 233 231 237 240 241 242 241 243 243 243 244 244 243 244 242 240 210 219 237 242 244 244 245 245 245 245 246 247 247 246 245 245 245 245 245 247 247 246 246 247 247 247 247 247 247 247 248 248 249
234 235 236 236 237 237 237 237 238 238 238 238 239 239 239 239 239 239 239 240 240 240 240 240 240 239 240 240 239 238 238 238 238 237 237 233 233 239 240 241 241 242 242 243 244 244 244 244 244 244 241 213 221 237 242 244 245 245 246 246 246 246 246 245 243 244 245 244 245 245 246 247 247 247 247 247 247 246 246 246 246 247 247 248
234 235 236 236 237 237 237 237 237 237 237 238 239 239 239 239 240 239 238 240 240 240 240 240 240 239 241 240 240 238 239 239 238 237 236 235 237 239 240 240 241 242 242 243 244 244 244 244 244 244 242 217 237 239 242 244 245 244 246 246 246 246 246 244 242 245 245 245 246 246 245 246 246 246 247 247 246 246 245 246 246 246 247 248
233 234 235 236 236 237 237 237 235 234 236 236 238 239 239 240 240 240 239 240 240 240 241 240 240 240 240 239 240 239 238 238 237 234 230 231 233 238 239 239 240 241 242 243 244 244 244 244 245 245 244 238 232 240 241 244 245 245 246 246 246 245 245 240 244 244 245 244 245 245 245 245 246 246 245 246 246 246 246 245 246 246 247 248
