invasiveSpecies/multiSpecies/data/worldclim_KE/worldclim_KE_2050_BC85_Bio19.asc
ncols         347
nrows         295
xllcorner     36.068012264173
yllcorner     0.13039239511974
cellsize      0.0083333333333333
NODATA_value  -9999
[rows 123 to 163 of 295, columns 92 to 183 of 347]
-9999 -9999 -9999 -9999 -9999 -9999 -9999 -9999 -9999 -9999 -9999 -9999 -9999 -9999 -9999 -9999 -9999 -9999 -9999 -9999 -9999 -9999 -9999 -9999 -9999 -9999 -9999 -9999 -9999 -9999 -9999 -9999 -9999 -9999 -9999 -9999 -9999 -9999 -9999 -9999 -9999 -9999 -9999 -9999 -9999 -9999 -9999 -9999 -9999 -9999 -9999 -9999 -9999 -9999 -9999 -9999 13 13 13 14 15 15 15 14 14 14 14 14 11 14 11 12 12 12 15 15 15 12 11 11 12 12 12 12 12 12 12 12 12 8 8 12
-9999 -9999 -9999 -9999 -9999 -9999 -9999 -9999 -9999 -9999 -9999 -9999 -9999 -9999 -9999 -9999 -9999 -9999 -9999 -9999 -9999 -9999 -9999 -9999 -9999 -9999 -9999 -9999 -9999 -9999 -9999 -9999 -9999 -9999 -9999 -9999 -9999 -9999 -9999 -9999 -9999 -9999 -9999 -9999 -9999 -9999 -9999 -9999 -9999 -9999 -9999 -9999 -9999 -9999 13 13 13 13 13 13 14 15 15 14 14 14 14 13 11 11 11 11 11 12 12 19 18 15 12 11 12 12 12 12 12 12 12 12 12 8 8 12
-9999 -9999 -9999 -9999 -9999 -9999 -9999 -9999 -9999 -9999 -9999 -9999 -9999 -9999 -9999 -9999 -9999 -9999 -9999 -9999 -9999 -9999 -9999 -9999 -9999 -9999 -9999 -9999 -9999 -9999 -9999 -9999 -9999 -9999 -9999 -9999 -9999 -9999 -9999 -9999 -9999 -9999 -9999 -9999 -9999 -9999 -9999 -9999 -9999 -9999 -9999 16 16 16 14 13 14 13 13 13 14 14 14 14 14 14 14 14 11 11 11 11 11 11 11 15 16 17 12 11 12 12 12 12 12 12 12 12 12 9 8 12
-9999 -9999 -9999 -9999 -9999 -9999 -9999 -9999 -9999 -9999 -9999 -9999 -9999 -9999 -9999 -9999 -9999 -9999 -9999 -9999 -9999 -9999 -9999 -9999 -9999 -9999 -9999 -9999 -9999 -9999 -9999 -9999 -9999 -9999 -9999 -9999 -9999 -9999 -9999 -9999 -9999 -9999 -9999 -9999 -9999 -9999 -9999 -9999 -9999 16 17 17 16 16 17 17 17 13 13 13 15 14 14 14 14 14 15 14 12 11 14 14 11 11 12 12 15 15 12 12 12 13 12 12 12 12 12 12 12 12 10 12
-9999 -9999 -9999 -9999 -9999 -9999 -9999 -9999 -9999 -9999 -9999 -9999 -9999 -9999 -9999 -9999 -9999 -9999 -9999 -9999 -9999 -9999 -9999 -9999 -9999 -9999 -9999 -9999 -9999 -9999 -9999 -9999 -9999 -9999 -9999 -9999 -9999 -9999 -9999 -9999 -9999 19 18 18 16 16 16 16 16 16 19 17 17 16 17 17 13 13 13 13 16 15 15 14 14 14 14 14 12 11 12 12 12 11 12 12 12 12 12 12 13 13 12 12 12 12 12 12 12 12 12 12
-9999 -9999 -9999 -9999 -9999 -9999 -9999 -9999 -9999 -9999 -9999 -9999 -9999 -9999 -9999 -9999 -9999 -9999 -9999 -9999 -9999 -9999 -9999 -9999 -9999 -9999 -9999 -9999 -9999 -9999 -9999 -9999 -9999 -9999 -9999 -9999 -9999 -9999 -9999 -9999 19 19 19 19 19 19 16 17 16 16 22 17 17 17 14 14 14 13 13 13 16 19 16 16 14 14 14 14 12 11 11 11 11 11 11 11 12 12 12 12 13 13 13 12 12 12 12 12 12 12 12 12
-9999 -9999 -9999 -9999 -9999 -9999 -9999 -9999 -9999 -9999 -9999 -9999 -9999 -9999 -9999 -9999 -9999 -9999 -9999 -9999 -9999 -9999 -9999 -9999 -9999 -9999 -9999 -9999 -9999 -9999 -9999 -9999 -9999 -9999 -9999 -9999 -9999 -9999 18 18 19 19 22 19 21 20 17 21 19 17 18 17 17 17 17 15 15 13 13 13 15 16 19 17 16 14 14 14 14 12 12 11 11 11 11 11 11 12 12 12 13 13 13 12 12 12 12 12 12 12 12 12
-9999 -9999 -9999 -9999 -9999 -9999 -9999 -9999 -9999 -9999 -9999 -9999 -9999 -9999 -9999 -9999 -9999 -9999 -9999 -9999 -9999 -9999 -9999 -9999 -9999 -9999 -9999 -9999 -9999 -9999 -9999 -9999 -9999 -9999 -9999 -9999 19 19 18 19 20 20 24 22 21 21 21 21 21 17 18 17 17 17 17 17 15 15 13 13 14 16 16 16 16 15 14 14 14 12 12 12 12 11 11 11 12 12 12 12 13 13 12 12 12 12 12 12 12 12 12 12
-9999 -9999 -9999 -9999 -9999 -9999 -9999 -9999 -9999 -9999 -9999 -9999 -9999 -9999 -9999 -9999 -9999 -9999 -9999 -9999 -9999 -9999 -9999 -9999 -9999 -9999 -9999 -9999 -9999 -9999 -9999 21 21 21 21 20 19 21 21 21 23 20 25 25 25 22 21 21 22 22 21 18 17 17 17 17 17 15 15 15 14 14 14 16 15 14 14 14 14 12 12 12 12 12 12 12 11 12 12 11 12 12 12 12 12 12 12 12 12 12 12 12
-9999 -9999 -9999 -9999 -9999 -9999 -9999 -9999 -9999 -9999 -9999 -9999 -9999 -9999 -9999 -9999 -9999 -9999 -9999 -9999 -9999 -9999 -9999 -9999 -9999 -9999 -9999 -9999 -9999 -9999 -9999 21 21 21 21 21 21 21 21 21 23 21 25 30 25 24 28 21 22 27 23 22 18 17 17 17 18 18 15 15 15 14 16 16 16 14 14 14 14 14 12 12 12 12 11 11 11 12 11 11 12 12 12 12 12 12 12 12 12 12 12 12
-9999 -9999 -9999 -9999 -9999 -9999 -9999 -9999 -9999 -9999 -9999 -9999 -9999 -9999 -9999 -9999 -9999 -9999 -9999 -9999 -9999 -9999 -9999 -9999 -9999 -9999 -9999 -9999 -9999 -9999 -9999 -9999 21 21 21 22 21 21 21 21 23 21 22 25 32 28 30 25 23 24 28 23 18 17 17 17 19 20 17 15 16 15 16 16 16 14 14 14 14 14 12 12 12 12 11 11 11 11 11 11 12 12 12 12 12 12 12 12 12 12 12 12
-9999 -9999 -9999 -9999 -9999 -9999 -9999 -9999 -9999 -9999 -9999 -9999 -9999 -9999 -9999 -9999 -9999 -9999 -9999 -9999 -9999 -9999 -9999 -9999 -9999 -9999 -9999 -9999 -9999 -9999 -9999 -9999 21 22 21 22 21 21 21 22 23 22 25 25 27 35 40 37 30 36 31 26 21 18 17 17 18 23 23 15 16 16 17 19 16 16 14 14 14 14 12 12 12 12 11 11 11 11 11 11 12 12 12 12 12 12 12 12 12 12 12 12
-9999 -9999 -9999 -9999 -9999 -9999 -9999 -9999 -9999 -9999 -9999 -9999 -9999 -9999 -9999 -9999 -9999 -9999 -9999 -9999 -9999 -9999 -9999 -9999 -9999 -9999 -9999 -9999 -9999 -9999 -9999 -9999 21 22 21 22 21 22 22 22 25 22 25 30 30 34 54 46 39 59 33 23 21 18 18 18 20 26 23 20 16 16 18 27 19 16 15 14 14 14 12 12 12 11 11 11 11 11 11 11 12 12 12 12 12 12 12 12 12 12 12 10
-9999 -9999 -9999 -9999 -9999 -9999 -9999 -9999 -9999 -9999 -9999 -9999 -9999 -9999 -9999 -9999 -9999 -9999 -9999 -9999 -9999 -9999 -9999 -9999 -9999 -9999 -9999 -9999 -9999 -9999 -9999 -9999 21 21 22 22 21 22 23 23 25 23 25 29 33 37 48 47 62 82 78 24 22 22 18 18 20 26 31 26 20 16 16 18 16 16 16 14 14 14 12 12 12 11 11 11 11 11 11 11 12 12 12 12 12 12 12 12 12 12 12 10
-9999 -9999 -9999 -9999 -9999 -9999 -9999 -9999 -9999 -9999 -9999 -9999 -9999 -9999 -9999 -9999 -9999 -9999 -9999 -9999 -9999 -9999 -9999 -9999 -9999 -9999 -9999 -9999 -9999 -9999 -9999 -9999 21 22 21 22 22 22 23 23 24 24 25 26 35 42 51 57 72 82 70 34 29 25 22 19 22 22 23 28 23 20 22 22 20 18 17 15 14 14 12 12 12 11 11 12 12 11 11 11 12 12 12 12 12 12 12 12 12 12 10 10
-9999 -9999 -9999 -9999 -9999 -9999 -9999 -9999 -9999 -9999 -9999 -9999 -9999 -9999 -9999 -9999 -9999 -9999 -9999 -9999 -9999 -9999 -9999 -9999 -9999 -9999 -9999 -9999 -9999 -9999 -9999 -9999 -9999 21 21 21 21 22 23 24 23 22 22 27 30 37 64 58 82 69 72 52 39 28 20 20 20 24 18 18 20 23 29 29 20 20 17 16 14 14 12 12 12 11 11 12 12 12 11 11 12 12 12 12 12 12 12 12 12 12 10 9
-9999 -9999 -9999 -9999 -9999 -9999 -9999 -9999 -9999 -9999 -9999 -9999 -9999 -9999 -9999 -9999 -9999 -9999 -9999 -9999 -9999 -9999 -9999 -9999 -9999 -9999 -9999 -9999 -9999 -9999 -9999 -9999 -9999 21 21 22 21 22 22 22 22 22 22 25 32 40 47 44 52 69 65 43 24 20 18 18 18 21 18 16 18 20 29 28 20 17 17 17 16 14 12 12 12 11 11 12 12 12 11 11 12 12 12 11 12 12 12 12 12 10 9 9
-9999 -9999 -9999 -9999 -9999 -9999 -9999 -9999 -9999 -9999 -9999 -9999 -9999 -9999 -9999 -9999 -9999 -9999 -9999 -9999 -9999 -9999 -9999 -9999 -9999 -9999 -9999 -9999 -9999 -9999 -9999 -9999 -9999 21 22 22 21 21 20 20 21 22 22 22 27 35 33 34 38 53 59 40 22 19 18 17 18 18 20 15 16 18 25 18 19 16 15 15 14 12 12 12 12 11 11 11 11 12 11 11 12 12 12 11 12 12 12 12 10 9 9 9
-9999 -9999 -9999 -9999 -9999 -9999 -9999 -9999 -9999 -9999 -9999 -9999 -9999 -9999 -9999 -9999 -9999 -9999 -9999 -9999 -9999 -9999 -9999 -9999 -9999 -9999 -9999 -9999 -9999 -9999 -9999 -9999 -9999 21 22 22 21 22 21 21 22 21 22 22 24 30 29 30 30 37 56 54 24 19 18 17 17 15 21 15 16 17 20 16 16 15 14 14 14 12 12 12 12 11 11 11 11 11 11 11 12 12 12 12 9 11 9 9 9 9 9 9
-9999 -9999 -9999 -9999 -9999 -9999 -9999 -9999 -9999 -9999 -9999 -9999 -9999 -9999 -9999 -9999 -9999 -9999 -9999 -9999 -9999 -9999 -9999 -9999 -9999 -9999 -9999 -9999 -9999 -9999 -9999 -9999 -9999 21 21 22 22 22 22 22 22 22 22 22 22 24 23 22 26 33 51 48 29 21 18 17 15 15 16 16 16 16 16 16 15 14 14 14 12 12 12 12 12 11 11 11 11 11 10 10 11 11 11 12 9 9 9 9 9 9 9 9
-9999 -9999 -9999 -9999 -9999 -9999 -9999 -9999 -9999 -9999 -9999 -9999 -9999 -9999 -9999 -9999 -9999 -9999 -9999 -9999 -9999 -9999 -9999 -9999 -9999 -9999 -9999 -9999 -9999 -9999 -9999 -9999 -9999 21 22 22 22 22 22 23 22 21 22 22 22 24 26 27 33 37 54 56 27 20 19 18 15 15 15 18 15 15 15 15 14 14 14 14 12 12 12 12 12 12 11 11 11 11 10 10 11 11 9 9 9 9 9 9 9 9 9 9
-9999 -9999 -9999 -9999 -9999 -9999 -9999 -9999 -9999 -9999 -9999 -9999 -9999 -9999 -9999 -9999 -9999 -9999 -9999 -9999 -9999 -9999 -9999 -9999 -9999 -9999 -9999 -9999 -9999 -9999 -9999 -9999 -9999 21 22 22 22 22 22 23 23 23 22 22 23 23 23 26 30 38 59 35 24 19 18 18 15 15 15 14 15 15 15 15 14 14 14 14 12 12 12 12 12 12 11 11 11 11 10 10 11 11 9 9 9 9 9 9 8 9 9 8
-9999 -9999 -9999 -9999 -9999 -9999 -9999 -9999 -9999 -9999 -9999 -9999 -9999 -9999 -9999 -9999 -9999 -9999 -9999 -9999 -9999 -9999 -9999 -9999 -9999 -9999 -9999 -9999 -9999 -9999 -9999 -9999 -9999 22 21 22 22 22 23 24 24 26 22 22 24 30 23 23 30 34 43 24 22 20 18 18 15 15 14 14 15 15 15 15 14 14 14 14 12 12 12 12 12 12 11 11 11 11 10 10 11 11 9 9 9 9 9 9 9 8 8 8
-9999 -9999 -9999 -9999 -9999 -9999 -9999 -9999 -9999 -9999 -9999 -9999 -9999 -9999 -9999 -9999 -9999 -9999 -9999 -9999 -9999 -9999 -9999 -9999 -9999 -9999 -9999 -9999 -9999 -9999 -9999 -9999 -9999 -9999 22 22 22 22 23 25 26 26 23 22 23 30 28 23 27 39 51 27 24 21 19 18 15 15 14 14 15 15 15 14 14 14 14 12 12 12 12 12 12 12 11 11 11 11 11 10 11 11 11 9 9 9 9 9 9 8 8 8
-9999 -9999 -9999 -9999 -9999 -9999 -9999 -9999 -9999 -9999 -9999 -9999 -9999 -9999 -9999 -9999 -9999 -9999 -9999 -9999 -9999 -9999 -9999 -9999 -9999 -9999 -9999 -9999 -9999 -9999 -9999 -9999 -9999 -9999 22 22 22 23 25 25 26 26 23 22 23 26 34 30 30 45 30 24 22 22 20 18 18 15 14 14 15 15 15 14 14 14 14 12 12 12 12 12 12 12 11 11 11 11 11 10 11 11 11 9 9 9 9 9 9 8 8 8
-9999 -9999 -9999 -9999 -9999 -9999 -9999 -9999 -9999 -9999 -9999 -9999 -9999 -9999 -9999 -9999 -9999 -9999 -9999 -9999 -9999 -9999 -9999 -9999 -9999 -9999 -9999 -9999 -9999 -9999 -9999 -9999 -9999 22 22 22 22 22 23 23 26 26 23 22 23 26 33 34 46 39 27 21 19 19 18 18 18 15 14 14 15 15 15 14 14 14 14 12 12 12 12 12 12 12 12 11 11 11 11 10 11 11 9 9 9 9 9 9 9 8 8 8
-9999 -9999 -9999 -9999 -9999 -9999 -9999 -9999 -9999 -9999 -9999 -9999 -9999 -9999 -9999 -9999 -9999 -9999 -9999 -9999 -9999 -9999 -9999 -9999 -9999 -9999 -9999 -9999 -9999 -9999 -9999 -9999 -9999 22 22 22 22 23 23 23 26 26 25 23 23 23 27 27 34 30 35 24 21 19 18 18 18 15 15 14 15 15 15 14 14 14 14 14 12 12 12 12 12 12 12 12 11 11 11 10 11 11 9 9 9 9 9 9 9 8 8 9
-9999 -9999 -9999 -9999 -9999 -9999 -9999 -9999 -9999 -9999 -9999 -9999 -9999 -9999 -9999 -9999 -9999 -9999 -9999 -9999 -9999 -9999 -9999 -9999 -9999 -9999 -9999 -9999 -9999 -9999 -9999 -9999 -9999 22 23 22 22 23 23 25 26 26 23 23 23 23 23 24 24 26 32 28 22 21 19 19 18 19 16 14 15 15 15 15 14 14 14 14 12 12 12 12 12 12 12 12 12 11 11 10 11 11 9 9 9 9 9 9 9 8 8 9
-9999 -9999 -9999 -9999 -9999 -9999 -9999 -9999 -9999 -9999 -9999 -9999 -9999 -9999 -9999 -9999 -9999 -9999 -9999 -9999 -9999 -9999 -9999 -9999 -9999 -9999 -9999 -9999 -9999 -9999 -9999 -9999 -9999 22 23 23 23 23 23 26 27 28 26 23 23 23 23 23 24 27 32 38 24 24 23 22 19 19 16 14 15 15 15 15 15 14 14 14 12 12 12 12 12 12 12 12 11 11 10 10 11 11 9 9 9 9 9 9 9 9 9 9
-9999 -9999 -9999 -9999 -9999 -9999 -9999 -9999 -9999 -9999 -9999 -9999 -9999 -9999 -9999 -9999 -9999 -9999 -9999 -9999 -9999 -9999 -9999 -9999 -9999 -9999 -9999 -9999 -9999 -9999 -9999 -9999 -9999 22 23 22 23 24 24 25 26 26 26 24 23 23 26 29 25 43 43 55 28 36 29 26 21 21 19 15 15 15 15 15 15 15 15 14 12 12 12 12 12 12 12 12 11 11 10 10 11 11 9 9 9 9 9 9 9 9 9 9
-9999 -9999 -9999 -9999 -9999 -9999 -9999 -9999 -9999 -9999 -9999 -9999 -9999 -9999 -9999 -9999 -9999 -9999 -9999 -9999 -9999 -9999 -9999 -9999 -9999 -9999 -9999 -9999 -9999 -9999 -9999 -9999 -9999 22 22 22 23 24 26 26 26 28 31 26 30 26 29 34 30 38 62 79 53 59 36 38 27 24 20 16 15 15 15 15 15 15 15 14 12 12 12 12 12 12 12 12 11 10 10 10 11 11 9 9 9 9 9 9 9 9 9 9
-9999 -9999 -9999 -9999 -9999 -9999 -9999 -9999 -9999 -9999 -9999 -9999 -9999 -9999 -9999 -9999 -9999 -9999 -9999 -9999 -9999 -9999 -9999 -9999 -9999 -9999 -9999 -9999 -9999 -9999 -9999 -9999 -9999 -9999 22 22 23 24 24 26 26 28 33 29 25 25 27 38 42 77 79 75 53 52 69 59 39 23 16 16 15 15 15 15 15 15 15 14 12 12 12 12 12 12 12 12 11 11 10 10 11 11 9 9 9 9 9 9 9 9 9 9
-9999 -9999 -9999 -9999 -9999 -9999 -9999 -9999 -9999 -9999 -9999 -9999 -9999 -9999 -9999 -9999 -9999 -9999 -9999 -9999 -9999 -9999 -9999 -9999 -9999 -9999 -9999 -9999 -9999 -9999 -9999 -9999 -9999 -9999 22 22 23 24 26 26 27 27 39 37 30 34 29 33 59 83 86 65 38 38 50 33 23 20 17 16 16 15 15 15 15 15 15 15 15 12 12 12 12 12 12 12 12 11 11 10 11 11 9 9 9 9 9 9 9 9 9 9
-9999 -9999 -9999 -9999 -9999 -9999 -9999 -9999 -9999 -9999 -9999 -9999 -9999 -9999 -9999 -9999 -9999 -9999 -9999 -9999 -9999 -9999 -9999 -9999 -9999 -9999 -9999 -9999 -9999 -9999 -9999 -9999 -9999 -9999 22 23 23 24 26 26 27 27 35 39 32 38 34 45 67 85 88 62 42 29 43 47 40 22 20 16 17 16 16 17 15 15 15 15 15 12 12 12 12 12 12 12 12 12 11 10 11 11 9 9 9 9 9 9 9 9 9 9
-9999 -9999 -9999 -9999 -9999 -9999 -9999 -9999 -9999 -9999 -9999 -9999 -9999 -9999 -9999 -9999 -9999 -9999 -9999 -9999 -9999 -9999 -9999 -9999 -9999 -9999 -9999 -9999 -9999 -9999 -9999 -9999 -9999 -9999 22 23 23 24 26 25 26 28 29 33 28 34 38 73 87 85 89 88 59 29 28 38 66 33 21 19 17 17 17 17 17 20 17 15 15 15 12 12 12 12 12 12 12 12 11 10 11 11 9 9 9 9 9 9 9 9 9 9
-9999 -9999 -9999 -9999 -9999 -9999 -9999 -9999 -9999 -9999 -9999 -9999 -9999 -9999 -9999 -9999 -9999 -9999 -9999 -9999 -9999 -9999 -9999 -9999 -9999 -9999 -9999 -9999 -9999 -9999 -9999 -9999 -9999 23 22 23 23 24 26 24 26 26 26 26 26 29 44 71 87 87 91 86 59 31 27 35 54 64 28 21 18 17 17 18 17 18 19 17 17 17 12 12 12 12 12 12 12 12 11 10 11 11 9 9 9 9 9 9 9 9 9 9
-9999 -9999 -9999 -9999 -9999 -9999 -9999 -9999 -9999 -9999 -9999 -9999 -9999 -9999 -9999 -9999 -9999 -9999 -9999 -9999 -9999 -9999 -9999 -9999 -9999 -9999 -9999 -9999 -9999 -9999 -9999 -9999 -9999 23 23 23 23 24 26 24 25 24 24 24 26 29 49 72 90 76 87 87 67 28 24 27 34 45 35 26 20 19 18 21 18 17 15 15 17 13 12 12 12 12 12 12 12 12 11 10 11 11 11 9 9 9 9 9 9 9 9 9
-9999 -9999 -9999 -9999 -9999 -9999 -9999 -9999 -9999 -9999 -9999 -9999 -9999 -9999 -9999 -9999 -9999 -9999 -9999 -9999 -9999 -9999 -9999 -9999 -9999 -9999 -9999 -9999 -9999 -9999 -9999 -9999 25 25 23 23 23 24 24 24 23 24 24 26 29 30 45 67 80 62 64 88 69 39 25 25 35 49 69 63 36 25 23 20 17 17 15 15 15 13 12 12 12 12 12 12 12 12 11 11 11 11 11 9 9 9 9 9 9 9 9 9
-9999 -9999 -9999 -9999 -9999 -9999 -9999 -9999 -9999 -9999 -9999 -9999 -9999 -9999 -9999 -9999 -9999 -9999 -9999 -9999 -9999 -9999 -9999 -9999 -9999 -9999 -9999 -9999 -9999 -9999 -9999 -9999 24 24 23 23 23 24 23 24 22 23 26 26 29 32 51 61 74 66 54 74 70 62 27 23 30 45 66 56 37 26 20 16 16 14 14 14 13 12 12 12 12 12 12 12 12 12 12 11 11 11 11 9 9 9 9 9 9 9 9 9
-9999 -9999 -9999 -9999 -9999 -9999 -9999 -9999 -9999 -9999 -9999 -9999 -9999 -9999 -9999 -9999 -9999 -9999 -9999 -9999 -9999 -9999 -9999 -9999 -9999 -9999 -9999 -9999 -9999 -9999 -9999 -9999 24 24 23 23 23 24 24 24 25 23 23 24 27 29 34 55 62 51 39 56 64 37 27 23 25 35 45 44 41 21 17 16 16 14 14 14 13 12 12 12 12 12 12 12 12 12 12 11 11 11 11 9 9 9 9 9 9 9 9 9
-9999 -9999 -9999 -9999 -9999 -9999 -9999 -9999 -9999 -9999 -9999 -9999 -9999 -9999 -9999 -9999 -9999 -9999 -9999 -9999 -9999 -9999 -9999 -9999 -9999 -9999 -9999 -9999 -9999 -9999 -9999 -9999 -9999 24 23 23 23 24 29 26 25 25 23 26 32 34 38 52 41 52 35 46 57 45 28 21 24 29 30 38 38 21 17 16 16 16 14 14 14 13 12 12 12 12 12 12 12 12 12 11 11 11 11 9 9 9 9 9 9 9 9 9
