invasiveSpecies/multiSpecies/data/worldclim_KE/worldclim_KE_2050_BC85_Bio4.asc
ncols         347
nrows         295
xllcorner     36.068012264173
yllcorner     0.13039239511974
cellsize      0.0083333333333333
NODATA_value  -9999
[rows 111 to 147 of 295, columns 168 to 251 of 347]
-9999 -9999 -9999 -9999 -9999 -9999 -9999 843 822 839 839 831 823 835 848 855 855 823 845 842 861 857 816 840 841 845 822 839 858 853 841 858 854 862 862 855 846 867 867 881 862 862 859 883 874 852 857 852 862 862 885 873 858 862 873 877 870 885 871 870 874 885 885 890 874 874 874 871 871 867 888 886 884 886 891 905 872 886 930 905 903 930 900 923
-9999 -9999 -9999 -9999 -9999 -9999 -9999 839 846 847 822 828 815 841 848 836 834 855 843 850 869 852 839 841 827 827 812 839 856 846 849 846 858 861 879 859 857 866 840 867 867 846 867 859 849 871 859 863 864 846 872 856 862 855 859 872 872 877 877 885 887 872 889 888 870 879 882 874 867 870 886 874 870 902 886 903 921 916 922 910 901 901 913 921
-9999 -9999 -9999 -9999 -9999 -9999 829 843 839 848 822 838 828 815 839 869 850 842 836 862 855 845 823 848 847 842 839 818 841 855 812 817 842 842 870 863 863 863 857 857 857 857 867 836 859 859 859 863 858 859 862 862 866 851 847 860 862 877 876 871 885 902 889 888 894 870 894 877 874 866 859 874 871 870 899 892 908 895 886 886 900 900 900 900
-9999 -9999 -9999 -9999 -9999 822 822 825 813 822 813 810 847 848 820 825 837 851 848 823 820 843 848 852 827 829 842 837 845 855 845 842 842 851 853 850 862 861 870 852 883 859 855 871 869 859 839 871 858 859 862 856 875 856 847 866 866 859 885 887 899 902 902 889 885 897 870 868 879 874 870 886 886 870 886 892 886 895 895 886 891 900 888 897
-9999 -9999 -9999 -9999 -9999 835 806 814 825 839 841 822 815 815 847 854 838 828 828 836 838 828 822 820 823 841 842 827 852 833 845 837 849 842 859 846 858 867 861 839 853 855 867 839 860 858 858 871 871 859 862 848 875 868 862 862 875 872 859 902 882 875 867 885 897 883 882 877 868 894 874 871 873 894 869 895 889 889 909 889 886 891 886 903
-9999 -9999 -9999 -9999 806 807 809 809 819 838 821 809 821 838 839 811 823 828 820 842 820 828 842 832 870 866 843 827 845 846 811 827 827 839 858 849 866 859 866 870 863 853 857 861 871 853 858 856 867 875 872 851 846 867 850 875 872 872 871 885 899 885 885 885 870 879 881 868 879 870 873 866 874 876 867 901 895 889 925 913 903 889 907 907
-9999 -9999 832 811 822 832 809 819 844 822 831 797 819 835 819 839 823 823 833 824 824 838 820 832 840 836 863 845 841 837 846 812 835 827 846 846 855 861 861 866 855 863 867 879 852 869 858 856 858 856 866 858 871 854 850 858 872 866 885 886 858 872 875 872 879 870 882 893 868 879 862 859 882 870 879 879 887 895 889 927 913 913 898 901
846 811 814 844 841 823 831 833 841 817 790 808 837 810 805 822 835 823 794 823 824 828 839 820 850 821 863 860 866 844 834 826 834 819 840 861 851 847 852 855 852 855 852 863 877 869 856 871 856 853 844 856 862 840 862 885 867 858 847 885 885 881 896 885 850 879 893 882 893 870 878 865 859 867 877 889 874 895 889 916 915 899 907 907
825 833 824 833 836 827 839 817 817 831 816 831 815 815 835 841 820 806 820 797 817 823 817 831 866 863 849 855 828 833 861 832 824 834 846 846 846 849 829 852 865 861 845 852 858 846 853 869 858 869 865 874 860 852 847 885 849 885 882 854 859 859 860 871 893 862 882 897 891 868 879 870 859 870 891 895 895 892 895 886 889 889 909 899
829 854 842 834 837 838 837 827 836 829 817 844 815 844 828 806 835 817 820 797 823 813 828 831 842 855 860 841 829 836 833 833 835 824 848 852 842 849 849 855 855 846 846 866 852 856 852 871 870 854 858 871 864 862 858 854 854 858 850 850 871 868 881 867 871 890 850 893 882 893 850 894 847 870 875 872 869 888 907 895 886 886 889 913
816 821 834 819 842 830 844 839 809 838 815 841 816 827 819 807 811 799 807 823 824 823 827 830 845 850 851 845 824 845 839 835 823 823 827 827 848 830 848 839 851 861 855 855 865 839 858 858 856 854 850 852 858 866 871 857 850 861 881 866 854 847 846 867 856 871 896 882 880 880 890 865 863 863 879 869 865 865 888 895 913 914 886 886
822 816 792 820 842 806 806 838 849 815 838 817 819 814 823 816 794 821 833 791 815 815 810 831 824 846 845 846 826 844 833 837 813 827 835 839 827 831 852 848 824 861 852 833 865 848 839 858 870 870 866 854 847 859 861 859 861 863 861 850 849 850 850 859 889 850 875 872 889 872 891 860 893 891 879 874 881 874 879 910 910 913 911 889
831 788 814 825 829 803 847 830 817 838 823 823 815 800 813 812 830 833 846 833 812 820 806 809 829 835 839 833 820 836 829 833 830 833 820 845 847 836 827 848 858 839 866 833 846 865 853 851 855 856 860 853 866 853 854 878 871 869 861 878 860 847 846 850 876 862 893 878 848 894 880 891 893 849 877 874 874 864 892 862 876 907 911 909
848 845 805 847 826 834 840 803 838 831 831 823 797 818 837 832 819 824 836 814 833 833 820 822 800 833 861 848 843 857 842 841 845 835 845 836 836 836 814 848 827 861 863 833 848 855 834 848 846 865 846 854 857 861 871 871 861 871 863 871 861 858 850 850 869 849 870 847 871 865 894 893 864 890 854 879 879 861 892 888 888 896 887 861
835 833 803 809 809 803 830 792 777 803 818 830 811 789 815 817 819 842 809 818 838 833 812 823 797 831 831 823 833 837 842 826 831 838 831 833 833 839 859 837 848 839 861 863 833 858 834 839 858 855 858 858 861 833 853 873 858 865 861 871 860 861 860 849 870 855 872 874 870 874 867 872 876 856 879 879 895 868 895 895 888 889 885 895
842 802 831 809 800 813 814 836 803 806 831 799 835 823 822 824 805 828 842 828 809 804 830 797 797 826 805 832 819 824 832 838 838 842 848 823 848 838 839 843 848 841 861 861 851 833 846 839 858 846 860 846 873 851 871 867 839 847 847 847 857 859 849 858 862 855 879 879 862 856 871 892 864 863 876 849 879 870 885 895 878 886 862 865
806 827 811 811 842 839 829 802 803 817 793 830 801 786 842 844 799 830 835 848 818 842 803 830 797 834 785 829 842 823 844 855 855 821 821 823 836 836 836 843 831 872 845 861 855 847 844 833 848 851 833 846 857 855 839 850 839 867 839 871 850 859 867 849 847 848 855 855 861 852 872 871 868 874 879 844 864 865 872 892 890 890 865 878
804 802 817 814 813 830 832 810 809 802 803 786 801 790 806 838 809 822 829 811 844 816 789 822 809 801 836 836 818 850 850 830 826 855 852 829 845 829 854 836 860 848 849 872 833 836 836 833 842 864 861 833 873 873 841 867 854 867 853 867 850 847 867 855 827 851 862 839 866 874 871 856 866 872 891 844 864 865 861 887 864 859 876 861
794 814 802 808 814 826 826 813 810 790 803 803 793 793 836 841 802 794 824 807 795 825 858 814 816 823 797 849 836 846 826 814 857 827 843 852 829 847 836 833 836 849 848 845 824 847 824 842 844 844 837 837 837 837 867 840 852 867 870 870 871 857 847 855 862 862 847 855 872 856 860 860 864 864 879 847 857 860 861 856 866 859 861 894
803 814 814 794 819 826 826 802 823 802 802 803 815 803 831 790 852 790 826 807 814 842 816 824 811 806 794 806 803 836 842 855 814 855 862 829 838 829 829 840 834 860 848 839 849 821 847 833 842 835 837 837 851 851 857 853 857 874 843 844 850 871 827 857 864 872 848 870 856 871 871 866 863 880 894 871 844 856 857 890 890 879 859 873
778 815 794 818 815 814 814 826 813 817 807 790 795 803 809 805 824 801 842 807 844 794 811 818 789 855 830 797 806 827 827 827 862 855 842 855 829 821 826 829 829 840 839 854 850 824 836 833 853 848 854 840 840 860 855 840 840 849 869 859 824 828 840 849 863 861 867 873 831 850 871 854 873 865 870 864 856 856 882 886 869 898 871 885
804 804 814 778 838 814 814 814 814 814 785 823 811 809 809 818 801 821 796 806 807 822 795 789 829 803 805 797 837 801 810 814 822 814 852 839 858 829 808 808 835 842 849 839 837 850 836 850 848 848 840 840 851 864 855 839 848 857 859 857 862 831 839 850 850 831 831 863 850 850 857 852 875 869 870 856 856 883 898 870 878 872 864 886
788 803 792 823 827 815 802 803 795 802 787 790 794 809 818 805 817 818 821 829 822 810 825 806 836 816 799 794 806 810 827 849 802 819 849 816 838 842 816 829 821 829 827 855 826 848 838 850 848 848 851 854 854 847 855 841 840 848 857 857 866 831 831 849 849 863 854 861 860 860 860 865 867 869 896 870 868 864 852 878 893 865 906 890
804 790 791 791 835 815 806 819 790 814 790 790 802 788 802 805 800 808 811 830 812 822 814 811 796 818 798 796 803 810 827 815 819 827 831 852 825 829 829 819 829 842 846 839 846 849 816 827 847 831 843 860 864 863 872 840 848 857 857 859 857 857 848 831 865 849 857 870 861 834 836 865 869 867 870 886 886 882 886 867 878 880 881 891
781 809 791 791 797 803 803 785 795 785 790 795 798 803 793 819 792 788 815 827 807 813 803 798 805 815 783 815 819 816 823 822 819 803 818 853 825 840 820 810 821 825 855 842 833 834 833 859 841 853 818 862 854 854 840 868 859 848 848 848 857 859 857 835 832 842 859 842 829 857 857 834 862 866 893 867 886 863 878 878 893 894 869 895
791 799 791 800 807 813 800 803 800 797 795 821 789 803 792 806 820 821 821 798 816 822 822 818 828 812 818 796 803 827 862 815 865 832 835 842 842 856 829 825 798 833 825 852 842 846 846 818 821 839 847 843 843 843 843 846 868 838 843 839 839 829 833 860 857 863 863 863 863 860 862 834 863 855 867 881 888 881 874 883 878 894 868 895
802 791 802 781 786 808 791 798 784 795 790 782 794 802 813 790 800 788 792 833 784 824 817 818 799 796 796 812 832 815 832 815 822 819 842 835 829 812 842 832 821 855 827 858 831 828 846 846 814 859 833 821 843 858 840 859 840 856 868 868 858 844 835 835 832 829 864 864 854 871 833 870 834 866 842 876 863 869 878 881 890 882 868 880
788 788 803 803 816 777 786 794 803 790 803 786 795 805 813 809 803 815 818 804 810 828 816 802 799 812 795 783 832 846 823 807 835 837 822 825 812 812 810 838 812 816 841 825 815 816 842 829 832 859 859 859 821 846 839 831 850 819 835 840 844 858 868 837 829 855 869 829 829 842 840 857 846 866 870 851 862 872 866 878 858 878 881 883
806 815 802 812 804 787 808 778 768 799 794 798 790 782 793 802 830 805 788 804 806 818 850 795 783 799 783 819 833 796 822 833 820 815 835 809 830 829 815 810 823 812 820 840 832 827 827 859 846 859 852 817 851 831 839 846 837 850 868 868 829 868 858 845 844 829 851 826 864 835 850 857 857 866 863 844 852 866 859 874 865 869 866 897
753 792 812 812 812 786 816 790 757 770 799 802 803 802 790 806 811 808 802 788 818 824 812 784 829 799 795 811 796 836 835 807 806 823 833 848 824 810 832 798 820 833 842 855 836 827 827 829 820 813 831 845 813 833 828 831 862 837 848 850 836 862 868 835 839 864 845 842 832 864 879 876 864 841 880 880 859 868 859 866 865 874 877 873
781 781 796 803 774 816 816 802 780 756 805 779 803 815 786 806 812 814 795 798 810 815 830 798 790 778 805 780 794 833 833 789 790 797 830 838 809 810 810 833 842 818 824 847 814 826 814 814 817 817 812 813 817 817 822 851 831 850 833 842 862 842 835 868 868 868 837 847 859 837 826 877 841 837 867 881 876 859 859 856 880 883 876 880
795 796 785 775 816 762 774 806 815 780 780 806 820 783 774 806 776 806 830 819 809 830 781 781 813 809 807 778 794 819 817 818 783 789 805 825 812 795 798 810 809 823 818 842 818 826 840 819 850 830 824 819 840 837 828 834 840 836 850 850 833 849 839 839 844 835 845 845 826 847 857 858 858 867 872 880 874 859 844 872 870 856 855 877
753 795 786 794 816 777 780 806 806 775 749 795 807 794 829 810 766 783 766 764 798 817 784 784 786 798 787 807 817 810 817 817 819 817 836 832 814 814 810 814 810 808 828 828 815 828 840 824 837 837 830 830 830 813 820 849 841 850 831 836 849 830 850 857 859 836 837 837 845 825 858 829 825 869 848 848 882 867 868 871 865 868 883 862
750 796 795 759 793 814 758 806 828 795 749 793 796 829 822 761 756 793 776 818 818 819 808 783 784 781 798 779 803 801 808 795 792 796 808 832 818 808 817 811 806 811 829 829 852 826 850 818 827 827 819 837 812 807 847 822 822 848 840 831 835 850 830 835 835 844 835 837 845 845 847 859 833 834 863 848 862 869 867 877 857 854 869 872
769 796 750 796 805 771 806 806 819 783 793 770 756 781 810 811 793 830 813 779 819 817 777 821 818 814 822 773 784 807 807 816 826 814 826 828 815 834 822 814 808 834 814 829 818 828 824 827 822 831 835 844 850 840 814 819 816 830 831 831 846 830 848 850 853 865 844 835 837 847 837 845 845 845 849 881 862 882 872 864 846 868 869 861
783 765 761 772 782 771 816 808 771 781 791 758 781 769 782 788 745 829 830 758 782 803 815 756 782 818 830 830 798 820 803 801 811 824 828 828 832 832 832 806 814 806 841 808 851 847 806 821 832 822 832 835 830 832 848 831 831 848 830 847 840 835 850 830 844 831 853 844 844 837 845 837 858 826 853 861 861 882 882 877 877 879 861 861
780 803 795 760 793 782 771 808 816 781 819 808 815 769 791 769 756 770 822 773 790 834 806 819 757 818 757 773 780 822 809 821 827 785 822 832 834 806 812 814 809 805 817 830 822 827 822 806 827 820 819 822 832 807 813 848 826 822 821 830 836 832 830 840 845 827 844 847 837 835 834 841 856 829 868 862 858 871 849 849 868 872 847 880
