invasiveSpecies/multiSpecies/data/worldclim_KE/worldclim_KE_2050_BC85_Bio12.asc
ncols         347
nrows         295
xllcorner     36.068012264173
yllcorner     0.13039239511974
cellsize      0.0083333333333333
NODATA_value  -9999
[rows 148 to 184 of 295, columns 84 to 167 of 347]
-9999 -9999 -9999 -9999 -9999 -9999 -9999 -9999 -9999 -9999 -9999 -9999 -9999 -9999 -9999 -9999 -9999 -9999 -9999 -9999 -9999 -9999 -9999 -9999 -9999 -9999 -9999 -9999 -9999 -9999 -9999 -9999 -9999 -9999 -9999 -9999 -9999 -9999 -9999 -9999 -9999 473 478 499 514 530 572 605 649 654 628 605 631 687 726 732 736 739 723 662 617 600 576 541 531 509 497 490 490 484 480 479 478 478 480 482 480 473 476 475 483 485 476 479
-9999 -9999 -9999 -9999 -9999 -9999 -9999 -9999 -9999 -9999 -9999 -9999 -9999 -9999 -9999 -9999 -9999 -9999 -9999 -9999 -9999 -9999 -9999 -9999 -9999 -9999 -9999 -9999 -9999 -9999 -9999 -9999 -9999 -9999 -9999 -9999 -9999 -9999 -9999 -9999 -9999 475 491 504 515 562 588 617 660 676 660 616 633 668 709 714 735 731 744 702 652 600 577 569 538 512 500 495 492 484 482 481 480 483 485 487 480 479 480 480 481 479 480 482
-9999 -9999 -9999 -9999 -9999 -9999 -9999 -9999 -9999 -9999 -9999 -9999 -9999 -9999 -9999 -9999 -9999 -9999 -9999 -9999 -9999 -9999 -9999 -9999 -9999 -9999 -9999 -9999 -9999 -9999 -9999 -9999 -9999 -9999 -9999 -9999 -9999 -9999 -9999 -9999 -9999 475 516 515 535 577 613 658 667 676 648 629 625 630 658 682 690 715 741 736 686 652 642 643 594 616 543 501 486 486 484 491 490 490 494 492 483 485 489 481 484 484 483 487
-9999 -9999 -9999 -9999 -9999 -9999 -9999 -9999 -9999 -9999 -9999 -9999 -9999 -9999 -9999 -9999 -9999 -9999 -9999 -9999 -9999 -9999 -9999 -9999 -9999 -9999 -9999 -9999 -9999 -9999 -9999 -9999 -9999 -9999 -9999 -9999 -9999 -9999 -9999 -9999 -9999 480 527 528 560 591 588 680 678 698 671 633 643 663 654 670 700 724 744 748 719 726 715 709 641 660 582 511 496 494 491 498 501 495 498 493 490 493 490 490 491 487 486 486
-9999 -9999 -9999 -9999 -9999 -9999 -9999 -9999 -9999 -9999 -9999 -9999 -9999 -9999 -9999 -9999 -9999 -9999 -9999 -9999 -9999 -9999 -9999 -9999 -9999 -9999 -9999 -9999 -9999 -9999 -9999 -9999 -9999 -9999 -9999 -9999 -9999 -9999 -9999 -9999 -9999 480 524 522 581 617 632 655 662 677 687 664 655 670 701 725 704 738 742 745 742 753 752 746 696 709 627 534 503 498 498 501 502 508 508 496 493 494 496 494 490 486 483 479
-9999 -9999 -9999 -9999 -9999 -9999 -9999 -9999 -9999 -9999 -9999 -9999 -9999 -9999 -9999 -9999 -9999 -9999 -9999 -9999 -9999 -9999 -9999 -9999 -9999 -9999 -9999 -9999 -9999 -9999 -9999 -9999 -9999 -9999 -9999 -9999 -9999 -9999 -9999 -9999 -9999 484 491 514 563 616 674 676 670 695 716 690 722 695 724 737 734 737 743 765 749 752 757 759 754 744 681 569 516 503 512 510 509 530 522 506 502 496 497 493 492 484 488 483
-9999 -9999 -9999 -9999 -9999 -9999 -9999 -9999 -9999 -9999 -9999 -9999 -9999 -9999 -9999 -9999 -9999 -9999 -9999 -9999 -9999 -9999 -9999 -9999 -9999 -9999 -9999 -9999 -9999 -9999 -9999 -9999 -9999 -9999 -9999 -9999 -9999 -9999 -9999 -9999 -9999 -9999 496 505 548 612 642 673 677 701 722 717 689 688 718 735 732 749 759 758 749 750 763 760 759 737 610 553 529 513 520 519 525 532 521 511 508 504 501 497 494 486 482 479
-9999 -9999 -9999 -9999 -9999 -9999 -9999 -9999 -9999 -9999 -9999 -9999 -9999 -9999 -9999 -9999 -9999 -9999 -9999 -9999 -9999 -9999 -9999 -9999 -9999 -9999 -9999 -9999 -9999 -9999 -9999 -9999 -9999 -9999 -9999 -9999 -9999 -9999 -9999 -9999 -9999 -9999 496 511 531 632 684 681 685 691 724 725 722 731 728 736 730 756 769 747 750 754 753 759 732 691 630 583 548 530 536 562 540 528 524 524 522 515 506 497 493 489 485 483
-9999 -9999 -9999 -9999 -9999 -9999 -9999 -9999 -9999 -9999 -9999 -9999 -9999 -9999 -9999 -9999 -9999 -9999 -9999 -9999 -9999 -9999 -9999 -9999 -9999 -9999 -9999 -9999 -9999 -9999 -9999 -9999 -9999 -9999 -9999 -9999 -9999 -9999 -9999 -9999 -9999 -9999 502 519 548 624 685 676 682 698 724 724 727 727 732 728 732 758 771 744 746 752 750 754 757 737 690 622 594 549 564 584 548 575 551 558 535 526 513 502 496 490 489 490
-9999 -9999 -9999 -9999 -9999 -9999 -9999 -9999 -9999 -9999 -9999 -9999 -9999 -9999 -9999 -9999 -9999 -9999 -9999 -9999 -9999 -9999 -9999 -9999 -9999 -9999 -9999 -9999 -9999 -9999 -9999 -9999 -9999 -9999 -9999 -9999 -9999 -9999 -9999 -9999 -9999 -9999 494 528 572 643 688 664 672 705 716 727 717 733 728 732 757 757 770 771 746 751 755 758 764 766 733 675 623 611 611 640 670 734 663 589 571 575 527 508 502 491 490 494
-9999 -9999 -9999 -9999 -9999 -9999 -9999 -9999 -9999 -9999 -9999 -9999 -9999 -9999 -9999 -9999 -9999 -9999 -9999 -9999 -9999 -9999 -9999 -9999 -9999 -9999 -9999 -9999 -9999 -9999 -9999 -9999 -9999 -9999 -9999 -9999 -9999 -9999 -9999 -9999 -9999 495 494 558 572 648 688 661 674 679 687 705 709 726 725 728 756 759 773 767 742 756 752 760 758 768 768 740 662 652 642 691 693 719 737 715 727 659 532 509 502 497 498 494
-9999 -9999 -9999 -9999 -9999 -9999 -9999 -9999 -9999 -9999 -9999 -9999 -9999 -9999 -9999 -9999 -9999 -9999 -9999 -9999 -9999 -9999 -9999 -9999 -9999 -9999 -9999 -9999 -9999 -9999 -9999 -9999 -9999 -9999 -9999 -9999 -9999 -9999 -9999 -9999 -9999 497 507 545 569 634 679 651 663 659 665 683 704 728 722 728 761 742 764 769 746 755 745 757 764 760 768 769 731 710 700 758 713 615 576 556 675 566 533 516 502 504 497 493
-9999 -9999 -9999 -9999 -9999 -9999 -9999 -9999 -9999 -9999 -9999 -9999 -9999 -9999 -9999 -9999 -9999 -9999 -9999 -9999 -9999 -9999 -9999 -9999 -9999 -9999 -9999 -9999 -9999 -9999 -9999 -9999 -9999 -9999 -9999 -9999 -9999 -9999 -9999 -9999 498 506 508 540 582 629 618 631 628 663 677 707 724 730 721 725 738 727 737 769 749 748 749 754 764 756 776 772 774 777 776 743 680 610 556 547 569 541 521 508 504 503 499 496
-9999 -9999 -9999 -9999 -9999 -9999 -9999 -9999 -9999 -9999 -9999 -9999 -9999 -9999 -9999 -9999 -9999 -9999 -9999 -9999 -9999 -9999 -9999 -9999 -9999 -9999 -9999 -9999 -9999 -9999 -9999 -9999 -9999 -9999 -9999 -9999 -9999 -9999 -9999 -9999 504 512 513 547 573 614 594 620 630 673 695 706 728 734 718 722 733 733 735 749 750 748 756 742 767 755 771 768 775 782 732 660 654 577 545 537 526 523 514 510 510 506 501 498
-9999 -9999 -9999 -9999 -9999 -9999 -9999 -9999 -9999 -9999 -9999 -9999 -9999 -9999 -9999 -9999 -9999 -9999 -9999 -9999 -9999 -9999 -9999 -9999 -9999 -9999 -9999 -9999 -9999 -9999 -9999 -9999 -9999 -9999 -9999 -9999 -9999 -9999 -9999 -9999 507 520 522 527 569 604 626 653 666 670 682 698 724 733 736 718 725 723 740 733 742 754 761 743 762 765 759 765 774 758 693 655 589 558 545 536 525 523 516 513 511 507 501 502
-9999 -9999 -9999 -9999 -9999 -9999 -9999 -9999 -9999 -9999 -9999 -9999 -9999 -9999 -9999 -9999 -9999 -9999 -9999 -9999 -9999 -9999 -9999 -9999 -9999 -9999 -9999 -9999 -9999 -9999 -9999 -9999 -9999 -9999 -9999 -9999 -9999 -9999 -9999 -9999 -9999 519 532 559 578 641 705 681 676 685 692 708 734 733 730 715 724 723 746 735 737 743 759 735 759 770 769 768 772 763 683 682 627 599 558 544 538 533 525 520 511 508 507 503
-9999 -9999 -9999 -9999 -9999 -9999 -9999 -9999 -9999 -9999 -9999 -9999 -9999 -9999 -9999 -9999 -9999 -9999 -9999 -9999 -9999 -9999 -9999 -9999 -9999 -9999 -9999 -9999 -9999 -9999 -9999 -9999 -9999 -9999 -9999 -9999 -9999 -9999 -9999 -9999 -9999 547 544 577 620 643 708 695 685 697 714 727 722 734 738 717 740 730 737 753 737 744 762 746 733 754 772 777 779 784 771 756 691 638 578 567 541 535 528 516 512 512 511 507
-9999 -9999 -9999 -9999 -9999 -9999 -9999 -9999 -9999 -9999 -9999 -9999 -9999 -9999 -9999 -9999 -9999 -9999 -9999 -9999 -9999 -9999 -9999 -9999 -9999 -9999 -9999 -9999 -9999 -9999 -9999 -9999 -9999 -9999 -9999 -9999 -9999 -9999 -9999 -9999 -9999 519 549 577 631 661 663 683 685 696 713 731 721 737 731 732 743 744 748 750 754 744 764 758 732 755 774 778 785 785 767 726 746 614 562 557 547 557 539 522 517 516 512 509
-9999 -9999 -9999 -9999 -9999 -9999 -9999 -9999 -9999 -9999 -9999 -9999 -9999 -9999 -9999 -9999 -9999 -9999 -9999 -9999 -9999 -9999 -9999 -9999 -9999 -9999 -9999 -9999 -9999 -9999 -9999 -9999 -9999 -9999 -9999 -9999 -9999 -9999 -9999 -9999 -9999 532 543 552 610 636 645 655 673 693 706 721 727 733 724 742 742 742 752 744 754 755 758 764 732 732 761 774 785 786 758 662 597 600 587 599 589 556 551 526 520 513 513 513
-9999 -9999 -9999 -9999 -9999 -9999 -9999 -9999 -9999 -9999 -9999 -9999 -9999 -9999 -9999 -9999 -9999 -9999 -9999 -9999 -9999 -9999 -9999 -9999 -9999 -9999 -9999 -9999 -9999 -9999 -9999 -9999 -9999 -9999 -9999 -9999 -9999 -9999 -9999 -9999 -9999 524 540 553 615 643 668 679 683 696 710 724 737 732 722 723 745 731 751 722 728 763 767 763 731 734 772 780 777 788 743 728 614 635 572 568 549 539 548 539 535 526 522 517
-9999 -9999 -9999 -9999 -9999 -9999 -9999 -9999 -9999 -9999 -9999 -9999 -9999 -9999 -9999 -9999 -9999 -9999 -9999 -9999 -9999 -9999 -9999 -9999 -9999 -9999 -9999 -9999 -9999 -9999 -9999 -9999 -9999 -9999 -9999 -9999 -9999 -9999 -9999 -9999 -9999 -9999 559 565 630 660 673 700 700 705 711 722 728 734 724 716 749 740 734 733 723 736 744 759 732 741 773 781 789 782 782 730 699 638 585 596 580 651 722 651 558 544 536 529
-9999 -9999 -9999 -9999 -9999 -9999 -9999 -9999 -9999 -9999 -9999 -9999 -9999 -9999 -9999 -9999 -9999 -9999 -9999 -9999 -9999 -9999 -9999 -9999 -9999 -9999 -9999 -9999 -9999 -9999 -9999 -9999 -9999 -9999 -9999 -9999 -9999 -9999 -9999 -9999 -9999 -9999 563 585 627 669 680 676 692 708 711 721 728 736 731 716 745 724 730 730 723 729 717 724 730 742 747 765 770 775 773 763 781 735 658 678 646 708 743 756 678 634 550 537
-9999 -9999 -9999 -9999 -9999 -9999 -9999 -9999 -9999 -9999 -9999 -9999 -9999 -9999 -9999 -9999 -9999 -9999 -9999 -9999 -9999 -9999 -9999 -9999 -9999 -9999 -9999 -9999 -9999 -9999 -9999 -9999 -9999 -9999 -9999 -9999 -9999 -9999 -9999 -9999 -9999 541 550 578 610 653 662 688 707 715 717 724 729 722 724 713 723 729 722 721 715 717 729 745 773 770 768 774 774 792 796 796 786 802 738 762 765 808 803 644 644 646 582 559
-9999 -9999 -9999 -9999 -9999 -9999 -9999 -9999 -9999 -9999 -9999 -9999 -9999 -9999 -9999 -9999 -9999 -9999 -9999 -9999 -9999 -9999 -9999 -9999 -9999 -9999 -9999 -9999 -9999 -9999 -9999 -9999 -9999 -9999 -9999 -9999 -9999 -9999 -9999 -9999 -9999 571 583 593 636 656 670 683 718 723 727 723 710 721 718 710 716 719 721 716 716 728 747 772 774 776 780 783 790 785 775 791 782 791 801 815 811 813 794 729 736 774 732 572
-9999 -9999 -9999 -9999 -9999 -9999 -9999 -9999 -9999 -9999 -9999 -9999 -9999 -9999 -9999 -9999 -9999 -9999 -9999 -9999 -9999 -9999 -9999 -9999 -9999 -9999 -9999 -9999 -9999 -9999 -9999 -9999 -9999 -9999 -9999 -9999 -9999 -9999 -9999 -9999 -9999 572 587 596 649 665 679 691 708 734 726 723 711 718 717 709 698 700 712 714 730 737 754 775 766 753 772 761 792 792 775 783 781 798 800 799 807 728 783 821 829 811 795 583
-9999 -9999 -9999 -9999 -9999 -9999 -9999 -9999 -9999 -9999 -9999 -9999 -9999 -9999 -9999 -9999 -9999 -9999 -9999 -9999 -9999 -9999 -9999 -9999 -9999 -9999 -9999 -9999 -9999 -9999 -9999 -9999 -9999 -9999 -9999 -9999 -9999 -9999 -9999 -9999 575 575 596 602 629 669 682 696 697 716 720 711 708 695 712 696 705 715 741 736 727 742 763 777 742 745 759 754 767 784 773 780 782 810 773 716 747 609 613 676 763 795 748 600
-9999 -9999 -9999 -9999 -9999 -9999 -9999 -9999 -9999 -9999 -9999 -9999 -9999 -9999 -9999 -9999 -9999 -9999 -9999 -9999 -9999 -9999 -9999 -9999 -9999 -9999 -9999 -9999 -9999 -9999 -9999 -9999 -9999 -9999 -9999 -9999 -9999 -9999 -9999 -9999 588 584 595 614 628 655 666 678 691 696 709 710 703 694 687 681 707 724 738 762 748 743 770 775 760 745 751 753 766 772 774 776 787 801 691 644 656 588 575 601 773 838 839 677
-9999 -9999 -9999 -9999 -9999 -9999 -9999 -9999 -9999 -9999 -9999 -9999 -9999 -9999 -9999 -9999 -9999 -9999 -9999 -9999 -9999 -9999 -9999 -9999 -9999 -9999 -9999 -9999 -9999 -9999 -9999 -9999 -9999 -9999 -9999 -9999 -9999 -9999 -9999 -9999 600 594 594 612 639 665 660 666 682 676 691 707 702 702 692 710 717 728 764 765 772 761 762 780 770 753 749 756 776 764 786 783 812 782 692 612 578 572 561 564 649 807 654 541
-9999 -9999 -9999 -9999 -9999 -9999 -9999 -9999 -9999 -9999 -9999 -9999 -9999 -9999 -9999 -9999 -9999 -9999 -9999 -9999 -9999 -9999 -9999 -9999 -9999 -9999 -9999 -9999 -9999 -9999 -9999 -9999 -9999 -9999 -9999 -9999 -9999 -9999 -9999 -9999 -9999 609 590 616 644 655 650 656 674 669 678 686 682 697 688 720 737 736 766 752 774 777 772 782 783 782 758 757 764 781 806 808 809 793 701 601 564 565 548 539 550 592 596 539
-9999 -9999 -9999 -9999 -9999 -9999 -9999 -9999 -9999 -9999 -9999 -9999 -9999 -9999 -9999 -9999 -9999 -9999 -9999 -9999 -9999 -9999 -9999 -9999 -9999 -9999 -9999 -9999 -9999 -9999 -9999 -9999 -9999 -9999 -9999 -9999 -9999 -9999 -9999 -9999 -9999 619 608 611 620 623 641 648 663 659 670 664 674 675 692 711 727 735 751 771 770 772 781 780 786 784 767 754 761 779 809 753 734 780 713 622 551 539 536 531 525 529 529 523
-9999 -9999 -9999 -9999 -9999 -9999 -9999 -9999 -9999 -9999 -9999 -9999 -9999 -9999 -9999 -9999 -9999 -9999 -9999 -9999 -9999 -9999 -9999 -9999 -9999 -9999 -9999 -9999 -9999 -9999 -9999 -9999 -9999 -9999 587 597 -9999 -9999 -9999 -9999 -9999 635 636 619 626 616 619 627 644 644 658 663 686 692 698 716 722 727 747 759 774 779 783 767 783 790 791 776 762 803 796 746 656 622 749 681 571 530 531 525 519 512 509 506
-9999 -9999 -9999 -9999 -9999 -9999 -9999 -9999 -9999 -9999 -9999 -9999 -9999 -9999 -9999 -9999 -9999 -9999 -9999 -9999 -9999 -9999 -9999 -9999 -9999 -9999 -9999 -9999 -9999 -9999 -9999 -9999 -9999 590 601 608 618 -9999 -9999 -9999 -9999 653 643 646 643 627 628 642 658 666 677 677 690 703 706 712 719 730 744 754 766 770 781 785 777 787 787 776 789 800 773 742 633 581 572 687 556 538 528 526 517 510 506 502
-9999 -9999 -9999 -9999 -9999 -9999 -9999 -9999 -9999 -9999 -9999 -9999 -9999 -9999 -9999 -9999 -9999 -9999 -9999 -9999 -9999 -9999 -9999 -9999 -9999 -9999 -9999 -9999 -9999 -9999 -9999 -9999 -9999 605 619 622 630 644 -9999 -9999 -9999 662 657 661 655 647 651 652 668 679 688 692 700 717 718 716 729 734 744 751 761 764 773 791 788 776 779 785 778 777 692 711 580 560 580 680 569 533 527 518 518 514 503 503
-9999 -9999 -9999 -9999 -9999 -9999 -9999 -9999 -9999 -9999 -9999 -9999 -9999 -9999 -9999 -9999 -9999 -9999 -9999 -9999 -9999 -9999 -9999 -9999 -9999 -9999 -9999 -9999 -9999 -9999 -9999 -9999 -9999 611 642 632 632 652 -9999 -9999 658 671 673 674 671 656 660 671 677 684 701 716 717 733 731 736 737 746 752 759 768 780 780 792 788 774 778 804 752 691 618 610 580 555 556 705 564 540 528 516 512 512 506 505
-9999 -9999 -9999 -9999 -9999 -9999 -9999 -9999 -9999 -9999 -9999 -9999 -9999 -9999 -9999 -9999 -9999 -9999 -9999 -9999 -9999 -9999 -9999 -9999 -9999 -9999 -9999 -9999 -9999 -9999 -9999 -9999 -9999 615 635 651 644 650 676 -9999 -9999 681 690 687 684 696 672 685 692 691 710 733 733 734 742 748 746 756 761 766 786 788 789 789 798 763 755 807 790 673 597 576 567 551 544 549 532 528 525 514 511 510 506 508
-9999 -9999 -9999 -9999 -9999 -9999 -9999 -9999 -9999 -9999 -9999 -9999 -9999 -9999 -9999 -9999 -9999 -9999 -9999 -9999 -9999 -9999 -9999 -9999 -9999 -9999 -9999 -9999 -9999 -9999 -9999 -9999 -9999 612 646 647 658 663 674 -9999 676 684 692 694 704 706 688 694 710 706 710 723 744 744 748 752 753 760 759 766 788 784 787 792 797 791 758 793 800 620 582 564 555 545 539 532 525 523 522 516 515 517 510 512
-9999 -9999 -9999 -9999 -9999 -9999 -9999 -9999 -9999 -9999 -9999 -9999 -9999 -9999 -9999 -9999 -9999 -9999 -9999 -9999 -9999 -9999 -9999 -9999 -9999 -9999 -9999 -9999 -9999 -9999 -9999 -9999 -9999 625 639 652 667 682 687 694 687 680 694 707 718 714 705 702 714 720 721 729 744 746 747 755 754 761 758 758 774 778 783 780 784 789 806 798 796 757 596 563 552 547 537 529 524 523 524 521 519 514 514 516
