invasiveSpecies/multiSpecies/data/worldclim_KE/worldclim_KE_2050_BC26_Bio10.asc
ncols         347
nrows         295
xllcorner     36.068012264173
yllcorner     0.13039239511974
cellsize      0.0083333333333333
NODATA_value  -9999
[rows 185 to 221 of 295, columns 84 to 167 of 347]
-9999 -9999 -9999 -9999 -9999 -9999 -9999 -9999 -9999 -9999 -9999 -9999 -9999 -9999 -9999 -9999 -9999 -9999 -9999 -9999 -9999 -9999 -9999 -9999 -9999 -9999 -9999 -9999 -9999 -9999 -9999 -9999 237 232 235 236 234 232 230 230 232 232 232 230 227 229 230 231 230 229 229 228 228 228 227 226 227 228 227 228 227 227 227 227 226 225 213 206 223 230 243 251 252 253 254 255 255 255 255 255 256 256 256 256
-9999 -9999 -9999 -9999 -9999 -9999 -9999 -9999 -9999 -9999 -9999 -9999 -9999 -9999 -9999 -9999 -9999 -9999 -9999 -9999 -9999 -9999 -9999 -9999 -9999 -9999 -9999 -9999 -9999 -9999 -9999 -9999 237 232 234 235 231 232 230 229 231 231 232 231 229 228 229 229 230 228 228 228 228 228 227 227 227 228 228 229 229 229 228 228 227 226 220 209 221 237 249 250 252 253 253 254 255 255 254 255 255 256 255 256
-9999 -9999 -9999 -9999 -9999 -9999 -9999 -9999 -9999 -9999 -9999 -9999 -9999 -9999 -9999 -9999 -9999 -9999 -9999 -9999 -9999 -9999 -9999 -9999 -9999 -9999 -9999 -9999 -9999 -9999 -9999 236 237 233 232 234 231 230 227 228 229 230 231 230 229 228 228 229 228 228 228 229 229 228 228 229 229 229 229 230 229 229 229 229 228 227 226 223 230 242 248 249 251 252 253 253 253 254 254 255 255 255 255 255
-9999 -9999 -9999 -9999 -9999 -9999 -9999 -9999 -9999 -9999 -9999 -9999 -9999 -9999 -9999 -9999 -9999 -9999 -9999 -9999 -9999 -9999 -9999 -9999 -9999 -9999 -9999 -9999 -9999 -9999 -9999 237 235 229 229 232 229 230 228 227 229 230 229 231 230 229 228 228 229 229 229 230 229 229 228 229 230 230 230 230 230 230 229 229 228 228 227 227 225 233 237 247 250 250 252 252 253 254 253 254 254 254 254 254
-9999 -9999 -9999 -9999 -9999 -9999 -9999 -9999 -9999 -9999 -9999 -9999 -9999 -9999 -9999 -9999 -9999 -9999 -9999 -9999 -9999 -9999 -9999 -9999 -9999 -9999 -9999 -9999 -9999 -9999 -9999 236 234 231 225 225 229 228 226 227 228 228 229 230 230 228 229 229 229 229 229 230 230 229 229 230 231 231 232 231 231 231 230 230 229 229 229 228 227 229 220 231 246 245 249 251 252 252 252 253 253 254 254 253
-9999 -9999 -9999 -9999 -9999 -9999 -9999 -9999 -9999 -9999 -9999 -9999 -9999 -9999 -9999 -9999 -9999 -9999 -9999 -9999 -9999 -9999 -9999 -9999 -9999 -9999 -9999 -9999 -9999 -9999 -9999 235 233 229 219 219 218 226 226 227 227 228 228 230 229 228 228 229 230 230 230 231 230 230 230 230 231 232 231 231 231 230 230 230 229 229 228 227 224 225 215 212 222 235 246 248 250 250 251 252 252 253 253 252
-9999 -9999 -9999 -9999 -9999 -9999 -9999 -9999 -9999 -9999 -9999 -9999 -9999 -9999 -9999 -9999 -9999 -9999 -9999 -9999 -9999 -9999 -9999 -9999 -9999 -9999 -9999 -9999 -9999 -9999 235 233 225 218 218 220 221 225 225 226 226 226 228 229 228 227 228 229 229 230 231 231 231 230 230 231 231 232 231 230 230 229 230 229 229 228 228 227 226 215 210 195 224 226 234 241 246 248 245 249 251 252 252 251
-9999 -9999 -9999 -9999 -9999 -9999 -9999 -9999 -9999 -9999 -9999 -9999 -9999 -9999 -9999 -9999 -9999 -9999 -9999 -9999 -9999 -9999 -9999 -9999 -9999 -9999 -9999 -9999 -9999 -9999 234 231 218 218 218 222 223 222 224 225 226 227 228 227 228 228 228 228 230 230 232 232 231 230 230 231 232 232 231 230 229 228 229 229 228 228 227 226 226 219 208 197 213 222 226 235 240 239 244 246 248 251 251 248
-9999 -9999 -9999 -9999 -9999 -9999 -9999 -9999 -9999 -9999 -9999 -9999 -9999 -9999 -9999 -9999 -9999 -9999 -9999 -9999 -9999 -9999 -9999 -9999 -9999 -9999 -9999 -9999 -9999 -9999 233 222 218 218 218 219 222 224 225 226 227 226 227 227 228 228 228 229 230 231 231 233 232 230 231 232 233 233 232 230 230 228 228 228 228 227 227 226 225 220 204 188 194 206 226 226 233 227 232 239 241 250 250 249
-9999 -9999 -9999 -9999 -9999 -9999 -9999 -9999 -9999 -9999 -9999 -9999 -9999 -9999 -9999 -9999 -9999 -9999 -9999 -9999 -9999 -9999 -9999 -9999 -9999 -9999 -9999 -9999 -9999 232 227 218 218 218 218 218 218 218 225 226 226 225 226 226 228 229 230 229 230 231 232 233 233 232 232 232 233 233 232 231 229 229 227 227 227 227 228 225 224 217 203 186 180 180 210 219 220 218 212 222 229 247 249 246
-9999 -9999 -9999 -9999 -9999 -9999 -9999 -9999 -9999 -9999 -9999 -9999 -9999 -9999 -9999 -9999 -9999 -9999 -9999 -9999 -9999 -9999 -9999 -9999 -9999 -9999 -9999 -9999 -9999 234 226 219 221 225 221 218 218 218 224 225 225 225 226 226 228 229 230 230 231 231 232 233 234 233 233 234 234 232 231 230 229 228 226 227 227 228 228 226 219 215 204 192 174 178 193 204 204 188 203 223 236 247 248 244
-9999 -9999 -9999 -9999 -9999 -9999 -9999 -9999 -9999 -9999 -9999 -9999 -9999 -9999 -9999 -9999 -9999 -9999 -9999 -9999 -9999 -9999 -9999 -9999 -9999 -9999 -9999 -9999 -9999 231 229 220 225 226 224 220 219 221 223 223 225 225 225 225 228 229 229 230 231 232 232 232 233 234 234 234 233 232 231 230 229 228 226 227 228 229 228 226 218 214 205 197 183 179 181 193 181 174 190 209 226 243 247 247
-9999 -9999 -9999 -9999 -9999 -9999 -9999 -9999 -9999 -9999 -9999 -9999 -9999 -9999 -9999 -9999 -9999 -9999 -9999 -9999 -9999 -9999 -9999 -9999 -9999 -9999 -9999 -9999 232 227 220 218 226 227 227 222 219 222 220 219 218 224 226 227 227 228 229 230 231 232 233 233 234 235 235 233 232 231 230 230 229 229 228 227 229 229 229 227 223 213 213 202 194 178 166 155 170 179 190 214 229 242 247 248
-9999 -9999 -9999 -9999 -9999 -9999 -9999 -9999 -9999 -9999 -9999 -9999 -9999 -9999 -9999 -9999 -9999 -9999 -9999 -9999 -9999 -9999 -9999 -9999 -9999 -9999 -9999 -9999 233 220 220 219 224 226 228 227 228 227 228 225 229 219 224 224 226 227 229 230 231 232 233 233 234 235 234 233 232 231 231 231 230 230 229 228 229 230 229 226 224 217 211 201 195 188 182 187 187 200 193 217 229 246 247 248
-9999 -9999 -9999 -9999 -9999 -9999 -9999 -9999 -9999 -9999 -9999 -9999 -9999 -9999 -9999 -9999 -9999 -9999 -9999 -9999 -9999 -9999 -9999 -9999 -9999 -9999 -9999 -9999 232 218 221 223 226 226 228 229 230 230 230 230 231 228 222 224 224 227 229 230 231 232 234 233 234 236 235 233 233 232 232 232 232 232 230 229 229 231 229 227 223 218 209 208 200 192 196 201 208 213 209 220 222 245 248 249
-9999 -9999 -9999 -9999 -9999 -9999 -9999 -9999 -9999 -9999 -9999 -9999 -9999 -9999 -9999 -9999 -9999 -9999 -9999 -9999 -9999 -9999 -9999 -9999 -9999 -9999 -9999 -9999 231 218 222 225 225 225 229 229 230 231 232 232 232 231 231 231 227 226 228 230 231 232 233 235 235 236 235 234 234 233 233 234 233 232 231 230 230 231 231 230 228 226 217 215 211 208 208 208 214 221 222 236 247 247 248 249
-9999 -9999 -9999 -9999 -9999 -9999 -9999 -9999 -9999 -9999 -9999 -9999 -9999 -9999 -9999 -9999 -9999 -9999 -9999 -9999 -9999 -9999 -9999 -9999 -9999 -9999 -9999 -9999 231 223 226 227 227 226 228 229 230 231 231 232 233 231 232 232 231 231 227 229 228 230 233 234 235 236 236 235 234 234 234 235 234 233 231 231 231 232 232 230 229 227 226 220 222 217 219 220 223 230 236 242 245 247 248 249
-9999 -9999 -9999 -9999 -9999 -9999 -9999 -9999 -9999 -9999 -9999 -9999 -9999 -9999 -9999 -9999 -9999 -9999 -9999 -9999 -9999 -9999 -9999 -9999 -9999 -9999 -9999 230 229 218 225 227 227 227 228 229 230 230 231 232 233 232 233 233 233 232 232 229 223 231 232 233 235 236 237 236 235 236 235 236 235 234 233 232 232 232 233 231 230 229 228 227 225 226 227 227 232 236 230 243 231 232 246 247
-9999 -9999 -9999 -9999 -9999 -9999 -9999 -9999 -9999 -9999 -9999 -9999 -9999 -9999 -9999 -9999 -9999 -9999 -9999 -9999 -9999 -9999 -9999 -9999 -9999 -9999 -9999 231 228 218 226 227 228 228 228 228 229 230 231 232 233 234 234 234 234 234 233 231 226 228 228 228 235 237 238 235 236 237 237 238 237 235 234 233 234 233 234 233 231 231 230 229 228 229 229 228 215 208 217 231 236 227 245 245
-9999 -9999 -9999 -9999 -9999 -9999 -9999 -9999 -9999 -9999 -9999 -9999 -9999 -9999 -9999 -9999 -9999 -9999 -9999 -9999 -9999 -9999 -9999 -9999 -9999 -9999 -9999 229 228 221 225 227 228 228 229 229 230 231 231 232 232 233 234 235 235 235 234 233 223 230 233 233 235 237 238 237 236 237 238 239 238 237 235 234 235 235 235 234 233 232 231 230 230 230 230 230 221 209 217 237 239 233 242 245
-9999 -9999 -9999 -9999 -9999 -9999 -9999 -9999 -9999 -9999 -9999 -9999 -9999 -9999 -9999 -9999 -9999 -9999 -9999 -9999 -9999 -9999 -9999 -9999 -9999 -9999 -9999 229 226 225 226 227 228 229 229 229 229 230 231 231 233 234 235 234 235 236 235 234 228 232 234 235 236 238 239 237 237 239 239 240 238 238 236 236 236 235 235 235 234 233 233 232 232 232 232 229 213 211 214 228 239 240 243 245
-9999 -9999 -9999 -9999 -9999 -9999 -9999 -9999 -9999 -9999 -9999 -9999 -9999 -9999 -9999 -9999 -9999 -9999 -9999 -9999 -9999 -9999 -9999 -9999 -9999 -9999 -9999 -9999 225 227 227 228 228 229 230 230 229 229 231 232 233 235 235 235 235 237 236 234 228 226 233 235 235 237 240 238 239 239 240 241 240 238 238 237 237 237 235 235 234 235 235 233 233 234 233 233 223 214 221 221 239 242 244 245
-9999 -9999 -9999 -9999 -9999 -9999 -9999 -9999 -9999 -9999 -9999 -9999 -9999 -9999 -9999 -9999 -9999 -9999 -9999 -9999 -9999 -9999 -9999 -9999 -9999 -9999 -9999 -9999 227 227 228 228 229 230 231 230 230 230 228 233 234 235 236 236 236 237 236 233 225 229 232 234 235 237 239 241 241 241 241 242 241 240 239 238 238 237 237 236 236 236 236 235 234 235 235 234 231 223 230 239 241 242 243 245
-9999 -9999 -9999 -9999 -9999 -9999 -9999 -9999 -9999 -9999 -9999 -9999 -9999 -9999 -9999 -9999 -9999 -9999 -9999 -9999 -9999 -9999 -9999 -9999 -9999 -9999 -9999 226 227 227 228 230 229 231 231 231 232 231 231 232 234 235 236 237 237 238 236 235 236 234 229 233 235 236 238 238 238 241 242 243 242 240 241 239 237 237 238 237 238 237 237 237 237 237 236 236 236 237 237 238 231 239 240 243
-9999 -9999 -9999 -9999 -9999 -9999 -9999 -9999 -9999 -9999 -9999 -9999 -9999 -9999 -9999 -9999 -9999 -9999 -9999 -9999 -9999 -9999 -9999 -9999 -9999 -9999 -9999 -9999 226 227 229 230 230 230 231 232 232 232 231 232 233 234 235 236 237 238 238 236 237 237 234 233 236 237 237 238 239 241 242 243 242 241 240 239 238 238 239 239 238 238 238 238 238 237 237 237 238 237 237 223 222 237 237 242
-9999 -9999 -9999 -9999 -9999 -9999 -9999 -9999 -9999 -9999 -9999 -9999 -9999 -9999 -9999 -9999 -9999 -9999 -9999 -9999 -9999 -9999 -9999 -9999 -9999 -9999 -9999 -9999 225 228 230 231 230 231 232 233 233 231 231 233 234 235 236 237 237 238 239 239 239 237 233 237 236 237 239 240 240 241 242 243 243 242 241 239 238 239 239 240 239 239 239 239 239 238 238 238 237 236 234 222 224 240 242 242
-9999 -9999 -9999 -9999 -9999 -9999 -9999 -9999 -9999 -9999 -9999 -9999 -9999 -9999 -9999 -9999 -9999 -9999 -9999 -9999 -9999 -9999 -9999 -9999 -9999 -9999 -9999 -9999 225 228 229 231 231 231 233 233 234 232 232 232 234 235 236 236 237 237 238 240 240 239 240 238 236 237 239 240 241 242 242 244 243 242 240 239 239 238 239 240 240 240 240 240 239 239 236 236 236 235 233 224 219 238 243 245
-9999 -9999 -9999 -9999 -9999 -9999 -9999 -9999 -9999 -9999 -9999 -9999 -9999 -9999 -9999 -9999 -9999 -9999 -9999 -9999 -9999 -9999 -9999 -9999 -9999 217 221 222 221 229 230 231 231 232 233 234 234 234 233 234 234 234 234 235 236 236 238 238 240 241 240 240 235 239 240 241 242 243 243 244 244 241 240 240 240 239 239 240 241 241 240 241 240 239 235 235 233 225 229 227 215 243 244 246
-9999 -9999 -9999 -9999 -9999 -9999 -9999 -9999 -9999 -9999 -9999 -9999 -9999 -9999 -9999 -9999 -9999 -9999 -9999 -9999 -9999 -9999 -9999 -9999 -9999 217 220 223 223 229 230 230 232 233 234 234 235 235 234 235 234 236 235 235 236 236 237 237 239 241 241 240 240 241 241 243 243 244 244 245 244 243 241 242 241 240 239 240 241 242 242 241 241 239 238 233 231 229 217 216 207 242 244 247
-9999 -9999 -9999 -9999 -9999 -9999 -9999 -9999 -9999 -9999 -9999 -9999 -9999 -9999 -9999 -9999 -9999 -9999 -9999 -9999 -9999 -9999 -9999 -9999 -9999 214 221 223 227 229 230 232 231 232 233 235 236 237 236 236 236 236 237 236 237 237 238 239 240 242 242 241 241 242 243 243 244 245 245 246 245 243 242 242 242 241 239 240 242 242 242 242 241 240 239 233 232 215 207 212 212 231 243 247
-9999 -9999 -9999 -9999 -9999 -9999 -9999 -9999 -9999 -9999 -9999 -9999 -9999 -9999 -9999 -9999 -9999 -9999 -9999 -9999 -9999 -9999 -9999 -9999 -9999 -9999 223 226 226 228 231 233 231 232 233 234 235 236 238 239 237 238 239 237 237 238 238 239 240 241 243 243 243 242 243 244 244 245 247 245 244 244 242 243 243 243 241 240 241 243 243 243 242 241 240 238 233 228 212 218 212 227 244 245
-9999 -9999 -9999 -9999 -9999 -9999 -9999 -9999 -9999 -9999 -9999 -9999 -9999 -9999 -9999 -9999 -9999 -9999 -9999 -9999 -9999 -9999 -9999 -9999 -9999 211 218 225 225 229 231 233 234 232 233 236 237 236 238 239 240 239 240 239 237 238 239 240 241 242 243 244 244 244 243 244 246 247 247 246 245 244 243 244 245 243 242 240 241 243 243 243 243 242 241 239 232 229 218 227 217 229 241 245
-9999 -9999 -9999 -9999 -9999 -9999 -9999 -9999 -9999 -9999 -9999 -9999 -9999 -9999 -9999 -9999 -9999 -9999 -9999 -9999 -9999 -9999 -9999 -9999 214 213 220 224 229 231 232 234 236 236 235 237 238 240 -9999 -9999 -9999 -9999 241 240 238 238 239 240 239 241 242 243 244 245 245 245 246 247 248 247 245 245 244 244 245 245 243 242 242 243 243 244 243 242 242 240 232 231 226 232 226 227 244 246
-9999 -9999 -9999 -9999 -9999 -9999 -9999 -9999 -9999 -9999 -9999 -9999 -9999 -9999 -9999 -9999 -9999 -9999 -9999 -9999 -9999 -9999 -9999 -9999 216 216 221 223 227 233 234 235 236 238 239 239 -9999 -9999 -9999 -9999 -9999 -9999 -9999 242 240 240 239 239 239 241 242 243 244 246 247 246 247 248 249 248 247 246 246 245 246 245 244 243 243 244 244 244 245 243 243 242 232 236 235 240 237 233 239 247
-9999 -9999 -9999 -9999 -9999 -9999 -9999 -9999 -9999 -9999 -9999 -9999 -9999 -9999 -9999 -9999 -9999 -9999 -9999 -9999 -9999 -9999 -9999 -9999 219 227 227 221 229 236 234 238 239 -9999 -9999 -9999 -9999 -9999 -9999 -9999 -9999 -9999 -9999 -9999 241 241 242 241 240 241 241 242 244 245 246 248 249 251 250 250 247 247 247 246 247 246 244 243 244 244 245 245 245 245 244 244 242 240 243 243 242 241 246 248
-9999 -9999 -9999 -9999 -9999 -9999 -9999 -9999 -9999 -9999 -9999 -9999 -9999 -9999 -9999 -9999 -9999 -9999 -9999 -9999 -9999 -9999 -9999 -9999 222 220 230 228 232 237 -9999 -9999 -9999 -9999 -9999 -9999 -9999 -9999 -9999 -9999 -9999 -9999 -9999 -9999 -9999 -9999 243 242 241 242 243 243 244 244 247 248 250 250 249 250 249 248 248 247 246 246 246 245 244 244 245 245 245 245 245 245 245 246 245 245 245 245 247 248
-9999 -9999 -9999 -9999 -9999 -9999 -9999 -9999 -9999 -9999 -9999 -9999 -9999 -9999 -9999 -9999 -9999 -9999 -9999 -9999 -9999 -9999 -9999 -9999 232 235 236 -9999 -9999 -9999 -9999 -9999 -9999 -9999 -9999 -9999 -9999 -9999 -9999 -9999 -9999 -9999 -9999 -9999 -9999 -9999 -9999 -9999 242 243 245 246 246 245 247 249 249 247 248 249 250 250 249 248 248 247 246 246 244 244 245 245 245 246 246 246 246 246 246 246 246 245 244 247
