invasiveSpecies/multiSpecies/data/worldclim_KE/worldclim_KE_2050_BC85_Bio16.asc
ncols         347
nrows         295
xllcorner     36.068012264173
yllcorner     0.13039239511974
cellsize      0.0083333333333333
NODATA_value  -9999
[rows 37 to 73 of 295, columns 168 to 251 of 347]
-9999 -9999 -9999 -9999 -9999 -9999 -9999 -9999 -9999 -9999 -9999 -9999 -9999 -9999 -9999 -9999 -9999 -9999 -9999 -9999 -9999 -9999 -9999 -9999 -9999 -9999 -9999 -9999 -9999 -9999 -9999 -9999 -9999 -9999 -9999 -9999 299 303 307 312 314 316 294 270 334 337 345 349 365 374 386 398 -9999 -9999 -9999 -9999 -9999 -9999 -9999 -9999 -9999 -9999 -9999 -9999 -9999 -9999 -9999 -9999 367 358 350 344 334 327 318 310 305 303 296 289 285 280 278 276
-9999 -9999 -9999 -9999 -9999 -9999 -9999 -9999 -9999 -9999 -9999 -9999 -9999 -9999 -9999 -9999 -9999 -9999 -9999 -9999 -9999 -9999 -9999 -9999 -9999 -9999 -9999 -9999 -9999 -9999 -9999 -9999 -9999 -9999 -9999 -9999 299 306 307 314 319 320 327 311 341 344 357 360 370 380 384 395 412 -9999 -9999 -9999 -9999 -9999 -9999 -9999 -9999 -9999 -9999 -9999 -9999 -9999 -9999 367 360 350 344 338 329 319 311 303 299 297 288 286 281 278 278 274
-9999 -9999 -9999 -9999 -9999 -9999 -9999 -9999 -9999 -9999 -9999 -9999 -9999 -9999 -9999 -9999 -9999 -9999 -9999 -9999 -9999 -9999 -9999 -9999 -9999 -9999 -9999 -9999 -9999 -9999 -9999 -9999 -9999 -9999 -9999 297 300 306 309 316 320 321 327 335 343 354 358 364 380 386 388 396 429 438 446 -9999 -9999 -9999 -9999 -9999 -9999 -9999 -9999 -9999 -9999 -9999 -9999 362 351 344 342 334 327 312 305 300 296 290 286 285 281 278 273 271
-9999 -9999 -9999 -9999 -9999 -9999 -9999 -9999 -9999 -9999 -9999 -9999 -9999 -9999 -9999 -9999 -9999 -9999 -9999 -9999 -9999 -9999 -9999 -9999 -9999 -9999 -9999 -9999 -9999 -9999 -9999 -9999 -9999 -9999 -9999 -9999 300 307 311 315 319 323 328 335 346 357 361 368 389 388 400 407 425 432 446 442 444 -9999 -9999 -9999 -9999 -9999 -9999 -9999 -9999 358 356 354 350 341 338 338 327 305 299 297 291 288 285 281 278 276 272 270
-9999 -9999 -9999 -9999 -9999 -9999 -9999 -9999 -9999 -9999 -9999 -9999 -9999 -9999 -9999 -9999 -9999 -9999 -9999 -9999 -9999 -9999 -9999 -9999 -9999 -9999 -9999 -9999 -9999 -9999 -9999 -9999 -9999 -9999 -9999 -9999 299 306 309 315 322 325 329 340 351 359 363 370 375 388 395 402 421 425 417 415 424 -9999 -9999 -9999 -9999 -9999 -9999 -9999 358 355 350 346 349 339 329 324 305 300 294 293 287 285 281 281 278 274 270 266
-9999 -9999 -9999 -9999 -9999 -9999 -9999 -9999 -9999 -9999 -9999 -9999 -9999 -9999 -9999 -9999 -9999 -9999 -9999 -9999 -9999 -9999 -9999 -9999 -9999 -9999 -9999 -9999 -9999 -9999 -9999 -9999 -9999 -9999 -9999 -9999 299 304 309 316 325 327 335 345 345 360 366 367 369 382 390 397 398 402 400 402 410 -9999 -9999 -9999 -9999 -9999 -9999 -9999 348 350 351 338 338 326 319 311 300 293 291 287 285 281 279 276 274 270 262 262
-9999 -9999 -9999 -9999 -9999 -9999 -9999 -9999 -9999 -9999 -9999 -9999 -9999 -9999 -9999 -9999 -9999 -9999 -9999 -9999 -9999 -9999 -9999 -9999 -9999 -9999 -9999 -9999 -9999 -9999 -9999 -9999 -9999 -9999 -9999 -9999 299 305 311 322 328 329 335 340 346 351 363 368 366 383 389 390 393 397 396 389 382 -9999 -9999 -9999 -9999 -9999 352 349 341 338 346 335 324 317 308 304 297 292 285 284 284 278 275 270 266 262 259 261
-9999 -9999 -9999 -9999 -9999 -9999 -9999 -9999 -9999 -9999 -9999 -9999 -9999 -9999 -9999 -9999 -9999 -9999 -9999 -9999 -9999 -9999 -9999 -9999 -9999 -9999 -9999 -9999 -9999 -9999 -9999 -9999 -9999 -9999 -9999 -9999 300 306 310 317 328 330 336 337 342 350 351 363 362 379 378 376 389 380 388 386 380 369 364 360 358 350 342 338 335 331 332 331 317 312 302 297 290 291 285 283 281 278 274 265 262 260 259 257
-9999 -9999 -9999 -9999 -9999 -9999 -9999 -9999 -9999 -9999 -9999 -9999 -9999 -9999 -9999 -9999 -9999 -9999 -9999 -9999 -9999 -9999 -9999 -9999 -9999 -9999 -9999 -9999 -9999 -9999 -9999 -9999 -9999 -9999 -9999 -9999 299 306 310 313 325 335 335 337 343 346 351 353 360 370 371 370 372 372 359 309 357 361 357 352 349 346 336 333 326 322 320 317 309 308 302 293 288 285 285 281 280 278 272 266 262 261 257 254
-9999 -9999 -9999 -9999 -9999 -9999 -9999 -9999 -9999 -9999 -9999 -9999 -9999 -9999 -9999 -9999 -9999 -9999 -9999 -9999 -9999 -9999 -9999 -9999 -9999 -9999 -9999 -9999 -9999 -9999 -9999 -9999 -9999 -9999 -9999 293 299 304 308 315 322 329 335 338 345 349 351 353 356 363 367 368 367 365 312 309 342 353 350 342 337 338 331 327 321 315 315 313 304 300 297 292 286 281 285 282 278 275 271 268 262 256 255 250
-9999 -9999 -9999 -9999 -9999 -9999 -9999 -9999 -9999 -9999 -9999 -9999 -9999 -9999 -9999 -9999 -9999 -9999 -9999 -9999 -9999 -9999 -9999 -9999 -9999 -9999 -9999 -9999 -9999 -9999 -9999 -9999 -9999 -9999 -9999 291 293 300 306 312 317 329 331 338 342 346 349 353 353 362 369 367 361 357 349 345 350 342 342 335 328 326 323 316 311 308 304 304 300 294 290 288 281 278 273 273 272 270 264 259 256 254 253 250
-9999 -9999 -9999 -9999 -9999 -9999 -9999 -9999 -9999 -9999 -9999 -9999 -9999 -9999 -9999 -9999 -9999 -9999 -9999 -9999 -9999 -9999 -9999 -9999 -9999 -9999 -9999 -9999 -9999 -9999 -9999 -9999 -9999 -9999 -9999 286 258 258 308 313 318 325 331 336 338 343 351 349 351 355 360 357 354 349 345 345 339 335 332 330 330 323 316 308 304 306 301 297 292 290 285 281 278 273 271 268 265 263 260 254 255 254 250 247
-9999 -9999 -9999 -9999 -9999 -9999 -9999 -9999 -9999 -9999 -9999 -9999 -9999 -9999 -9999 -9999 -9999 -9999 -9999 -9999 -9999 -9999 -9999 -9999 -9999 -9999 -9999 -9999 -9999 -9999 -9999 -9999 -9999 -9999 -9999 286 276 290 308 313 316 323 329 335 339 341 344 346 351 349 349 345 341 342 340 338 335 330 328 325 323 321 311 304 301 292 291 290 286 286 280 281 273 272 271 265 261 258 257 254 253 252 248 246
-9999 -9999 -9999 -9999 -9999 -9999 -9999 -9999 -9999 -9999 -9999 -9999 -9999 -9999 -9999 -9999 -9999 -9999 -9999 -9999 -9999 -9999 -9999 -9999 -9999 -9999 -9999 -9999 -9999 -9999 -9999 -9999 -9999 -9999 -9999 289 293 299 305 310 314 322 324 330 339 339 346 346 349 341 344 335 335 333 331 326 328 320 322 319 317 316 308 300 291 279 288 284 280 283 279 278 272 267 265 262 258 254 253 250 250 246 246 246
-9999 -9999 -9999 -9999 -9999 -9999 -9999 -9999 -9999 -9999 -9999 -9999 -9999 -9999 -9999 -9999 -9999 -9999 -9999 -9999 -9999 -9999 -9999 -9999 -9999 -9999 -9999 -9999 -9999 -9999 -9999 -9999 -9999 -9999 -9999 290 293 298 306 308 315 315 321 329 331 331 340 345 340 338 330 329 329 326 329 324 323 319 316 313 313 303 302 297 290 277 285 282 278 278 276 274 272 266 262 259 262 255 251 249 246 243 243 243
-9999 -9999 -9999 -9999 -9999 -9999 -9999 -9999 -9999 -9999 -9999 -9999 -9999 -9999 -9999 -9999 -9999 -9999 -9999 -9999 -9999 -9999 -9999 -9999 -9999 -9999 -9999 -9999 -9999 -9999 -9999 -9999 -9999 -9999 -9999 290 293 297 303 306 311 315 315 321 325 331 339 337 335 332 325 322 325 322 324 320 316 313 312 310 300 298 296 293 290 278 281 277 274 273 273 272 271 263 261 256 253 252 250 247 243 241 238 238
-9999 -9999 -9999 -9999 -9999 -9999 -9999 -9999 -9999 -9999 -9999 -9999 -9999 -9999 -9999 -9999 -9999 -9999 -9999 -9999 -9999 -9999 -9999 -9999 -9999 -9999 -9999 -9999 -9999 -9999 -9999 -9999 -9999 -9999 -9999 290 291 297 299 303 307 309 312 317 321 325 336 327 326 323 321 317 316 317 317 313 312 310 304 300 291 292 285 290 283 281 270 274 273 272 268 271 267 266 258 255 252 242 246 244 242 237 237 235
-9999 -9999 -9999 -9999 -9999 -9999 -9999 -9999 -9999 -9999 -9999 -9999 -9999 -9999 -9999 -9999 -9999 -9999 -9999 -9999 -9999 -9999 -9999 -9999 -9999 -9999 -9999 -9999 -9999 -9999 -9999 -9999 -9999 -9999 -9999 289 290 294 298 301 303 305 307 312 321 321 321 321 318 318 314 307 311 307 305 308 308 303 300 296 291 292 281 281 283 278 273 271 268 268 266 266 265 261 258 251 248 242 237 242 240 235 235 233
-9999 -9999 -9999 -9999 -9999 -9999 -9999 -9999 -9999 -9999 -9999 -9999 -9999 -9999 -9999 -9999 -9999 -9999 -9999 -9999 -9999 -9999 -9999 -9999 -9999 -9999 -9999 -9999 -9999 -9999 -9999 -9999 -9999 -9999 -9999 289 287 292 294 296 301 300 305 308 313 313 313 311 310 311 307 303 302 300 301 298 299 300 297 292 289 283 282 278 277 274 271 270 266 262 259 262 261 259 255 250 248 247 246 233 234 233 233 231
-9999 -9999 -9999 -9999 -9999 -9999 -9999 -9999 -9999 -9999 -9999 -9999 -9999 -9999 -9999 -9999 -9999 -9999 -9999 -9999 -9999 -9999 -9999 -9999 -9999 -9999 -9999 -9999 -9999 -9999 -9999 -9999 -9999 -9999 -9999 290 285 291 291 294 298 299 302 303 306 308 309 306 304 305 302 300 296 293 295 295 295 293 293 284 283 274 254 275 273 273 266 264 264 245 256 257 257 253 249 246 246 246 246 235 231 231 230 229
-9999 -9999 -9999 -9999 -9999 -9999 -9999 -9999 -9999 -9999 -9999 -9999 -9999 -9999 -9999 -9999 -9999 -9999 -9999 -9999 -9999 -9999 -9999 -9999 -9999 -9999 -9999 -9999 -9999 -9999 -9999 -9999 -9999 -9999 279 281 283 285 290 291 292 296 299 300 303 306 305 301 301 302 301 298 296 294 283 289 290 289 287 283 281 279 275 273 270 265 270 257 251 252 239 246 250 248 246 244 240 241 241 233 232 228 229 228
-9999 -9999 -9999 -9999 -9999 -9999 -9999 -9999 -9999 -9999 -9999 -9999 -9999 -9999 -9999 -9999 -9999 -9999 -9999 -9999 -9999 -9999 -9999 -9999 -9999 -9999 -9999 -9999 -9999 -9999 -9999 -9999 -9999 -9999 275 274 277 279 287 290 291 292 297 297 300 298 295 294 296 299 300 297 294 286 287 276 280 283 283 280 281 276 274 272 270 270 245 257 238 249 243 239 243 248 245 242 239 235 234 233 231 229 228 227
-9999 -9999 -9999 -9999 -9999 -9999 -9999 -9999 -9999 -9999 -9999 -9999 -9999 -9999 -9999 -9999 -9999 -9999 -9999 -9999 -9999 -9999 -9999 -9999 -9999 -9999 -9999 -9999 -9999 -9999 -9999 -9999 -9999 -9999 267 270 274 277 280 285 287 291 292 292 292 290 290 292 294 294 294 293 289 280 276 276 276 277 278 276 276 274 272 270 269 260 251 233 232 234 232 234 245 243 244 241 235 233 232 232 230 229 228 225
-9999 -9999 -9999 -9999 -9999 -9999 -9999 -9999 -9999 -9999 -9999 -9999 -9999 -9999 -9999 -9999 -9999 -9999 -9999 -9999 -9999 -9999 -9999 -9999 -9999 -9999 -9999 -9999 -9999 -9999 -9999 -9999 -9999 -9999 262 263 269 273 275 277 283 287 287 290 287 285 284 285 288 288 286 285 287 279 275 271 275 271 272 273 272 273 270 268 269 265 258 238 233 230 230 232 234 239 232 237 235 233 229 229 229 228 228 226
-9999 -9999 -9999 -9999 -9999 -9999 -9999 -9999 -9999 -9999 -9999 -9999 -9999 -9999 -9999 -9999 -9999 -9999 -9999 -9999 -9999 -9999 -9999 -9999 -9999 -9999 -9999 -9999 -9999 -9999 -9999 -9999 -9999 261 260 261 265 270 273 276 280 284 284 284 286 282 282 280 282 282 278 281 279 276 269 273 273 264 269 272 269 270 269 266 251 260 240 233 231 228 228 228 228 242 233 231 234 234 231 228 225 225 225 225
-9999 -9999 -9999 -9999 -9999 -9999 -9999 -9999 -9999 -9999 -9999 -9999 -9999 -9999 -9999 -9999 -9999 -9999 -9999 -9999 -9999 -9999 -9999 -9999 -9999 -9999 -9999 -9999 -9999 -9999 -9999 -9999 -9999 255 257 260 261 265 265 272 277 278 278 280 278 278 277 273 278 278 275 275 276 270 268 263 264 258 258 270 269 265 265 265 238 234 233 229 227 227 227 227 227 228 228 229 229 230 229 228 225 225 222 222
-9999 -9999 -9999 -9999 -9999 -9999 -9999 -9999 -9999 -9999 -9999 -9999 -9999 -9999 -9999 -9999 -9999 -9999 -9999 -9999 -9999 -9999 -9999 -9999 -9999 -9999 -9999 -9999 -9999 -9999 -9999 -9999 -9999 251 256 258 257 259 258 265 269 272 272 273 273 275 273 268 269 273 272 270 272 254 262 263 255 258 244 261 259 242 239 226 226 228 227 227 226 226 227 227 227 227 228 228 229 229 228 227 225 222 221 220
-9999 -9999 -9999 -9999 -9999 -9999 -9999 -9999 -9999 -9999 -9999 -9999 -9999 -9999 -9999 -9999 -9999 -9999 -9999 -9999 -9999 -9999 -9999 -9999 -9999 -9999 -9999 -9999 -9999 -9999 -9999 -9999 -9999 250 250 252 256 257 254 257 261 263 262 269 268 270 268 260 264 266 266 260 261 250 251 254 249 254 254 255 239 230 226 226 225 225 225 223 226 226 226 226 226 227 227 234 234 233 229 227 225 223 221 219
-9999 -9999 -9999 -9999 -9999 -9999 -9999 -9999 -9999 -9999 -9999 -9999 -9999 -9999 -9999 -9999 -9999 -9999 -9999 -9999 -9999 -9999 -9999 -9999 -9999 -9999 -9999 -9999 -9999 -9999 -9999 -9999 -9999 247 245 248 248 248 248 251 257 258 260 259 259 259 259 260 259 260 261 248 256 256 254 248 244 248 245 236 229 227 226 225 225 222 222 223 223 223 223 224 225 225 226 240 235 234 229 227 223 221 220 221
-9999 -9999 -9999 -9999 -9999 -9999 -9999 -9999 -9999 -9999 -9999 -9999 -9999 -9999 -9999 -9999 -9999 -9999 -9999 -9999 -9999 -9999 -9999 -9999 -9999 -9999 -9999 -9999 -9999 -9999 -9999 -9999 -9999 245 243 243 246 244 245 248 251 254 255 256 254 254 251 252 253 255 253 242 249 249 249 246 242 242 241 236 228 226 225 224 223 222 222 222 223 223 223 223 223 224 227 243 238 235 229 225 223 219 219 217
-9999 -9999 -9999 -9999 -9999 -9999 -9999 -9999 -9999 -9999 -9999 -9999 -9999 -9999 -9999 -9999 -9999 -9999 -9999 -9999 -9999 -9999 -9999 -9999 -9999 -9999 -9999 -9999 -9999 -9999 -9999 -9999 241 241 242 242 243 243 243 244 245 245 245 250 248 247 247 247 248 252 248 246 242 242 244 242 240 241 236 229 226 225 225 225 222 222 222 222 222 223 223 223 223 223 230 247 244 236 229 223 223 220 219 216
-9999 -9999 -9999 -9999 -9999 -9999 -9999 -9999 -9999 -9999 -9999 -9999 -9999 -9999 -9999 -9999 -9999 -9999 -9999 -9999 -9999 -9999 -9999 -9999 -9999 -9999 -9999 -9999 -9999 -9999 -9999 -9999 239 237 239 239 239 239 240 241 242 241 242 241 241 240 241 240 247 241 241 239 236 240 240 235 236 236 232 225 225 224 224 222 221 221 222 222 222 222 223 222 223 223 229 251 248 238 232 225 223 220 216 216
-9999 -9999 -9999 -9999 -9999 -9999 -9999 -9999 -9999 -9999 -9999 -9999 -9999 -9999 -9999 -9999 -9999 -9999 -9999 -9999 -9999 -9999 -9999 -9999 -9999 -9999 -9999 -9999 -9999 -9999 -9999 -9999 236 236 238 239 238 237 237 239 240 240 238 237 235 235 238 237 234 234 234 234 234 234 235 233 236 234 229 225 225 224 221 221 221 221 221 222 222 224 223 222 222 223 224 251 241 238 229 225 223 220 216 216
-9999 -9999 -9999 -9999 -9999 -9999 -9999 -9999 -9999 -9999 -9999 -9999 -9999 -9999 -9999 -9999 -9999 -9999 -9999 -9999 -9999 -9999 -9999 -9999 -9999 -9999 -9999 -9999 -9999 -9999 -9999 236 236 236 236 235 238 235 235 237 239 238 237 233 232 233 233 236 231 230 230 230 231 228 228 229 231 229 227 225 225 224 221 219 221 221 221 221 221 220 220 222 222 222 234 246 235 233 228 223 221 219 216 215
-9999 -9999 -9999 -9999 -9999 -9999 -9999 -9999 -9999 -9999 -9999 -9999 -9999 -9999 -9999 -9999 -9999 -9999 -9999 -9999 -9999 -9999 -9999 -9999 -9999 -9999 -9999 -9999 -9999 -9999 -9999 236 237 235 236 235 234 234 234 237 235 235 234 234 230 229 231 228 227 226 227 225 227 225 224 227 229 229 225 225 224 221 220 220 220 221 220 219 220 220 220 220 222 222 248 242 235 230 224 224 221 218 217 217
-9999 -9999 -9999 -9999 -9999 -9999 -9999 -9999 -9999 -9999 -9999 -9999 -9999 -9999 -9999 -9999 -9999 -9999 -9999 -9999 -9999 -9999 -9999 -9999 -9999 -9999 -9999 -9999 -9999 -9999 232 233 235 235 235 233 232 232 232 232 233 233 233 228 228 227 226 224 224 223 223 222 222 223 223 224 224 224 224 224 223 220 220 220 220 220 219 219 220 220 220 220 220 250 252 239 235 230 227 222 221 218 218 217
-9999 -9999 -9999 -9999 -9999 -9999 -9999 -9999 -9999 -9999 -9999 -9999 -9999 -9999 -9999 -9999 -9999 -9999 -9999 -9999 -9999 -9999 -9999 -9999 -9999 -9999 -9999 -9999 -9999 -9999 229 229 231 231 233 231 231 231 231 231 231 232 232 227 227 227 225 221 221 221 222 221 221 222 222 223 223 223 223 223 222 220 220 220 220 220 219 219 219 219 220 220 220 220 228 229 234 230 229 222 218 218 217 217
