invasiveSpecies/multiSpecies/data/worldclim_KE/worldclim_KE_2050_BC26_Bio4.asc
ncols         347
nrows         295
xllcorner     36.068012264173
yllcorner     0.13039239511974
cellsize      0.0083333333333333
NODATA_value  -9999
[rows 111 to 147 of 295, columns 168 to 251 of 347]
-9999 -9999 -9999 -9999 -9999 -9999 -9999 814 803 808 808 809 784 793 805 799 809 797 814 816 798 831 800 816 805 814 798 809 803 818 810 819 813 805 805 803 803 803 813 813 809 798 813 817 803 809 813 811 809 798 815 824 815 828 832 836 823 819 803 827 826 825 810 818 828 828 829 823 820 815 843 824 819 830 824 832 819 826 835 832 836 848 834 861
-9999 -9999 -9999 -9999 -9999 -9999 -9999 808 813 803 807 794 792 820 795 797 793 799 804 805 814 829 815 795 792 792 797 798 815 808 813 809 813 824 827 807 797 807 806 813 813 803 813 815 809 798 802 821 821 805 802 825 813 813 825 825 816 833 833 825 837 809 833 822 824 809 819 829 815 813 839 823 816 839 819 830 840 833 825 836 843 843 852 856
-9999 -9999 -9999 -9999 -9999 -9999 805 814 808 820 793 797 789 792 785 814 810 806 803 810 820 814 797 814 792 798 798 789 820 803 797 806 807 798 813 813 813 813 802 808 812 812 813 802 802 802 802 821 811 802 813 798 821 818 812 816 817 833 828 813 817 833 833 822 825 822 825 825 830 817 813 829 823 824 823 816 826 813 813 830 830 834 843 843
-9999 -9999 -9999 -9999 -9999 798 798 803 795 790 800 784 803 810 795 792 784 799 797 784 793 794 814 799 807 797 798 810 803 801 814 815 806 815 801 792 801 803 813 798 827 803 796 814 821 802 795 803 809 812 821 811 813 821 808 827 831 829 817 837 837 833 822 825 815 821 824 826 813 825 826 843 824 830 819 816 814 813 813 816 834 834 834 844
-9999 -9999 -9999 -9999 -9999 798 795 788 797 803 808 793 792 792 795 798 803 792 792 799 803 792 792 793 787 820 803 802 801 797 815 813 798 810 811 797 809 819 803 803 806 796 813 803 800 798 798 809 803 797 813 808 827 817 813 813 813 817 826 826 809 818 809 820 818 818 819 825 826 829 829 823 815 824 814 816 819 824 824 808 830 834 834 830
-9999 -9999 -9999 -9999 795 794 798 798 795 803 788 790 790 797 810 790 797 789 793 806 784 792 806 807 808 808 807 802 808 799 789 810 802 809 809 798 815 811 818 813 813 806 803 813 813 802 798 803 806 813 812 807 809 811 808 813 818 809 806 820 826 827 820 829 805 813 826 826 813 815 829 817 829 839 814 840 816 812 847 828 824 830 828 821
-9999 -9999 802 798 804 815 798 795 810 798 795 778 808 820 807 800 797 797 795 792 792 803 793 807 806 802 808 792 802 806 802 797 810 802 802 802 802 818 818 807 806 813 819 828 798 800 798 808 798 803 797 807 819 809 797 811 827 828 820 829 819 809 826 809 820 805 817 821 828 809 825 815 824 822 809 814 827 816 816 849 833 833 833 828
810 798 790 810 811 800 810 805 820 798 778 788 808 797 803 820 820 797 778 797 792 789 798 793 795 783 808 805 808 806 807 799 802 802 802 802 806 805 818 802 798 802 803 802 824 803 803 817 796 802 818 808 809 797 809 827 809 811 813 827 827 825 822 831 809 820 817 817 817 823 821 818 815 819 822 816 811 813 829 843 852 843 852 852
789 815 804 815 809 793 815 798 798 805 795 795 778 778 820 820 797 799 792 778 794 785 792 800 803 803 800 796 790 810 801 786 787 802 805 809 798 802 802 802 809 798 797 798 803 797 797 800 794 803 813 823 807 798 801 825 805 823 822 805 806 806 813 806 835 805 820 820 819 818 809 818 815 824 832 824 824 812 824 809 826 829 843 846
793 823 809 800 799 824 799 793 803 798 794 810 778 810 796 799 814 803 797 783 797 800 792 795 787 796 799 792 782 800 790 797 805 802 807 802 805 802 803 805 809 801 801 803 803 797 794 813 817 803 798 823 811 797 809 807 807 811 794 798 816 813 828 823 820 832 805 817 817 823 812 829 801 822 816 817 818 808 852 824 820 823 830 828
816 807 808 799 809 798 821 815 798 814 795 822 792 804 789 794 804 796 793 804 811 811 808 798 792 790 792 790 802 803 792 790 786 786 786 790 807 800 802 795 809 806 806 814 798 801 807 798 800 803 797 798 798 800 802 797 797 803 816 823 807 816 813 823 815 820 828 820 817 819 821 826 815 815 815 818 813 823 815 829 833 836 823 812
810 816 790 805 809 795 795 803 823 802 821 794 796 792 794 797 794 793 807 800 800 800 799 785 792 792 785 792 810 802 797 795 799 790 799 807 786 797 802 802 795 806 801 804 794 798 801 807 812 812 814 816 803 803 803 802 803 796 807 797 805 807 807 823 834 809 818 817 820 812 820 801 824 820 821 820 815 817 821 832 832 833 836 814
807 786 794 804 806 801 826 802 804 803 817 810 785 792 789 785 798 793 807 807 794 807 800 801 792 798 794 792 796 789 787 790 797 797 790 797 810 797 790 802 809 801 813 804 810 794 804 807 794 797 814 801 814 791 803 812 806 794 803 819 799 796 813 807 822 820 834 817 805 833 819 820 824 801 816 820 817 821 815 823 823 834 834 818
832 824 806 828 798 812 823 801 803 807 807 814 779 798 801 792 785 779 812 794 814 807 797 799 784 792 796 798 796 798 801 804 801 794 801 801 797 797 773 807 795 806 809 790 810 817 790 807 800 798 814 803 807 810 806 806 803 802 792 806 807 822 801 812 822 806 820 802 803 812 833 824 823 820 809 817 811 809 826 815 815 839 829 819
828 826 797 805 805 805 810 792 777 787 802 809 814 779 789 801 804 797 779 779 804 814 800 801 778 795 795 784 792 801 787 797 784 787 796 786 786 807 807 792 806 796 806 809 791 817 790 791 817 821 817 817 810 801 800 807 798 798 803 802 796 807 810 798 820 806 818 820 817 822 808 807 816 801 811 817 821 824 828 828 822 814 829 821
823 789 807 810 803 808 821 823 801 792 807 788 802 814 785 805 779 787 797 804 779 780 814 785 781 794 791 792 801 782 775 787 797 801 797 803 797 799 797 792 802 796 806 806 808 791 786 791 817 790 818 790 821 798 806 821 797 797 797 797 794 806 798 822 819 812 831 831 809 816 803 829 823 817 813 803 811 813 827 828 812 827 812 823
788 806 810 789 816 812 816 797 797 799 792 820 778 785 823 819 775 799 806 803 787 819 803 814 778 807 768 792 806 782 784 801 801 778 772 803 801 797 797 792 786 810 792 806 808 791 778 791 801 794 791 786 822 821 801 808 801 806 797 806 787 803 806 798 792 796 812 812 824 809 801 803 801 820 831 798 815 817 827 827 823 834 813 834
808 791 803 803 813 801 810 809 814 797 798 784 778 772 774 820 805 809 782 775 823 782 763 814 796 788 792 812 782 801 801 782 791 801 801 787 801 801 819 797 810 810 796 814 782 801 810 791 797 807 821 791 821 821 799 821 807 821 800 802 787 797 806 806 794 806 819 807 825 822 814 816 799 816 831 798 815 817 818 829 820 816 830 809
792 803 796 810 800 794 798 817 796 785 798 798 792 792 810 823 790 785 809 800 772 782 823 791 797 807 778 812 792 806 771 778 804 778 778 801 787 799 797 798 801 803 806 792 782 796 782 801 814 814 783 783 783 783 821 786 798 821 803 803 802 794 797 821 809 809 802 822 815 798 812 812 812 809 819 799 810 810 818 803 798 816 809 820
800 794 800 797 797 800 800 791 796 794 797 798 790 798 818 783 820 790 800 793 772 787 782 803 796 788 779 788 765 792 806 796 778 801 810 792 801 801 787 797 792 810 799 778 801 782 786 791 801 782 783 783 801 796 804 804 794 807 783 782 796 806 783 797 809 808 783 815 803 803 803 813 805 816 820 819 809 807 809 823 823 813 816 829
778 795 794 812 787 787 795 787 798 806 795 771 798 787 795 780 805 787 805 780 801 769 779 797 760 820 817 775 785 790 775 775 810 804 771 808 791 776 788 805 797 794 783 795 794 786 798 801 792 798 790 790 783 814 811 796 796 806 823 810 780 783 796 815 828 815 832 838 804 809 839 823 832 812 831 814 811 813 807 823 821 836 819 843
799 799 809 778 808 805 800 798 797 787 773 787 780 798 784 788 787 797 780 784 767 788 775 784 815 775 796 775 810 765 785 771 785 771 804 786 802 796 781 783 801 790 794 776 805 805 798 800 805 797 790 790 801 810 811 802 796 814 817 815 822 797 814 820 815 795 805 813 815 823 827 808 835 817 821 813 813 819 829 823 835 823 829 817
789 799 786 811 800 787 787 778 769 786 773 778 783 786 788 790 803 792 792 801 789 778 791 784 823 796 784 784 785 785 792 807 771 804 800 775 765 804 793 804 797 777 776 807 778 794 800 790 797 797 811 790 790 804 814 798 796 797 807 815 832 797 797 815 815 828 818 829 834 834 834 822 813 817 829 812 808 822 832 817 823 818 842 838
795 781 795 795 812 787 783 812 781 800 778 778 778 776 783 793 788 787 784 787 769 788 779 796 784 807 777 795 784 785 771 771 775 807 788 802 770 791 810 770 804 797 790 776 802 797 783 802 804 804 804 804 810 804 816 812 796 807 807 817 815 815 816 797 837 815 819 836 829 786 801 837 826 822 821 820 817 823 819 832 817 836 838 830
787 806 795 795 778 787 784 766 769 766 778 769 784 780 771 800 771 762 786 784 765 789 781 787 784 790 784 798 785 795 779 765 775 788 777 799 798 801 778 784 777 770 807 771 790 782 791 810 805 802 780 799 790 790 803 815 808 796 807 797 807 824 815 803 804 796 819 796 783 819 819 796 825 831 817 819 824 809 830 816 830 819 824 840
795 791 795 785 782 790 784 776 776 782 769 799 771 786 776 788 789 797 792 765 778 780 788 784 790 798 794 784 784 795 802 771 796 775 775 782 787 814 780 770 775 777 775 790 792 809 809 783 778 802 811 794 794 794 807 803 813 793 796 805 805 794 790 834 819 828 828 828 822 826 834 786 823 813 826 825 824 842 819 840 826 833 811 840
797 788 797 784 784 782 781 784 775 769 776 765 779 780 799 765 795 762 769 785 765 784 784 784 774 784 784 787 797 784 775 771 770 775 784 779 788 778 809 788 770 806 776 802 785 792 809 809 784 809 798 775 804 799 803 814 796 806 815 815 814 804 808 808 804 792 823 833 816 837 788 833 786 837 800 833 819 817 826 842 833 823 804 836
774 774 797 797 790 771 778 765 776 778 776 767 769 779 776 795 791 787 775 765 765 787 795 777 782 797 771 771 797 789 780 771 780 792 778 780 778 778 777 801 778 770 797 770 775 783 792 786 794 809 799 811 778 791 805 804 806 764 799 806 803 804 815 803 801 818 833 792 792 796 809 810 796 837 817 796 800 837 814 837 827 827 839 826
795 797 797 793 790 773 783 766 767 771 783 783 776 765 784 783 805 786 762 765 766 769 803 782 784 782 779 798 797 771 782 775 775 775 780 769 788 804 792 784 788 778 779 790 782 785 785 809 809 809 814 788 813 804 814 810 810 806 813 815 772 815 821 802 808 801 813 790 826 803 810 810 820 830 823 796 811 824 837 839 837 814 810 826
762 787 793 793 793 767 790 777 764 754 771 774 776 777 773 783 791 788 783 762 769 783 771 765 799 782 771 788 771 799 780 769 775 767 788 804 785 784 801 783 779 784 794 799 777 785 783 800 782 773 795 797 780 795 780 805 816 788 806 816 800 816 813 799 809 816 808 811 804 816 843 839 826 797 836 817 820 846 837 824 837 842 845 817
781 781 784 796 751 793 796 790 765 760 787 760 779 777 760 783 788 801 787 777 776 798 794 782 785 770 788 771 771 800 800 769 775 785 780 807 790 788 788 818 811 795 806 807 768 809 796 796 801 791 792 786 801 794 791 813 788 813 785 791 816 791 803 816 816 827 808 821 819 813 796 836 800 797 818 805 846 835 826 807 838 826 827 836
789 784 775 752 793 749 762 793 774 765 771 780 796 768 764 790 774 791 789 769 769 794 762 767 781 791 778 771 771 788 782 772 765 769 769 795 792 789 804 814 790 800 798 811 785 809 808 801 826 806 798 798 808 810 796 796 815 788 807 807 785 813 799 809 813 808 813 813 808 817 827 829 816 829 819 836 801 835 817 826 826 800 802 836
765 784 782 776 796 769 765 774 774 765 748 791 787 771 796 788 774 774 761 758 764 782 773 773 784 772 772 778 784 785 777 777 785 772 796 785 796 796 796 793 804 809 799 799 779 793 808 791 803 794 806 806 795 783 786 815 815 823 791 788 797 791 811 823 826 809 809 809 818 808 816 802 796 826 796 815 826 821 819 823 812 813 809 802
758 781 789 748 772 787 745 774 787 770 742 791 784 796 788 753 757 791 760 777 777 776 794 763 778 775 778 762 792 762 775 775 774 775 778 785 787 796 801 791 797 814 798 786 811 802 807 788 791 798 798 794 778 786 817 801 783 810 798 788 788 813 788 788 798 813 808 808 817 807 817 819 807 806 826 791 808 812 821 833 815 827 842 822
753 781 753 781 784 753 774 774 785 774 774 760 759 785 788 788 757 786 779 761 772 782 769 794 791 782 794 788 788 778 784 791 778 778 781 765 769 803 780 794 798 805 786 786 791 793 781 791 787 799 803 813 807 798 786 796 790 791 788 788 804 788 799 811 826 836 817 791 808 821 808 817 817 817 798 819 798 830 827 821 806 827 836 829
787 770 759 778 762 753 779 775 745 765 765 750 771 774 780 788 750 784 778 742 780 780 780 751 773 782 782 782 778 788 762 780 792 775 782 786 791 785 798 785 787 782 805 788 811 820 777 784 789 787 806 809 806 796 817 809 809 810 791 798 798 791 810 795 805 798 823 817 817 801 814 801 817 801 801 820 817 830 811 833 833 823 811 827
767 787 788 755 781 762 753 770 785 765 785 775 794 774 783 778 764 769 791 762 777 781 772 781 754 781 754 771 776 791 780 784 788 760 778 791 801 774 768 794 794 794 791 799 787 801 793 774 801 788 782 787 803 769 791 810 796 783 790 798 802 789 795 799 823 798 817 804 808 800 791 810 828 801 821 795 817 819 808 808 810 814 801 825
