invasiveSpecies/multiSpecies/data/worldclim_KE/worldclim_KE_2050_BC85_Bio15.asc
ncols         347
nrows         295
xllcorner     36.068012264173
yllcorner     0.13039239511974
cellsize      0.0083333333333333
NODATA_value  -9999
[rows 190 to 227 of 295, columns 170 to 254 of 347]
98 98 98 100 98 99 101 99 101 100 100 101 101 101 102 103 102 101 101 102 102 104 105 104 105 104 104 103 104 104 104 105 105 104 108 106 105 106 107 107 107 108 108 108 110 110 110 109 111 110 110 110 111 110 112 112 111 111 111 111 114 114 114 115 114 114 113 115 115 114 114 115 116 116 116 116 116 116 117 118 118 116 119 118 119
98 97 100 100 100 100 100 100 100 101 102 102 102 102 103 103 102 103 103 102 102 102 105 104 105 105 105 106 105 105 104 105 105 106 106 107 106 106 108 108 107 107 108 108 110 108 109 109 109 111 111 111 112 111 113 112 112 111 111 114 114 113 112 112 114 114 113 116 115 116 116 116 116 116 118 116 116 118 117 117 119 117 117 119 120
98 98 97 99 100 99 100 100 100 101 100 100 100 101 103 103 102 102 102 102 103 104 104 102 103 105 105 106 105 104 104 105 106 106 107 107 106 107 107 107 107 109 109 108 108 109 109 109 109 111 111 111 112 112 111 112 113 112 112 112 112 114 114 114 114 114 116 116 115 115 115 115 116 116 118 116 117 116 119 117 119 117 118 120 118
98 99 99 100 99 99 100 100 99 99 100 102 100 102 102 101 102 103 102 102 102 103 104 104 105 103 105 106 104 105 105 106 105 105 105 106 108 107 106 109 109 109 109 109 109 108 110 109 109 111 111 111 112 112 111 111 113 112 112 112 114 114 114 114 114 114 114 116 115 115 115 115 115 115 116 118 116 119 119 117 117 117 120 120 120
98 98 100 100 99 99 101 101 99 100 100 101 100 102 102 102 103 102 103 101 101 104 103 103 104 105 105 105 106 105 104 104 105 106 106 106 106 107 106 107 107 109 109 109 108 109 109 109 109 111 111 112 112 112 111 113 113 113 114 114 114 114 113 113 113 113 114 114 116 115 115 117 117 117 118 116 117 116 116 119 118 118 117 118 119
98 97 99 99 100 100 101 101 101 100 101 102 100 101 102 102 101 101 101 103 103 103 102 103 105 103 105 104 106 105 104 106 105 104 106 105 107 107 107 107 107 107 109 108 108 109 109 109 109 110 110 112 112 112 111 111 111 113 113 113 113 113 113 113 116 116 115 114 116 116 117 117 117 117 117 119 116 119 119 120 119 119 119 117 118
97 99 100 99 99 100 99 100 99 100 101 100 101 101 100 100 101 102 102 102 103 103 103 103 104 103 103 104 106 104 104 104 105 105 106 105 105 108 108 106 108 107 107 108 107 110 109 109 110 111 110 110 112 112 112 110 113 112 112 112 112 115 113 113 114 114 115 115 114 115 117 117 117 117 116 116 118 118 119 120 118 117 118 120 120
97 99 98 100 100 100 100 101 100 100 99 100 99 101 101 101 100 100 103 102 104 103 103 103 103 103 104 104 104 104 106 106 104 104 105 106 107 106 106 108 108 107 108 108 108 110 109 109 110 110 110 111 110 112 110 112 112 112 112 114 115 115 113 113 116 116 115 115 117 117 116 116 116 116 116 118 117 117 117 117 117 119 119 119 118
100 98 99 100 100 99 100 99 99 101 100 100 100 101 100 102 102 102 102 103 103 103 103 103 103 104 104 105 104 105 105 104 106 104 105 105 107 106 106 106 108 108 108 108 110 110 110 108 111 110 111 111 110 112 111 112 113 112 112 112 115 114 115 115 115 114 114 115 114 116 117 116 115 115 118 117 118 118 118 117 117 120 119 119 119
98 98 100 99 99 98 99 100 100 99 100 99 101 100 99 102 102 101 104 103 103 103 103 103 104 103 105 104 104 105 105 104 106 105 106 105 105 105 107 108 108 108 108 108 108 110 109 109 108 109 109 109 112 111 111 110 113 113 113 112 112 115 114 114 114 114 114 114 115 117 116 116 117 117 116 116 118 117 117 118 119 119 120 120 117
97 98 98 98 99 99 99 99 100 100 100 99 99 100 100 101 102 101 101 103 103 103 104 104 103 103 105 104 105 105 105 104 106 104 106 105 106 105 107 106 106 109 108 108 108 108 109 108 108 109 109 111 111 111 111 110 113 112 112 112 114 114 114 115 114 114 115 115 117 116 117 116 118 114 117 117 118 117 118 118 118 118 119 119 119
97 98 98 99 99 99 99 100 99 99 101 100 99 100 100 100 101 102 101 102 104 104 105 103 104 104 103 104 106 105 106 105 104 106 106 104 107 106 106 106 109 109 108 108 108 108 108 110 110 111 111 110 111 112 112 111 113 112 112 112 114 114 115 115 115 115 115 117 117 117 117 117 116 116 118 117 118 116 117 119 120 120 118 119 119
97 97 98 98 98 100 99 98 99 99 100 100 100 101 101 100 102 101 102 102 104 102 103 103 104 104 104 105 104 105 103 104 104 104 104 104 105 105 106 106 107 107 108 107 110 109 109 108 108 110 111 110 111 111 113 113 112 112 112 112 113 113 113 113 113 115 115 115 115 115 115 118 116 115 116 118 118 118 118 118 117 119 119 119 118
98 98 97 97 98 100 99 99 99 100 99 100 99 99 101 100 102 102 101 103 102 102 103 102 104 105 104 104 105 104 104 104 104 104 102 105 104 105 107 107 107 107 107 110 109 108 109 110 110 110 111 110 111 113 113 113 112 113 114 114 113 113 114 113 114 116 115 115 116 116 117 116 117 116 116 118 117 116 119 118 118 117 118 119 118
97 97 96 97 99 98 99 99 99 99 100 101 100 100 101 99 100 101 100 103 102 105 103 103 105 105 105 104 104 104 106 104 104 102 102 104 104 103 106 107 107 107 109 109 109 109 110 111 111 109 111 110 111 111 111 113 114 114 114 114 113 113 113 114 114 114 116 117 116 115 117 116 116 118 118 118 117 119 118 119 118 119 119 120 120
97 97 98 97 98 98 98 98 100 99 100 100 99 99 101 101 101 101 100 102 102 103 103 103 104 103 105 104 104 105 103 103 104 102 102 102 104 105 105 106 108 109 109 109 109 109 109 110 110 110 110 110 111 112 111 111 112 112 114 114 113 114 115 114 114 114 114 117 115 117 118 118 116 118 118 117 117 119 118 118 118 118 118 119 118
98 98 97 98 98 98 99 99 99 99 99 100 100 100 99 101 100 102 100 103 102 103 103 103 105 104 103 104 105 104 102 104 104 102 102 103 103 105 106 106 108 109 109 109 108 108 108 111 109 110 110 110 113 111 112 112 113 112 112 112 112 114 114 114 115 115 115 116 117 114 115 116 116 117 116 117 119 119 118 117 117 120 120 120 119
98 97 98 98 99 99 97 98 97 100 101 99 98 100 100 100 100 101 100 102 103 103 104 104 102 104 102 104 103 105 104 104 102 102 102 103 105 105 107 105 106 109 109 109 109 108 108 111 111 111 112 112 112 112 113 112 112 112 112 114 114 115 115 113 114 113 113 116 116 116 117 117 117 117 117 117 116 118 117 117 118 118 120 119 120
97 97 98 98 99 100 99 98 98 98 100 99 99 100 99 101 99 101 100 100 100 101 104 104 102 104 102 103 104 104 103 103 102 103 102 103 104 106 106 105 108 108 109 108 108 108 108 109 109 111 111 111 112 112 112 113 113 114 114 114 114 114 113 114 113 115 114 115 117 117 116 116 117 116 117 117 116 119 119 119 119 118 120 119 119
97 98 98 97 98 99 100 97 98 100 100 99 100 99 100 101 100 101 100 101 101 101 102 102 103 104 103 103 103 104 103 101 102 102 102 104 105 105 105 107 107 109 109 109 109 110 110 110 110 111 110 111 112 112 112 113 113 113 113 114 115 115 114 115 113 116 115 115 117 117 115 117 118 116 117 117 117 117 117 119 118 120 119 119 121
97 97 98 96 97 97 99 99 97 99 98 99 99 100 100 99 99 100 101 101 101 102 102 102 104 104 103 103 103 103 104 102 102 102 102 105 106 105 105 105 107 108 109 107 107 108 110 111 110 111 110 110 111 112 111 112 112 112 112 113 113 114 113 113 114 116 116 116 117 116 116 117 117 117 117 117 119 119 120 118 118 118 118 119 122
96 97 97 98 98 97 99 99 99 100 100 100 101 101 100 100 101 101 102 102 102 103 103 103 103 102 103 104 103 104 103 102 103 104 104 104 105 107 107 106 108 108 108 110 108 110 109 110 111 111 111 111 111 111 111 111 111 114 113 113 113 113 116 116 114 116 114 117 115 115 116 117 117 117 117 118 117 120 119 118 117 120 119 119 119
97 98 97 98 98 98 99 98 97 99 99 100 99 100 99 100 101 101 101 101 101 102 102 102 102 103 102 103 104 103 104 103 104 105 104 106 107 107 108 108 108 107 109 108 109 109 109 111 111 111 111 110 111 112 111 113 114 114 114 113 113 115 114 114 115 117 116 116 117 117 115 117 117 117 118 118 118 120 120 118 118 118 118 118 120
96 97 97 97 96 98 96 97 99 99 99 100 100 101 100 102 102 102 101 101 101 103 101 101 104 102 103 104 103 104 104 104 104 104 105 106 105 106 108 107 107 107 108 108 109 108 110 109 111 111 111 111 112 112 112 112 112 114 114 115 113 114 114 116 114 115 115 115 114 115 116 118 117 118 117 117 119 119 120 118 120 120 118 119 119
98 96 96 97 97 97 98 97 98 100 99 100 100 100 101 100 100 100 102 101 102 101 101 104 104 104 103 103 104 103 104 103 104 105 106 106 107 108 107 106 109 109 107 110 108 108 110 109 111 111 111 112 112 112 112 112 112 112 114 114 114 114 115 115 116 116 114 111 113 116 117 118 118 116 118 119 119 120 119 118 119 120 118 120 121
97 96 98 98 98 98 97 98 99 99 100 98 100 100 99 100 101 102 102 101 103 103 102 102 103 103 105 103 103 104 105 103 105 106 104 105 106 107 106 109 109 109 109 109 108 109 109 110 109 110 110 109 110 112 113 113 113 112 112 115 115 114 114 116 115 114 114 114 114 116 115 118 116 116 119 117 117 119 119 119 118 118 120 118 118
96 96 97 97 96 97 98 98 97 99 100 99 99 101 101 101 101 101 101 102 102 102 102 102 101 104 103 103 104 102 103 102 103 105 105 105 107 106 108 108 108 108 108 108 108 111 109 109 108 107 109 111 110 112 111 113 112 112 113 113 113 115 115 115 115 114 114 116 117 116 117 116 116 117 117 116 117 117 117 117 119 119 119 119 120
97 97 97 96 98 97 99 98 98 98 99 99 100 100 100 101 100 102 100 103 101 103 102 101 103 103 103 104 103 101 102 103 103 104 102 106 107 106 108 108 108 108 109 111 108 110 111 110 110 104 107 110 111 112 114 113 113 114 112 114 114 114 115 116 116 115 114 115 117 116 115 117 117 117 117 117 117 118 118 117 120 118 120 120 120
96 97 97 96 97 97 98 98 98 98 98 100 100 99 100 101 102 101 101 101 102 102 103 103 102 103 105 104 102 102 103 104 103 103 102 105 106 107 109 109 108 110 108 111 111 110 110 110 109 104 104 108 110 111 113 112 112 112 112 114 114 115 115 114 115 115 115 115 115 115 115 116 117 117 117 118 117 118 118 120 119 118 118 120 120
96 97 97 96 97 97 98 98 98 97 98 100 100 100 100 101 100 100 102 102 103 103 102 101 103 102 104 103 103 104 103 105 104 103 104 105 107 107 107 106 109 107 107 110 110 108 109 111 109 104 104 110 110 113 112 113 112 112 112 112 114 116 114 112 115 115 115 114 115 117 117 117 118 118 118 116 118 117 118 118 120 120 118 118 119
97 95 97 96 97 97 98 98 98 99 98 100 100 100 99 100 101 100 102 102 102 102 101 101 102 103 103 102 104 103 103 104 103 105 104 104 107 106 108 106 109 107 108 110 110 110 111 110 109 104 107 109 110 112 113 112 112 114 114 113 114 112 113 116 116 114 115 117 115 115 117 117 116 116 116 117 118 118 118 117 118 120 119 119 120
96 97 98 97 96 97 96 98 97 98 98 98 100 99 101 100 100 102 100 101 103 102 102 101 102 103 103 102 103 103 104 103 103 102 103 105 107 106 107 107 107 108 108 108 110 111 111 111 112 107 108 110 112 112 113 113 112 113 114 114 115 113 115 116 114 115 116 115 117 116 115 115 117 118 118 117 117 117 119 118 118 117 118 121 121
95 95 97 98 98 98 98 96 97 98 98 98 99 100 101 100 100 101 101 103 102 102 101 103 101 103 102 104 103 104 103 103 103 101 102 105 105 107 108 106 108 108 108 108 111 111 111 111 112 112 109 109 109 112 114 113 114 112 112 113 113 114 115 116 114 114 114 116 116 117 117 117 118 117 116 117 118 118 118 117 120 119 119 118 118
96 96 96 97 97 96 97 97 97 96 97 99 98 98 101 100 102 102 102 102 102 103 103 102 102 103 102 104 104 103 103 102 101 101 104 104 103 107 107 108 107 108 108 108 111 110 110 112 112 112 111 109 107 109 112 112 113 113 114 113 113 114 116 116 115 114 115 114 114 117 115 118 117 117 118 118 118 118 118 117 118 120 120 120 120
96 95 95 96 98 95 96 97 98 97 97 98 98 99 99 100 100 102 102 101 102 103 101 101 102 103 103 103 102 103 103 103 101 102 102 104 104 102 104 106 108 110 110 110 111 110 111 109 110 110 111 112 113 111 112 113 113 112 112 113 113 115 113 113 115 115 116 115 114 115 116 116 117 116 116 118 118 118 118 119 118 118 118 118 -9999
95 94 96 97 96 96 96 95 97 96 97 100 98 99 98 100 102 101 102 103 101 103 101 101 101 104 102 102 104 104 103 102 102 103 103 103 102 101 103 103 107 108 110 110 110 110 111 109 110 111 112 112 112 111 112 113 113 113 113 114 114 113 114 113 114 114 114 116 114 117 116 118 116 117 115 118 117 119 118 117 120 118 119 119 -9999
94 95 95 96 96 95 96 97 97 98 97 97 98 99 98 100 100 100 102 102 103 102 102 102 103 103 103 103 104 102 103 103 103 102 102 101 101 103 102 103 106 110 108 109 109 110 109 110 110 111 112 112 113 112 113 112 112 113 114 114 114 112 113 114 115 115 114 114 115 114 115 116 116 115 115 116 117 119 119 119 117 118 119 -9999 -9999
94 95 95 96 97 96 97 98 96 98 99 98 97 99 98 100 100 100 101 102 102 102 102 102 102 102 102 103 102 105 104 104 104 104 103 101 103 103 105 106 107 107 110 109 109 110 110 110 111 111 111 112 113 112 113 112 112 113 113 113 113 113 114 115 113 116 114 114 116 115 116 117 115 116 116 117 116 117 117 119 116 117 118 -9999 -9999
