invasiveSpecies/multiSpecies/data/worldclim_KE/worldclim_KE_2050_BC85_Bio17.asc
ncols         347
nrows         295
xllcorner     36.068012264173
yllcorner     0.13039239511974
cellsize      0.0083333333333333
NODATA_value  -9999
[rows 205 to 245 of 295, columns 92 to 183 of 347]
-9999 -9999 -9999 -9999 -9999 -9999 -9999 -9999 -9999 -9999 -9999 -9999 -9999 -9999 -9999 -9999 -9999 -9999 -9999 45 44 43 43 42 41 41 39 39 38 36 36 35 35 33 32 32 32 31 31 31 32 31 29 29 28 28 26 26 26 25 25 25 23 23 23 23 23 23 23 23 22 22 20 20 20 20 20 20 25 25 24 20 17 16 16 16 15 15 15 15 16 16 14 17 18 17 13 12 12 12 13 13
-9999 -9999 -9999 -9999 -9999 -9999 -9999 -9999 -9999 -9999 -9999 -9999 -9999 -9999 -9999 -9999 -9999 -9999 -9999 -9999 45 43 43 42 42 41 39 39 39 38 36 35 35 33 33 32 32 31 31 31 32 32 29 29 28 28 27 26 26 25 25 25 25 23 23 23 23 23 23 23 24 22 20 20 20 20 20 20 23 24 23 22 17 16 16 16 16 15 15 15 16 16 18 20 20 20 13 13 12 12 13 13
-9999 -9999 -9999 -9999 -9999 -9999 -9999 -9999 -9999 -9999 -9999 -9999 -9999 -9999 -9999 -9999 -9999 -9999 -9999 -9999 46 43 43 43 42 41 40 39 39 38 38 35 35 34 33 32 32 32 31 31 34 32 31 29 28 28 27 26 26 24 25 25 25 25 23 23 23 23 23 23 24 22 20 20 20 20 20 20 20 23 20 18 17 16 16 16 15 15 15 15 16 16 24 24 18 17 16 13 12 12 13 13
-9999 -9999 -9999 -9999 -9999 -9999 -9999 -9999 -9999 -9999 -9999 -9999 -9999 -9999 -9999 -9999 -9999 -9999 -9999 46 46 44 43 43 42 42 40 39 38 38 38 35 35 34 33 33 32 32 31 31 31 31 31 29 28 28 28 27 26 26 25 25 25 25 23 23 23 23 23 23 24 24 20 20 20 20 20 19 19 19 20 18 20 17 17 16 15 15 15 15 16 20 28 28 20 16 17 17 13 12 13 13
-9999 -9999 -9999 -9999 -9999 -9999 -9999 -9999 -9999 -9999 -9999 -9999 -9999 -9999 -9999 -9999 -9999 -9999 -9999 -9999 46 45 44 43 43 42 41 39 38 38 38 36 35 35 34 33 33 32 32 31 31 31 31 31 28 28 28 27 27 26 26 25 25 25 25 23 23 23 23 23 24 24 21 20 20 20 20 19 19 19 20 23 22 18 17 16 16 15 15 15 16 16 34 30 26 20 16 13 13 12 13 13
-9999 -9999 -9999 -9999 -9999 -9999 -9999 -9999 -9999 -9999 -9999 -9999 -9999 -9999 -9999 -9999 -9999 -9999 -9999 -9999 47 45 44 43 43 42 41 41 38 38 38 36 36 35 34 33 33 33 32 30 31 31 31 31 28 28 28 27 27 26 26 25 25 25 25 23 23 23 23 23 24 24 23 20 20 20 20 20 19 19 20 23 22 17 17 17 16 15 15 15 16 18 37 37 31 30 16 13 13 13 13 13
-9999 -9999 -9999 -9999 -9999 -9999 -9999 -9999 -9999 -9999 -9999 -9999 -9999 -9999 -9999 -9999 -9999 -9999 -9999 -9999 47 45 44 43 42 41 41 41 38 38 38 37 36 35 34 33 33 33 32 30 30 30 30 29 29 28 28 27 27 25 25 24 24 24 24 24 23 23 23 23 24 23 23 21 20 20 20 20 20 19 20 23 25 20 17 16 15 15 15 15 16 16 21 40 33 22 15 13 13 12 12 12
-9999 -9999 -9999 -9999 -9999 -9999 -9999 -9999 -9999 -9999 -9999 -9999 -9999 -9999 -9999 -9999 -9999 53 50 49 48 45 45 43 43 42 41 41 40 38 38 37 36 36 34 34 33 33 33 31 30 30 29 29 30 28 28 27 27 26 25 25 24 24 24 24 23 23 23 23 24 23 23 23 21 20 21 21 21 23 22 22 25 19 17 16 15 15 15 15 16 16 16 19 23 17 16 13 13 12 12 12
-9999 -9999 -9999 -9999 -9999 -9999 -9999 -9999 -9999 -9999 -9999 -9999 -9999 -9999 -9999 -9999 -9999 53 51 49 49 46 45 43 43 42 41 41 40 39 38 37 37 36 35 34 34 33 33 33 30 30 29 29 29 28 27 27 27 26 25 25 25 24 24 24 24 23 23 23 24 23 23 23 23 21 21 21 21 21 25 25 29 19 17 16 15 15 15 15 16 16 16 16 17 16 15 13 13 12 12 12
-9999 -9999 -9999 -9999 -9999 -9999 -9999 -9999 -9999 -9999 -9999 -9999 -9999 -9999 -9999 -9999 -9999 54 51 50 49 46 46 43 43 43 41 40 40 39 39 37 37 35 35 35 34 33 33 32 32 30 29 29 29 28 27 27 26 26 27 25 25 25 25 24 24 23 23 23 24 23 23 23 23 21 21 21 21 27 29 27 27 21 19 16 15 15 15 15 15 15 15 16 16 15 15 13 13 12 12 12
-9999 -9999 -9999 -9999 -9999 -9999 -9999 -9999 -9999 -9999 -9999 -9999 -9999 -9999 -9999 -9999 -9999 -9999 51 49 49 46 46 44 43 43 43 41 40 40 38 37 37 35 35 35 35 33 33 33 32 30 29 29 29 29 27 27 26 26 27 25 25 25 25 24 24 24 23 23 24 23 23 23 23 23 21 21 21 23 27 26 27 23 19 19 15 15 15 15 15 15 15 15 15 15 15 13 12 12 12 12
-9999 -9999 -9999 -9999 -9999 -9999 -9999 -9999 -9999 -9999 -9999 -9999 -9999 -9999 -9999 -9999 -9999 56 53 51 49 47 46 45 43 43 43 42 40 40 38 37 36 36 35 35 35 34 33 33 32 32 29 29 28 28 27 27 26 26 27 27 25 25 25 25 24 24 24 23 24 23 23 23 23 23 23 21 23 23 26 23 26 23 20 19 15 15 15 14 15 15 15 15 15 15 15 13 12 12 12 12
-9999 -9999 -9999 -9999 -9999 -9999 -9999 -9999 -9999 -9999 -9999 -9999 -9999 -9999 -9999 -9999 55 55 53 51 49 47 46 45 43 43 43 41 40 39 -9999 -9999 -9999 -9999 35 35 35 35 33 33 32 32 30 29 28 28 28 27 26 26 27 27 25 25 25 25 24 24 24 23 24 23 23 23 23 23 23 23 23 23 24 22 24 23 19 19 16 15 15 14 15 15 15 15 15 15 15 15 12 12 12 12
-9999 -9999 -9999 -9999 -9999 -9999 -9999 -9999 -9999 -9999 -9999 -9999 -9999 -9999 -9999 -9999 56 56 53 52 50 48 45 45 45 43 42 42 -9999 -9999 -9999 -9999 -9999 -9999 -9999 35 35 35 35 33 32 32 31 29 28 28 28 26 26 26 27 27 27 25 25 25 24 24 24 24 24 23 23 23 23 23 23 23 23 23 22 20 21 21 20 19 18 15 15 15 15 15 15 15 15 15 15 15 13 12 12 12
-9999 -9999 -9999 -9999 -9999 -9999 -9999 -9999 -9999 -9999 -9999 -9999 -9999 -9999 -9999 -9999 56 54 53 53 50 48 48 45 45 -9999 -9999 -9999 -9999 -9999 -9999 -9999 -9999 -9999 -9999 -9999 35 35 35 33 32 32 32 30 29 28 28 26 26 25 27 27 27 25 25 25 25 24 24 24 23 23 23 23 23 22 22 22 22 20 20 20 20 20 19 19 18 15 15 15 15 15 15 15 15 15 15 15 15 12 12 12
-9999 -9999 -9999 -9999 -9999 -9999 -9999 -9999 -9999 -9999 -9999 -9999 -9999 -9999 -9999 -9999 55 55 51 51 49 47 -9999 -9999 -9999 -9999 -9999 -9999 -9999 -9999 -9999 -9999 -9999 -9999 -9999 -9999 -9999 -9999 34 33 32 32 31 31 29 28 28 27 26 25 27 27 27 27 25 25 25 25 24 24 25 23 23 23 23 22 22 22 21 19 20 20 20 19 19 19 18 18 15 15 15 15 15 15 15 15 15 15 15 13 12 12
-9999 -9999 -9999 -9999 -9999 -9999 -9999 -9999 -9999 -9999 -9999 -9999 -9999 -9999 -9999 -9999 53 52 51 -9999 -9999 -9999 -9999 -9999 -9999 -9999 -9999 -9999 -9999 -9999 -9999 -9999 -9999 -9999 -9999 -9999 -9999 -9999 -9999 -9999 32 32 31 31 28 28 28 27 26 26 26 26 26 26 25 25 25 24 23 23 25 24 22 22 22 21 21 21 20 19 19 18 18 18 18 18 18 17 17 15 14 14 14 14 14 14 14 14 14 14 12 12
-9999 -9999 -9999 -9999 -9999 -9999 -9999 -9999 -9999 -9999 -9999 -9999 -9999 -9999 -9999 -9999 -9999 -9999 -9999 -9999 -9999 -9999 -9999 -9999 -9999 -9999 -9999 -9999 -9999 -9999 -9999 -9999 -9999 -9999 -9999 -9999 -9999 -9999 -9999 -9999 -9999 -9999 -9999 -9999 -9999 28 28 27 27 26 26 26 26 26 24 24 24 24 25 24 24 24 22 22 22 21 21 21 21 20 19 19 18 18 22 20 18 17 17 15 15 14 14 14 14 15 14 14 14 14 15 12
-9999 -9999 -9999 -9999 -9999 -9999 -9999 -9999 -9999 -9999 -9999 -9999 -9999 -9999 -9999 -9999 -9999 -9999 -9999 -9999 -9999 -9999 -9999 -9999 -9999 -9999 -9999 -9999 -9999 -9999 -9999 -9999 -9999 -9999 -9999 -9999 -9999 -9999 -9999 -9999 -9999 -9999 -9999 -9999 -9999 29 28 28 28 27 26 26 26 26 24 24 24 24 24 24 25 24 24 22 22 22 21 21 21 20 19 19 19 23 24 22 20 17 17 17 15 14 14 16 16 15 15 20 16 14 15 15
-9999 -9999 -9999 -9999 -9999 -9999 -9999 -9999 -9999 -9999 -9999 -9999 -9999 -9999 -9999 -9999 -9999 -9999 -9999 -9999 -9999 -9999 -9999 -9999 -9999 -9999 -9999 -9999 -9999 -9999 -9999 -9999 -9999 -9999 -9999 -9999 -9999 -9999 -9999 -9999 -9999 -9999 -9999 -9999 -9999 31 29 29 28 28 28 26 26 26 26 24 24 24 24 24 25 25 24 22 22 22 22 21 21 21 21 22 22 24 26 24 22 18 17 17 18 15 14 19 19 16 15 15 19 14 15 15
-9999 -9999 -9999 -9999 -9999 -9999 -9999 -9999 -9999 -9999 -9999 -9999 -9999 -9999 -9999 -9999 -9999 -9999 -9999 -9999 -9999 -9999 -9999 -9999 -9999 -9999 -9999 -9999 -9999 -9999 -9999 -9999 -9999 -9999 -9999 -9999 -9999 -9999 -9999 -9999 -9999 -9999 -9999 -9999 -9999 31 31 30 29 28 29 26 26 26 26 25 24 24 24 24 25 25 24 24 22 22 22 21 21 21 22 23 23 24 24 24 22 18 17 17 18 17 15 16 19 19 16 15 14 14 15 15
-9999 -9999 -9999 -9999 -9999 -9999 -9999 -9999 -9999 -9999 -9999 -9999 -9999 -9999 -9999 -9999 -9999 -9999 -9999 -9999 -9999 -9999 -9999 -9999 -9999 -9999 -9999 -9999 -9999 -9999 -9999 -9999 -9999 -9999 -9999 -9999 -9999 -9999 -9999 -9999 -9999 -9999 -9999 -9999 -9999 31 31 30 30 29 29 28 26 26 26 26 24 24 24 24 25 25 24 24 24 22 26 22 21 21 22 23 25 23 22 22 18 18 18 17 18 18 15 18 18 16 14 14 14 14 15 15
-9999 -9999 -9999 -9999 -9999 -9999 -9999 -9999 -9999 -9999 -9999 -9999 -9999 -9999 -9999 -9999 -9999 -9999 -9999 -9999 -9999 -9999 -9999 -9999 -9999 -9999 -9999 -9999 -9999 -9999 -9999 -9999 -9999 -9999 -9999 -9999 -9999 -9999 -9999 -9999 -9999 -9999 -9999 -9999 33 32 31 31 30 29 29 29 28 26 26 26 25 24 24 24 25 25 25 24 24 22 22 22 22 21 22 22 22 22 22 20 18 18 18 18 18 18 16 14 15 14 14 14 14 14 15 15
-9999 -9999 -9999 -9999 -9999 -9999 -9999 -9999 -9999 -9999 -9999 -9999 -9999 -9999 -9999 -9999 -9999 -9999 -9999 -9999 -9999 -9999 -9999 -9999 -9999 -9999 -9999 -9999 -9999 -9999 -9999 -9999 -9999 -9999 -9999 -9999 -9999 -9999 -9999 -9999 -9999 -9999 -9999 34 33 32 32 31 31 29 30 29 29 26 26 26 25 24 24 24 25 25 25 24 24 24 22 26 22 21 22 22 23 23 22 22 18 18 18 18 18 18 17 14 14 14 14 14 14 14 15 15
66 65 -9999 -9999 -9999 -9999 -9999 -9999 -9999 -9999 -9999 -9999 -9999 -9999 -9999 -9999 -9999 -9999 -9999 -9999 -9999 -9999 -9999 -9999 -9999 -9999 -9999 -9999 -9999 -9999 -9999 -9999 -9999 -9999 -9999 -9999 -9999 -9999 -9999 -9999 -9999 -9999 -9999 34 34 33 33 32 31 29 30 29 28 26 26 26 26 25 24 24 25 25 25 25 24 24 25 26 25 22 22 22 22 24 24 22 22 20 18 18 18 18 18 16 14 14 14 14 14 14 15 15
66 65 -9999 -9999 -9999 -9999 -9999 -9999 -9999 -9999 -9999 -9999 -9999 -9999 -9999 -9999 -9999 -9999 -9999 -9999 -9999 -9999 -9999 -9999 -9999 -9999 -9999 -9999 -9999 -9999 -9999 -9999 -9999 -9999 -9999 -9999 -9999 -9999 -9999 -9999 -9999 -9999 36 35 34 33 33 32 31 29 30 30 28 28 26 26 26 25 24 24 25 25 25 25 24 24 25 28 26 22 22 22 22 24 25 24 22 22 18 18 19 18 18 18 16 14 14 14 14 14 15 15
65 64 63 -9999 -9999 -9999 -9999 -9999 -9999 -9999 -9999 -9999 -9999 -9999 -9999 -9999 -9999 -9999 -9999 -9999 -9999 -9999 -9999 -9999 -9999 -9999 -9999 -9999 -9999 -9999 -9999 -9999 -9999 -9999 -9999 -9999 -9999 -9999 -9999 -9999 -9999 37 36 36 35 34 32 32 31 30 29 29 29 27 26 26 26 25 25 24 24 24 24 23 24 24 24 24 28 22 22 22 22 23 23 22 18 18 17 17 18 18 18 17 16 14 14 14 14 14 15 15
65 64 64 65 -9999 -9999 -9999 -9999 -9999 -9999 -9999 -9999 -9999 -9999 -9999 -9999 -9999 -9999 -9999 -9999 -9999 -9999 -9999 -9999 -9999 -9999 -9999 -9999 -9999 -9999 -9999 -9999 -9999 -9999 -9999 -9999 -9999 -9999 -9999 -9999 -9999 37 37 36 35 34 32 32 32 30 29 29 29 27 27 26 26 25 25 24 24 24 24 23 23 23 24 24 24 24 22 22 22 22 23 22 18 17 17 17 19 18 18 18 17 16 14 14 14 14 15 15
65 69 67 73 -9999 -9999 -9999 -9999 -9999 -9999 -9999 -9999 -9999 -9999 -9999 -9999 -9999 -9999 -9999 -9999 -9999 -9999 -9999 -9999 -9999 -9999 -9999 -9999 -9999 -9999 -9999 -9999 -9999 -9999 -9999 -9999 -9999 -9999 -9999 -9999 38 38 37 36 35 34 33 32 32 30 30 29 28 27 27 26 26 26 25 24 23 23 23 23 23 23 23 24 23 23 22 22 21 21 23 21 18 17 17 17 19 18 18 18 17 17 17 14 14 14 15 15
69 74 66 72 74 -9999 -9999 -9999 -9999 -9999 -9999 -9999 -9999 -9999 -9999 -9999 -9999 -9999 -9999 -9999 -9999 -9999 -9999 -9999 -9999 -9999 -9999 -9999 -9999 -9999 -9999 -9999 -9999 -9999 -9999 -9999 -9999 -9999 -9999 39 38 38 37 35 35 34 33 32 32 31 30 29 28 28 27 27 26 26 25 25 23 23 23 23 23 23 23 22 22 21 22 21 21 21 24 20 17 17 17 17 21 18 18 18 17 17 16 14 14 14 15 15
71 74 79 74 -9999 -9999 -9999 -9999 -9999 -9999 -9999 -9999 -9999 -9999 -9999 -9999 -9999 -9999 -9999 -9999 -9999 -9999 -9999 -9999 -9999 -9999 -9999 -9999 -9999 -9999 -9999 -9999 -9999 -9999 -9999 -9999 -9999 -9999 -9999 40 39 38 38 36 35 35 33 32 32 31 30 29 28 28 27 27 26 25 25 25 26 23 23 23 23 23 23 22 22 22 22 21 21 21 21 20 17 17 17 17 18 18 19 18 17 16 14 14 14 14 15 15
75 78 80 78 70 -9999 -9999 -9999 -9999 -9999 -9999 -9999 -9999 -9999 -9999 -9999 -9999 -9999 -9999 -9999 -9999 -9999 -9999 -9999 -9999 -9999 -9999 -9999 -9999 -9999 -9999 -9999 -9999 -9999 -9999 -9999 -9999 -9999 41 40 40 38 38 36 35 35 34 33 31 31 30 29 28 28 27 27 26 25 25 25 26 24 23 23 23 23 23 22 22 22 21 21 21 21 21 20 19 17 17 17 18 18 18 18 17 17 16 14 14 14 15 15
74 77 80 80 -9999 -9999 -9999 -9999 -9999 -9999 -9999 -9999 -9999 -9999 -9999 -9999 -9999 -9999 -9999 -9999 -9999 -9999 -9999 -9999 -9999 -9999 -9999 -9999 -9999 -9999 -9999 -9999 -9999 -9999 -9999 -9999 -9999 -9999 43 41 40 38 38 36 35 35 34 33 31 31 30 29 28 28 28 27 27 26 26 25 26 26 23 23 23 23 23 22 22 21 21 21 21 21 20 19 19 17 17 17 18 18 18 18 17 17 17 18 14 14 15 15
74 78 83 83 -9999 -9999 -9999 -9999 -9999 -9999 -9999 -9999 -9999 -9999 -9999 -9999 -9999 -9999 -9999 -9999 -9999 -9999 -9999 -9999 -9999 -9999 -9999 -9999 -9999 51 52 52 50 49 47 -9999 45 43 43 40 40 39 38 38 36 35 34 33 31 31 31 30 30 28 28 28 27 27 26 25 26 26 23 23 23 23 23 22 21 21 21 21 21 21 20 19 19 17 16 17 18 18 18 18 17 17 17 16 14 14 15 15
76 80 82 84 -9999 -9999 -9999 -9999 -9999 -9999 -9999 -9999 -9999 -9999 -9999 -9999 -9999 -9999 -9999 -9999 -9999 -9999 -9999 -9999 -9999 -9999 -9999 56 54 53 52 52 50 49 48 46 46 44 43 40 40 40 39 38 36 35 34 34 33 31 31 31 32 30 28 28 28 27 26 25 27 26 23 23 23 23 23 22 21 21 21 21 21 21 19 19 17 17 16 16 17 18 18 18 17 16 16 16 14 14 15 15
79 79 80 84 -9999 -9999 -9999 -9999 -9999 -9999 -9999 -9999 -9999 -9999 -9999 -9999 -9999 -9999 -9999 -9999 -9999 -9999 -9999 -9999 -9999 -9999 58 57 56 54 54 52 52 50 49 47 46 45 43 42 40 40 40 38 37 36 34 34 33 33 31 32 36 32 30 28 28 27 27 26 27 26 25 23 23 23 23 21 21 20 21 20 20 20 19 19 19 16 16 16 17 18 18 18 17 16 16 14 14 14 15 15
74 77 78 82 -9999 -9999 -9999 -9999 -9999 -9999 -9999 -9999 -9999 -9999 -9999 -9999 -9999 -9999 -9999 -9999 -9999 -9999 -9999 -9999 -9999 -9999 59 59 59 56 54 52 52 49 49 47 47 46 43 42 41 40 40 38 37 37 35 34 34 34 33 33 36 35 31 28 28 27 26 25 25 25 24 23 23 23 22 21 21 20 20 19 19 19 18 18 18 17 16 16 16 16 16 16 16 15 15 14 14 14 14 14
77 79 80 85 -9999 -9999 -9999 -9999 -9999 -9999 -9999 -9999 -9999 -9999 -9999 -9999 -9999 -9999 -9999 -9999 -9999 -9999 -9999 -9999 -9999 -9999 64 64 62 57 55 54 52 51 49 49 47 45 44 43 43 41 40 40 38 37 37 35 34 34 34 34 34 33 31 31 28 27 26 26 25 25 25 25 25 23 23 21 23 22 23 20 20 20 20 19 20 20 18 16 16 16 16 16 16 15 15 14 14 14 14 14
77 79 80 85 84 85 83 82 83 83 81 -9999 -9999 -9999 -9999 -9999 -9999 -9999 -9999 -9999 -9999 -9999 -9999 -9999 -9999 -9999 62 67 66 59 57 59 54 52 49 49 47 46 45 44 44 43 41 40 38 38 37 36 34 34 35 34 35 34 31 31 28 28 27 26 25 25 26 26 25 25 23 22 22 23 24 23 23 23 20 20 20 20 18 18 16 16 16 16 16 15 15 14 14 14 14 14
68 77 81 85 82 83 85 85 84 83 83 83 83 81 81 80 78 77 77 -9999 -9999 -9999 -9999 -9999 -9999 -9999 68 69 67 60 57 66 55 53 51 49 48 46 46 45 44 44 41 40 40 38 37 37 34 37 42 36 36 36 31 31 29 28 27 26 26 26 26 25 25 23 23 23 23 23 24 24 23 23 20 20 20 19 18 18 19 16 16 16 16 16 15 15 14 14 14 14
65 75 82 84 82 81 86 85 84 85 85 84 83 83 81 80 78 78 78 78 81 81 81 78 76 72 70 76 74 67 64 65 57 54 54 54 48 47 48 47 45 44 42 41 40 40 38 37 36 34 50 49 41 37 34 31 31 28 27 27 28 28 26 25 24 23 23 23 23 23 24 24 24 23 22 20 20 20 19 18 17 16 16 16 16 16 16 15 15 15 14 14
