invasiveSpecies/multiSpecies/data/worldclim_KE/worldclim_KE_2050_BC26_Bio6.asc
ncols         347
nrows         295
xllcorner     36.068012264173
yllcorner     0.13039239511974
cellsize      0.0083333333333333
NODATA_value  -9999
[rows 111 to 147 of 295, columns 168 to 251 of 347]
-9999 -9999 -9999 -9999 -9999 -9999 -9999 166 166 167 167 172 174 174 174 174 175 175 175 172 169 162 175 171 171 173 176 174 170 153 170 176 177 177 177 178 178 178 178 179 179 178 177 176 176 177 177 176 176 175 174 176 177 177 177 177 177 177 178 177 178 178 180 180 182 182 185 185 185 184 184 185 186 186 186 184 184 185 185 185 187 187 187 188
-9999 -9999 -9999 -9999 -9999 -9999 -9999 166 166 166 166 172 174 174 173 174 174 174 174 172 171 173 174 171 171 171 175 174 161 150 175 176 177 177 177 177 177 177 178 178 178 178 177 176 177 177 177 176 176 176 176 176 177 177 177 177 178 178 178 178 178 180 180 180 184 184 184 185 185 185 185 185 184 184 186 186 186 185 185 187 188 188 188 188
-9999 -9999 -9999 -9999 -9999 -9999 165 166 168 166 171 172 173 171 173 173 174 174 175 172 173 174 174 170 173 174 175 174 159 171 175 176 176 177 177 177 177 177 177 178 177 177 177 176 177 177 177 176 176 176 177 178 177 177 178 178 178 178 178 179 179 179 180 180 183 184 182 183 183 184 184 184 184 184 184 185 186 187 187 187 187 187 188 188
-9999 -9999 -9999 -9999 -9999 165 165 165 165 166 169 172 172 172 173 173 173 173 173 172 173 173 170 173 175 175 174 173 166 167 174 175 176 176 177 177 177 177 177 177 177 177 176 176 176 177 177 175 176 176 179 179 179 177 178 177 177 177 178 179 179 179 180 183 181 181 182 182 182 183 183 183 184 184 184 185 185 187 187 187 187 187 188 188
-9999 -9999 -9999 -9999 -9999 163 164 165 165 164 166 171 172 172 172 172 173 173 173 172 173 172 168 173 174 174 174 173 167 172 173 175 176 176 176 176 176 176 177 177 177 176 176 176 175 176 176 175 175 178 179 179 180 180 177 177 177 177 178 182 182 182 179 180 180 180 181 182 182 182 183 183 183 184 184 185 185 185 187 187 187 187 187 187
-9999 -9999 -9999 -9999 163 164 164 164 164 164 165 170 171 171 171 172 172 172 172 171 172 172 170 173 173 172 174 173 167 157 173 174 176 176 176 176 176 176 176 176 176 176 176 175 175 176 176 176 178 178 173 178 180 180 176 177 181 182 182 182 179 179 179 179 180 180 181 181 181 182 182 183 183 183 184 184 185 185 186 187 187 187 187 187
-9999 -9999 162 163 162 162 163 162 162 164 163 165 169 168 170 171 171 171 171 171 171 171 171 173 174 174 172 171 166 154 171 174 175 176 176 176 176 175 175 176 176 174 174 175 177 177 177 176 177 176 169 177 180 176 177 177 179 177 182 178 178 179 178 179 179 180 180 180 181 181 182 183 183 183 184 184 184 185 185 186 187 187 188 188
161 163 162 161 161 161 160 161 161 163 164 164 164 167 169 170 170 170 170 169 171 171 171 172 172 174 172 170 169 155 173 174 175 175 175 176 174 165 173 175 175 174 176 177 177 178 178 177 178 175 166 174 180 181 176 181 177 177 178 178 178 178 178 178 179 179 179 180 180 182 182 182 183 183 184 184 185 185 186 186 187 187 187 187
161 161 161 161 161 160 159 161 162 161 162 162 163 163 167 165 170 170 169 170 170 170 171 171 172 172 171 171 167 163 170 172 173 175 175 175 173 171 173 173 173 176 176 177 177 179 178 177 178 175 171 178 181 181 181 181 177 176 177 178 178 178 178 178 178 179 179 179 180 181 181 182 183 183 183 186 186 186 186 186 186 186 186 187
160 160 161 160 159 159 159 160 161 161 162 162 163 162 162 167 167 170 169 170 170 169 170 171 172 172 171 170 169 154 170 173 173 175 175 175 174 171 172 174 175 176 176 177 177 178 178 178 178 180 179 179 175 175 175 177 177 176 177 177 177 177 177 177 178 178 179 179 180 180 182 181 183 183 184 185 185 185 185 186 186 186 186 185
158 159 159 159 159 159 158 159 160 161 162 162 165 165 163 167 168 169 169 169 169 168 170 171 171 171 171 170 164 169 172 172 173 173 173 173 174 173 174 174 174 175 176 176 177 178 179 178 178 180 180 174 174 174 175 176 176 176 175 176 177 177 177 177 178 178 178 179 179 180 180 182 182 183 184 184 185 185 185 186 186 186 186 183
153 156 158 159 159 158 158 159 159 160 161 162 164 166 166 168 168 169 168 168 169 168 170 171 170 171 170 170 163 170 173 172 174 172 174 174 172 174 174 174 174 175 176 176 177 177 178 179 178 178 174 173 175 174 175 176 176 174 176 176 176 177 177 177 177 178 179 179 178 179 179 181 180 181 183 184 184 185 186 186 186 186 186 182
150 155 157 158 158 157 157 158 158 159 159 161 164 166 167 162 167 168 167 168 168 168 170 170 170 170 170 170 164 170 172 172 174 173 172 173 173 173 172 174 174 175 176 176 177 177 177 178 178 178 173 174 173 174 175 174 175 174 175 174 174 176 176 177 177 178 178 178 178 178 179 179 180 182 183 184 185 185 185 186 186 186 184 182
133 150 156 157 157 157 157 157 158 158 158 160 163 166 166 161 162 166 167 167 168 168 169 170 169 170 170 170 171 171 172 172 172 172 172 172 172 172 173 174 174 175 176 176 177 177 177 178 177 174 173 173 173 174 174 174 175 174 174 174 175 175 176 177 177 178 178 178 178 178 178 179 181 180 182 185 185 185 185 185 185 186 182 182
139 136 154 156 155 156 157 157 158 158 158 158 159 164 164 161 164 165 166 166 166 168 169 169 169 169 169 170 170 171 172 173 171 171 171 171 171 173 173 174 175 176 176 176 177 177 177 178 177 174 172 172 173 174 173 173 172 173 174 173 173 175 174 176 177 178 177 177 177 177 178 178 179 181 182 185 184 185 185 185 185 185 181 181
150 149 151 154 155 154 155 155 156 157 157 158 158 160 162 161 164 165 165 165 166 167 168 169 168 169 169 170 168 170 171 172 171 171 172 171 173 173 174 174 175 176 175 175 176 177 177 178 174 173 173 172 173 173 173 171 171 172 173 173 174 175 175 175 177 177 176 176 177 177 178 178 180 184 182 185 184 185 185 185 186 181 181 180
153 155 154 155 153 152 153 155 155 156 157 156 158 158 158 160 162 164 164 164 166 167 168 168 169 169 170 170 169 171 171 171 170 170 171 171 172 172 173 174 174 175 174 175 176 177 177 178 177 177 174 173 173 173 173 170 170 171 172 172 173 174 174 175 176 176 176 175 175 176 177 178 179 184 184 185 185 185 185 185 180 180 180 180
157 157 154 155 154 151 151 154 155 156 156 156 157 157 157 157 158 159 164 165 165 167 168 168 168 168 169 169 169 170 171 170 168 170 170 171 171 172 173 173 174 175 176 176 177 177 177 178 178 178 174 174 174 174 172 171 171 171 171 172 173 174 174 175 176 176 176 175 175 176 177 177 181 184 183 185 185 185 185 185 180 180 180 181
158 157 156 154 154 152 152 154 154 155 155 155 156 156 156 157 158 158 158 159 166 166 166 167 167 168 169 169 170 170 171 170 169 169 168 169 171 172 173 173 173 174 175 175 176 176 175 178 178 178 179 179 179 178 173 172 172 172 172 172 173 175 175 176 176 176 176 176 183 184 184 184 184 184 184 185 185 185 185 180 180 180 180 180
158 157 156 154 153 153 153 154 154 155 155 154 154 156 156 157 157 158 158 159 165 165 167 167 167 168 169 169 170 170 170 170 169 169 169 170 171 171 172 173 173 174 175 176 176 177 177 178 178 178 179 179 179 179 180 173 173 172 173 172 174 174 179 176 176 182 183 182 183 183 183 184 178 184 184 185 185 185 185 179 179 180 180 180
159 157 155 155 156 155 155 154 154 155 155 155 155 156 156 157 157 158 158 160 163 166 166 167 168 166 168 169 169 169 169 169 169 169 170 170 171 171 171 172 172 174 175 175 176 177 177 177 178 178 179 179 179 179 180 177 175 175 174 174 182 182 182 182 182 182 179 179 177 176 176 177 178 184 184 185 185 185 179 179 179 179 180 180
157 156 157 156 155 156 156 156 156 156 155 154 155 156 157 157 158 158 161 164 165 166 167 168 167 168 168 169 169 170 170 170 169 169 166 167 167 171 171 172 172 173 174 175 175 176 177 178 178 178 179 179 179 179 180 180 180 181 181 181 181 182 182 182 182 177 177 176 176 176 176 176 177 184 184 185 185 184 178 178 178 179 183 190
160 157 157 156 157 157 157 157 157 157 155 154 155 156 157 158 158 158 162 162 164 166 166 168 167 167 169 169 169 170 170 170 166 165 166 167 169 171 172 172 173 175 175 174 176 176 178 178 178 178 178 179 179 180 180 180 180 180 180 181 181 182 182 182 182 182 182 176 176 176 176 176 183 184 184 185 185 184 184 177 178 188 188 189
159 159 157 157 156 157 156 157 158 158 157 154 155 157 157 158 160 163 163 159 165 166 166 167 169 167 169 169 170 170 171 171 170 166 166 167 171 171 172 173 172 173 174 176 176 177 178 178 177 178 179 179 179 179 179 180 180 180 180 181 181 181 181 182 182 182 182 182 176 176 176 176 182 179 183 184 184 177 180 177 177 187 188 189
160 158 157 157 157 157 156 158 158 157 156 155 156 156 157 158 159 164 164 164 166 166 168 167 169 168 169 168 170 170 171 171 171 166 167 167 167 168 171 172 175 175 174 176 177 177 177 177 177 178 179 179 179 179 179 179 180 180 180 180 180 181 181 182 182 182 182 182 180 175 175 176 175 176 183 184 184 176 176 176 176 177 183 188
160 158 157 158 158 157 158 160 158 158 157 157 157 157 158 158 158 164 165 166 166 167 167 168 168 168 168 170 170 171 171 172 171 170 168 168 168 168 169 170 174 176 176 176 177 177 177 177 178 178 178 179 179 179 179 179 179 181 180 181 181 181 181 181 181 181 181 181 181 175 175 175 174 175 182 182 183 176 176 175 174 176 178 187
157 157 157 160 160 158 160 161 159 158 158 159 158 157 158 159 164 165 166 166 167 167 167 168 169 170 170 169 170 171 171 172 172 171 171 171 172 173 170 170 171 174 176 175 177 177 177 176 177 177 178 179 178 178 178 177 179 179 179 179 180 181 181 181 181 181 181 181 181 181 175 174 174 174 175 175 175 176 175 174 172 175 177 185
156 156 157 158 160 161 161 161 160 159 158 158 157 157 158 159 160 165 166 167 167 167 169 168 169 170 170 171 171 171 171 172 172 171 172 172 173 173 173 173 171 174 174 176 177 177 176 176 176 177 178 178 178 177 174 174 178 180 180 179 179 180 179 180 180 180 180 181 181 181 175 174 174 174 175 175 175 175 175 172 172 172 174 180
158 157 157 158 159 160 161 163 159 158 159 158 157 159 159 160 160 165 166 167 167 168 168 169 170 170 171 171 171 172 172 172 173 172 172 173 173 173 173 174 171 173 175 176 176 177 176 175 177 177 178 176 174 177 173 175 178 178 178 178 180 178 179 180 180 180 180 180 180 181 181 174 174 174 177 175 175 175 174 173 172 174 175 177
162 157 158 158 158 159 159 162 160 160 158 156 158 158 160 159 161 162 165 166 167 167 167 168 169 169 170 171 172 172 172 173 173 173 173 173 173 174 174 175 175 176 175 175 176 177 175 177 178 178 178 172 176 173 173 175 177 178 178 178 179 177 177 179 179 178 180 180 180 180 180 180 178 181 181 182 175 174 174 174 173 174 175 177
162 162 163 158 159 159 159 159 163 161 160 161 159 159 161 159 161 161 161 165 166 162 170 170 168 170 171 172 172 172 172 173 173 173 173 173 174 174 174 174 174 175 175 175 176 175 177 178 178 178 177 173 176 172 172 176 177 177 178 178 177 177 178 177 176 177 179 179 179 180 180 180 181 181 181 183 178 174 174 174 175 175 180 186
163 163 164 164 163 165 164 159 162 164 164 164 161 160 161 161 163 165 167 168 168 170 170 170 171 171 171 171 172 172 173 173 173 173 173 173 174 174 174 174 174 174 174 174 176 175 177 177 175 171 172 172 171 171 172 176 176 177 177 177 177 176 178 178 177 178 179 179 179 179 180 180 180 181 181 181 183 174 175 175 175 177 181 186
163 163 163 164 164 165 165 164 164 166 167 167 161 162 161 163 163 164 164 165 166 170 170 170 171 171 172 170 171 172 172 172 173 173 172 173 173 174 174 174 173 174 174 174 176 177 177 174 174 171 171 170 170 171 172 175 175 176 177 177 176 176 176 176 176 178 178 178 178 179 179 180 180 179 179 180 182 184 176 175 184 177 179 179
163 162 163 164 163 164 166 165 165 165 166 167 167 161 162 168 166 164 169 170 170 169 170 170 170 170 170 169 171 171 171 171 172 172 172 172 173 173 173 173 173 172 175 176 175 176 174 173 170 170 171 170 171 171 171 173 175 171 176 176 176 175 176 176 177 177 177 178 178 179 179 179 179 175 175 182 183 184 184 184 185 185 185 186
162 162 163 162 163 164 164 164 163 165 164 165 166 167 168 168 169 169 169 170 167 169 164 170 170 170 169 168 171 170 172 172 171 172 172 171 172 172 173 173 172 172 174 176 176 176 175 171 170 170 171 169 169 170 171 174 175 174 176 176 175 175 175 175 175 175 177 177 178 178 179 178 178 177 175 181 182 182 183 185 185 185 185 186
161 162 162 162 163 163 163 163 164 165 164 165 166 168 168 166 168 169 169 167 164 164 164 170 169 169 167 168 169 170 170 171 171 170 170 171 171 172 172 173 172 173 173 175 174 171 168 169 169 170 169 169 169 169 172 173 172 173 175 175 174 174 175 175 175 175 176 177 177 178 178 176 174 175 175 175 175 182 183 184 184 179 186 186
160 161 161 162 162 163 163 163 163 165 164 163 164 168 167 166 165 167 161 162 163 167 169 169 169 168 167 167 169 169 170 170 170 171 171 170 169 172 172 172 172 172 174 175 174 167 167 168 168 169 169 169 169 170 173 173 173 175 175 175 175 174 174 174 175 175 176 176 177 178 173 173 174 174 174 175 176 179 183 183 179 185 186 186
