invasiveSpecies/multiSpecies/data/worldclim_KE/worldclim_KE_2050_BC26_Bio6.asc
ncols         347
nrows         295
xllcorner     36.068012264173
yllcorner     0.13039239511974
cellsize      0.0083333333333333
NODATA_value  -9999
[rows 185 to 221 of 295, columns 84 to 167 of 347]
-9999 -9999 -9999 -9999 -9999 -9999 -9999 -9999 -9999 -9999 -9999 -9999 -9999 -9999 -9999 -9999 -9999 -9999 -9999 -9999 -9999 -9999 -9999 -9999 -9999 -9999 -9999 -9999 -9999 -9999 -9999 -9999 134 128 131 132 130 129 126 127 128 129 128 128 124 126 127 128 128 126 126 125 126 126 125 124 125 126 125 126 125 124 126 125 125 124 112 106 121 128 143 150 152 153 153 154 154 155 155 155 155 156 156 157
-9999 -9999 -9999 -9999 -9999 -9999 -9999 -9999 -9999 -9999 -9999 -9999 -9999 -9999 -9999 -9999 -9999 -9999 -9999 -9999 -9999 -9999 -9999 -9999 -9999 -9999 -9999 -9999 -9999 -9999 -9999 -9999 133 128 130 130 128 127 126 126 127 127 129 127 125 124 125 126 127 126 126 126 126 126 125 125 125 126 126 126 126 126 127 126 126 125 119 108 120 136 148 150 152 152 153 154 154 154 154 155 155 155 155 155
-9999 -9999 -9999 -9999 -9999 -9999 -9999 -9999 -9999 -9999 -9999 -9999 -9999 -9999 -9999 -9999 -9999 -9999 -9999 -9999 -9999 -9999 -9999 -9999 -9999 -9999 -9999 -9999 -9999 -9999 -9999 132 134 127 127 130 126 126 123 125 125 126 128 126 126 124 125 126 126 124 126 127 127 126 125 126 126 127 126 127 127 127 127 126 127 126 125 122 129 142 147 149 151 151 153 153 153 154 153 154 154 155 155 155
-9999 -9999 -9999 -9999 -9999 -9999 -9999 -9999 -9999 -9999 -9999 -9999 -9999 -9999 -9999 -9999 -9999 -9999 -9999 -9999 -9999 -9999 -9999 -9999 -9999 -9999 -9999 -9999 -9999 -9999 -9999 133 131 124 125 127 125 126 124 123 124 125 125 127 126 125 124 124 125 126 127 128 126 126 126 127 127 128 128 128 128 127 127 128 127 126 126 125 123 131 136 147 150 150 152 152 153 153 153 154 154 154 154 154
-9999 -9999 -9999 -9999 -9999 -9999 -9999 -9999 -9999 -9999 -9999 -9999 -9999 -9999 -9999 -9999 -9999 -9999 -9999 -9999 -9999 -9999 -9999 -9999 -9999 -9999 -9999 -9999 -9999 -9999 -9999 133 129 127 121 121 125 125 123 124 124 124 125 127 127 124 125 125 127 127 127 128 128 126 127 127 128 129 129 129 128 129 128 129 127 128 127 127 126 127 119 129 146 144 149 151 151 152 152 153 153 153 153 153
-9999 -9999 -9999 -9999 -9999 -9999 -9999 -9999 -9999 -9999 -9999 -9999 -9999 -9999 -9999 -9999 -9999 -9999 -9999 -9999 -9999 -9999 -9999 -9999 -9999 -9999 -9999 -9999 -9999 -9999 -9999 131 129 124 114 114 114 122 123 123 123 124 124 126 125 124 124 127 126 128 126 128 128 127 127 128 129 130 128 128 129 128 128 128 128 127 127 126 123 124 114 112 121 134 146 147 149 150 151 152 152 152 153 152
-9999 -9999 -9999 -9999 -9999 -9999 -9999 -9999 -9999 -9999 -9999 -9999 -9999 -9999 -9999 -9999 -9999 -9999 -9999 -9999 -9999 -9999 -9999 -9999 -9999 -9999 -9999 -9999 -9999 -9999 132 128 121 113 113 116 117 120 121 122 122 123 125 125 125 124 125 125 127 128 129 129 128 128 127 128 129 130 129 127 127 127 128 127 128 127 126 126 125 114 110 97 123 124 134 141 146 148 145 149 151 152 152 151
-9999 -9999 -9999 -9999 -9999 -9999 -9999 -9999 -9999 -9999 -9999 -9999 -9999 -9999 -9999 -9999 -9999 -9999 -9999 -9999 -9999 -9999 -9999 -9999 -9999 -9999 -9999 -9999 -9999 -9999 130 126 113 113 113 117 118 119 120 122 123 124 124 124 124 124 125 126 127 128 129 129 129 128 127 129 130 130 129 127 126 127 126 126 127 127 126 125 125 118 108 99 112 121 125 134 140 139 144 146 148 151 151 148
-9999 -9999 -9999 -9999 -9999 -9999 -9999 -9999 -9999 -9999 -9999 -9999 -9999 -9999 -9999 -9999 -9999 -9999 -9999 -9999 -9999 -9999 -9999 -9999 -9999 -9999 -9999 -9999 -9999 -9999 129 117 113 113 113 113 117 121 121 122 123 123 124 123 124 125 125 126 127 128 129 130 130 128 128 129 130 130 130 128 127 125 125 127 126 125 126 125 124 118 105 91 96 107 125 125 132 127 132 138 141 150 150 149
-9999 -9999 -9999 -9999 -9999 -9999 -9999 -9999 -9999 -9999 -9999 -9999 -9999 -9999 -9999 -9999 -9999 -9999 -9999 -9999 -9999 -9999 -9999 -9999 -9999 -9999 -9999 -9999 -9999 128 122 113 113 113 113 113 114 114 121 122 122 122 123 123 124 125 126 126 127 128 129 130 131 129 129 130 131 130 129 128 127 127 125 125 125 125 126 124 123 116 104 90 85 86 109 119 119 117 112 121 129 147 149 146
-9999 -9999 -9999 -9999 -9999 -9999 -9999 -9999 -9999 -9999 -9999 -9999 -9999 -9999 -9999 -9999 -9999 -9999 -9999 -9999 -9999 -9999 -9999 -9999 -9999 -9999 -9999 -9999 -9999 130 120 113 117 121 115 113 114 114 119 121 122 121 122 122 124 125 127 127 128 128 129 130 131 130 130 131 131 130 128 127 127 125 123 124 124 127 126 125 118 114 105 95 81 84 96 105 105 92 104 123 135 148 149 145
-9999 -9999 -9999 -9999 -9999 -9999 -9999 -9999 -9999 -9999 -9999 -9999 -9999 -9999 -9999 -9999 -9999 -9999 -9999 -9999 -9999 -9999 -9999 -9999 -9999 -9999 -9999 -9999 -9999 126 124 114 120 122 119 115 115 117 119 120 121 121 122 121 124 125 127 127 128 129 129 130 131 132 132 132 130 130 129 128 126 125 124 126 127 127 126 125 116 113 105 99 88 85 86 96 87 81 94 110 126 143 148 148
-9999 -9999 -9999 -9999 -9999 -9999 -9999 -9999 -9999 -9999 -9999 -9999 -9999 -9999 -9999 -9999 -9999 -9999 -9999 -9999 -9999 -9999 -9999 -9999 -9999 -9999 -9999 -9999 128 121 115 113 121 123 122 117 115 116 115 114 115 120 122 123 124 124 126 126 127 129 130 130 131 133 132 131 129 128 128 127 127 126 125 126 126 127 126 125 122 113 112 103 96 84 74 67 78 86 94 114 129 142 148 149
-9999 -9999 -9999 -9999 -9999 -9999 -9999 -9999 -9999 -9999 -9999 -9999 -9999 -9999 -9999 -9999 -9999 -9999 -9999 -9999 -9999 -9999 -9999 -9999 -9999 -9999 -9999 -9999 129 114 114 114 121 122 123 123 123 124 124 122 125 115 120 121 122 123 126 127 127 129 131 131 131 133 131 130 129 129 128 129 128 128 127 126 127 129 128 125 122 116 110 102 97 92 87 92 91 102 96 117 129 145 148 149
-9999 -9999 -9999 -9999 -9999 -9999 -9999 -9999 -9999 -9999 -9999 -9999 -9999 -9999 -9999 -9999 -9999 -9999 -9999 -9999 -9999 -9999 -9999 -9999 -9999 -9999 -9999 -9999 128 113 116 118 120 121 124 125 126 126 127 126 127 124 118 120 120 124 125 127 129 130 131 131 132 133 132 130 130 129 129 130 129 129 128 127 127 129 128 126 122 117 109 108 101 95 98 102 108 113 110 120 121 146 149 148
-9999 -9999 -9999 -9999 -9999 -9999 -9999 -9999 -9999 -9999 -9999 -9999 -9999 -9999 -9999 -9999 -9999 -9999 -9999 -9999 -9999 -9999 -9999 -9999 -9999 -9999 -9999 -9999 127 113 117 120 121 121 124 125 126 127 128 128 128 127 127 127 123 122 124 127 128 129 131 132 132 134 132 132 131 130 131 131 131 131 130 128 128 130 129 128 126 124 115 115 111 108 108 109 114 121 122 135 147 147 149 149
-9999 -9999 -9999 -9999 -9999 -9999 -9999 -9999 -9999 -9999 -9999 -9999 -9999 -9999 -9999 -9999 -9999 -9999 -9999 -9999 -9999 -9999 -9999 -9999 -9999 -9999 -9999 -9999 127 118 120 121 122 121 124 125 126 127 127 128 129 128 128 128 128 127 124 125 125 126 130 132 133 133 134 132 131 131 132 134 132 132 129 130 129 130 131 129 128 126 124 119 120 116 118 119 123 130 136 141 145 147 148 149
-9999 -9999 -9999 -9999 -9999 -9999 -9999 -9999 -9999 -9999 -9999 -9999 -9999 -9999 -9999 -9999 -9999 -9999 -9999 -9999 -9999 -9999 -9999 -9999 -9999 -9999 -9999 125 124 113 119 121 123 122 124 125 126 126 127 128 129 129 130 129 129 129 128 127 119 128 128 131 133 134 135 133 132 133 133 135 134 132 131 130 131 131 132 130 129 128 127 126 124 125 126 126 131 136 130 143 131 132 145 147
-9999 -9999 -9999 -9999 -9999 -9999 -9999 -9999 -9999 -9999 -9999 -9999 -9999 -9999 -9999 -9999 -9999 -9999 -9999 -9999 -9999 -9999 -9999 -9999 -9999 -9999 -9999 126 123 113 120 121 122 124 123 125 125 126 128 129 129 130 130 130 131 130 130 127 123 125 125 126 132 134 135 132 133 134 135 135 134 134 132 131 132 132 132 131 130 130 129 128 127 127 128 128 115 109 117 131 136 127 145 145
-9999 -9999 -9999 -9999 -9999 -9999 -9999 -9999 -9999 -9999 -9999 -9999 -9999 -9999 -9999 -9999 -9999 -9999 -9999 -9999 -9999 -9999 -9999 -9999 -9999 -9999 -9999 124 123 116 120 121 122 124 125 125 126 126 128 128 128 129 130 131 131 132 130 130 119 127 129 130 132 134 136 134 134 135 136 136 136 134 133 132 133 133 133 133 132 131 130 129 129 129 130 129 120 110 117 137 139 133 142 145
-9999 -9999 -9999 -9999 -9999 -9999 -9999 -9999 -9999 -9999 -9999 -9999 -9999 -9999 -9999 -9999 -9999 -9999 -9999 -9999 -9999 -9999 -9999 -9999 -9999 -9999 -9999 123 120 120 120 122 122 123 124 124 125 126 127 128 129 130 131 130 131 133 132 131 124 128 131 133 134 135 137 134 135 137 138 137 137 136 134 133 133 133 134 133 132 132 131 131 131 131 130 128 114 111 114 127 139 140 143 145
-9999 -9999 -9999 -9999 -9999 -9999 -9999 -9999 -9999 -9999 -9999 -9999 -9999 -9999 -9999 -9999 -9999 -9999 -9999 -9999 -9999 -9999 -9999 -9999 -9999 -9999 -9999 -9999 120 121 123 122 123 125 126 125 125 125 127 128 129 131 131 131 132 133 132 131 125 123 130 132 133 134 137 136 137 137 137 139 138 137 135 136 135 135 134 133 133 134 134 132 132 133 132 132 122 114 121 121 138 142 143 144
-9999 -9999 -9999 -9999 -9999 -9999 -9999 -9999 -9999 -9999 -9999 -9999 -9999 -9999 -9999 -9999 -9999 -9999 -9999 -9999 -9999 -9999 -9999 -9999 -9999 -9999 -9999 -9999 121 122 123 123 123 125 127 126 126 126 124 129 130 131 132 133 134 133 132 129 122 125 130 130 132 134 136 138 138 139 138 140 139 138 136 137 136 136 135 135 135 135 135 134 133 134 133 133 130 123 129 138 140 142 142 145
-9999 -9999 -9999 -9999 -9999 -9999 -9999 -9999 -9999 -9999 -9999 -9999 -9999 -9999 -9999 -9999 -9999 -9999 -9999 -9999 -9999 -9999 -9999 -9999 -9999 -9999 -9999 121 121 122 124 125 125 126 127 127 127 126 127 128 130 131 132 133 133 135 134 132 133 130 125 131 133 134 135 136 136 138 140 141 140 139 139 137 135 136 136 136 136 136 136 135 136 135 135 135 136 137 137 138 131 138 139 143
-9999 -9999 -9999 -9999 -9999 -9999 -9999 -9999 -9999 -9999 -9999 -9999 -9999 -9999 -9999 -9999 -9999 -9999 -9999 -9999 -9999 -9999 -9999 -9999 -9999 -9999 -9999 -9999 120 121 123 125 124 125 126 128 128 127 128 129 130 130 131 132 133 136 135 133 134 134 131 130 134 134 134 136 136 138 141 141 141 139 139 137 136 136 137 137 137 137 137 137 136 136 136 136 136 137 136 123 122 137 136 142
-9999 -9999 -9999 -9999 -9999 -9999 -9999 -9999 -9999 -9999 -9999 -9999 -9999 -9999 -9999 -9999 -9999 -9999 -9999 -9999 -9999 -9999 -9999 -9999 -9999 -9999 -9999 -9999 120 122 124 126 126 127 128 128 129 127 128 129 130 131 132 133 135 136 136 136 136 134 131 134 133 135 136 137 137 140 140 141 142 141 139 137 137 137 138 138 138 138 138 138 137 137 137 137 137 135 133 122 124 140 142 141
-9999 -9999 -9999 -9999 -9999 -9999 -9999 -9999 -9999 -9999 -9999 -9999 -9999 -9999 -9999 -9999 -9999 -9999 -9999 -9999 -9999 -9999 -9999 -9999 -9999 -9999 -9999 -9999 119 123 126 126 125 127 129 129 130 128 129 129 131 131 132 133 133 134 135 137 137 137 137 136 134 135 137 138 139 141 140 143 141 141 139 138 138 137 138 139 139 139 139 139 138 137 136 135 136 133 131 124 119 138 143 145
-9999 -9999 -9999 -9999 -9999 -9999 -9999 -9999 -9999 -9999 -9999 -9999 -9999 -9999 -9999 -9999 -9999 -9999 -9999 -9999 -9999 -9999 -9999 -9999 -9999 111 116 117 116 123 126 127 128 128 130 131 131 130 130 130 130 131 131 132 133 133 134 136 138 139 137 137 133 136 138 139 140 142 141 143 143 140 139 140 139 138 138 139 140 140 140 139 138 138 134 134 132 125 129 126 115 142 144 146
-9999 -9999 -9999 -9999 -9999 -9999 -9999 -9999 -9999 -9999 -9999 -9999 -9999 -9999 -9999 -9999 -9999 -9999 -9999 -9999 -9999 -9999 -9999 -9999 -9999 111 115 117 117 123 126 126 128 130 130 131 132 132 131 132 131 132 131 131 132 133 133 136 137 138 139 138 137 139 139 140 142 143 143 144 143 142 139 141 141 139 138 140 140 141 140 140 140 138 136 133 131 128 117 116 110 142 144 147
-9999 -9999 -9999 -9999 -9999 -9999 -9999 -9999 -9999 -9999 -9999 -9999 -9999 -9999 -9999 -9999 -9999 -9999 -9999 -9999 -9999 -9999 -9999 -9999 -9999 108 115 117 121 124 125 128 127 128 130 132 133 133 132 133 132 133 133 132 134 134 135 137 137 139 140 138 139 140 140 141 142 144 143 145 144 141 141 141 141 140 138 139 140 141 141 141 140 139 137 132 130 115 108 113 113 131 143 147
-9999 -9999 -9999 -9999 -9999 -9999 -9999 -9999 -9999 -9999 -9999 -9999 -9999 -9999 -9999 -9999 -9999 -9999 -9999 -9999 -9999 -9999 -9999 -9999 -9999 -9999 117 120 121 123 126 129 127 128 129 130 132 132 134 135 134 134 135 134 134 134 135 136 138 139 140 140 140 139 141 142 143 144 146 144 143 143 141 142 142 141 140 139 140 141 142 142 141 140 138 137 132 126 113 118 113 126 143 145
-9999 -9999 -9999 -9999 -9999 -9999 -9999 -9999 -9999 -9999 -9999 -9999 -9999 -9999 -9999 -9999 -9999 -9999 -9999 -9999 -9999 -9999 -9999 -9999 -9999 106 113 120 121 125 127 129 131 128 128 131 133 133 135 135 136 137 136 135 134 134 136 137 138 140 140 142 142 142 141 142 144 145 146 145 143 142 142 142 143 142 141 139 140 141 142 142 142 141 140 138 131 129 118 127 117 128 141 145
-9999 -9999 -9999 -9999 -9999 -9999 -9999 -9999 -9999 -9999 -9999 -9999 -9999 -9999 -9999 -9999 -9999 -9999 -9999 -9999 -9999 -9999 -9999 -9999 109 108 115 118 124 127 128 130 132 132 132 133 135 136 -9999 -9999 -9999 -9999 139 137 135 135 135 137 137 139 139 141 142 143 143 144 145 146 147 146 144 144 143 143 144 143 142 141 141 142 143 143 143 142 141 139 130 129 126 132 125 127 144 146
-9999 -9999 -9999 -9999 -9999 -9999 -9999 -9999 -9999 -9999 -9999 -9999 -9999 -9999 -9999 -9999 -9999 -9999 -9999 -9999 -9999 -9999 -9999 -9999 110 111 115 117 122 129 130 132 133 134 135 134 -9999 -9999 -9999 -9999 -9999 -9999 -9999 140 137 137 137 135 137 138 139 141 142 144 145 145 146 147 148 147 146 145 145 144 145 144 143 142 142 142 143 143 143 143 142 141 131 134 134 140 137 132 139 147
-9999 -9999 -9999 -9999 -9999 -9999 -9999 -9999 -9999 -9999 -9999 -9999 -9999 -9999 -9999 -9999 -9999 -9999 -9999 -9999 -9999 -9999 -9999 -9999 113 121 121 115 125 132 129 133 134 -9999 -9999 -9999 -9999 -9999 -9999 -9999 -9999 -9999 -9999 -9999 139 138 139 138 138 138 138 140 142 143 144 146 147 149 149 149 147 146 146 145 146 145 144 142 142 143 144 144 144 144 143 143 143 140 142 143 142 141 146 148
-9999 -9999 -9999 -9999 -9999 -9999 -9999 -9999 -9999 -9999 -9999 -9999 -9999 -9999 -9999 -9999 -9999 -9999 -9999 -9999 -9999 -9999 -9999 -9999 117 114 126 123 127 134 -9999 -9999 -9999 -9999 -9999 -9999 -9999 -9999 -9999 -9999 -9999 -9999 -9999 -9999 -9999 -9999 140 139 138 140 141 141 142 142 146 146 149 149 148 149 148 147 147 146 146 145 144 144 143 143 144 144 145 145 145 146 146 146 144 143 144 145 147 148
-9999 -9999 -9999 -9999 -9999 -9999 -9999 -9999 -9999 -9999 -9999 -9999 -9999 -9999 -9999 -9999 -9999 -9999 -9999 -9999 -9999 -9999 -9999 -9999 127 130 131 -9999 -9999 -9999 -9999 -9999 -9999 -9999 -9999 -9999 -9999 -9999 -9999 -9999 -9999 -9999 -9999 -9999 -9999 -9999 -9999 -9999 140 141 143 144 144 143 145 148 148 146 147 148 150 148 148 147 147 147 146 144 143 143 144 144 145 145 145 145 147 147 145 146 146 145 144 147
