invasiveSpecies/multiSpecies/data/worldclim_KE/worldclim_KE_2050_BC85_Bio13.asc
ncols         347
nrows         295
xllcorner     36.068012264173
yllcorner     0.13039239511974
cellsize      0.0083333333333333
NODATA_value  -9999
[rows 222 to 258 of 295, columns 84 to 167 of 347]
-9999 -9999 -9999 -9999 -9999 -9999 -9999 -9999 -9999 -9999 -9999 -9999 -9999 -9999 -9999 -9999 -9999 -9999 -9999 -9999 -9999 -9999 -9999 -9999 -9999 -9999 -9999 -9999 -9999 -9999 -9999 -9999 -9999 -9999 -9999 -9999 -9999 -9999 -9999 -9999 -9999 -9999 -9999 -9999 -9999 -9999 -9999 -9999 -9999 -9999 -9999 -9999 -9999 185 178 179 179 182 180 174 172 165 164 168 172 174 179 180 184 187 185 183 181 176 174 172 171 170 171 173 175 176 221 216
-9999 -9999 -9999 -9999 -9999 -9999 -9999 -9999 -9999 -9999 -9999 -9999 -9999 -9999 -9999 -9999 -9999 -9999 -9999 -9999 -9999 -9999 -9999 -9999 -9999 -9999 -9999 -9999 -9999 -9999 -9999 -9999 -9999 -9999 -9999 -9999 -9999 -9999 -9999 -9999 -9999 -9999 -9999 -9999 -9999 -9999 -9999 -9999 -9999 -9999 -9999 -9999 -9999 190 179 187 184 185 185 181 175 170 164 164 168 171 174 179 182 186 186 185 184 181 176 172 170 170 171 173 182 226 233 219
-9999 -9999 -9999 -9999 -9999 -9999 -9999 -9999 -9999 -9999 -9999 -9999 -9999 -9999 -9999 -9999 -9999 -9999 -9999 -9999 -9999 -9999 -9999 -9999 -9999 -9999 -9999 -9999 -9999 -9999 -9999 -9999 -9999 -9999 -9999 -9999 -9999 -9999 -9999 -9999 -9999 -9999 -9999 -9999 -9999 -9999 -9999 -9999 -9999 -9999 -9999 -9999 -9999 198 192 195 192 192 190 183 179 174 170 164 166 168 172 174 178 183 183 185 192 185 182 176 171 170 170 186 192 229 247 231
-9999 -9999 -9999 -9999 -9999 -9999 -9999 -9999 -9999 -9999 -9999 -9999 -9999 -9999 -9999 -9999 -9999 -9999 -9999 -9999 -9999 -9999 -9999 -9999 -9999 -9999 -9999 -9999 -9999 -9999 -9999 -9999 -9999 -9999 -9999 -9999 -9999 -9999 -9999 -9999 -9999 -9999 -9999 -9999 -9999 -9999 -9999 -9999 -9999 -9999 -9999 -9999 -9999 201 201 200 199 195 190 183 180 175 171 165 163 166 170 172 177 179 179 181 184 187 199 181 175 171 174 195 216 226 228 233
-9999 -9999 -9999 -9999 -9999 -9999 -9999 -9999 -9999 -9999 -9999 -9999 -9999 -9999 -9999 -9999 -9999 -9999 -9999 -9999 -9999 -9999 -9999 -9999 -9999 -9999 -9999 -9999 -9999 -9999 -9999 -9999 -9999 -9999 -9999 -9999 -9999 -9999 -9999 -9999 -9999 -9999 -9999 -9999 -9999 -9999 -9999 -9999 -9999 -9999 -9999 -9999 -9999 206 209 203 202 201 193 187 183 183 174 167 160 164 170 172 174 176 177 178 179 186 211 190 178 174 174 205 236 212 204 212
111 112 115 115 -9999 -9999 -9999 -9999 -9999 -9999 -9999 -9999 -9999 -9999 -9999 -9999 -9999 -9999 -9999 -9999 -9999 -9999 -9999 -9999 -9999 -9999 -9999 -9999 -9999 -9999 -9999 -9999 -9999 -9999 -9999 -9999 -9999 -9999 -9999 -9999 -9999 -9999 -9999 -9999 -9999 -9999 -9999 -9999 -9999 -9999 -9999 -9999 207 208 210 208 205 200 196 193 195 193 179 170 165 159 170 168 171 175 175 175 177 183 187 192 182 178 176 180 189 192 188 182
112 117 115 119 118 121 130 128 -9999 -9999 -9999 -9999 -9999 -9999 -9999 -9999 -9999 -9999 -9999 -9999 -9999 -9999 -9999 -9999 -9999 -9999 -9999 -9999 -9999 -9999 -9999 -9999 -9999 -9999 -9999 -9999 -9999 -9999 -9999 -9999 -9999 -9999 -9999 -9999 -9999 -9999 -9999 -9999 -9999 -9999 -9999 214 207 209 214 212 207 203 200 194 195 190 181 173 167 159 163 166 168 172 170 171 174 179 182 204 191 183 178 180 199 199 194 190
113 114 117 117 119 121 127 134 134 128 -9999 -9999 -9999 -9999 -9999 -9999 -9999 -9999 -9999 -9999 -9999 -9999 -9999 -9999 -9999 -9999 -9999 -9999 -9999 -9999 -9999 -9999 -9999 -9999 -9999 -9999 -9999 -9999 -9999 -9999 -9999 -9999 -9999 -9999 -9999 -9999 -9999 -9999 -9999 -9999 -9999 210 213 212 213 214 206 202 196 189 186 178 175 171 166 161 158 163 164 171 168 170 171 177 190 222 204 192 176 174 180 212 224 204
111 112 113 115 118 120 121 129 137 127 -9999 -9999 -9999 -9999 -9999 -9999 -9999 -9999 -9999 -9999 -9999 -9999 -9999 -9999 -9999 -9999 -9999 -9999 -9999 -9999 -9999 -9999 -9999 -9999 -9999 -9999 -9999 -9999 -9999 -9999 -9999 -9999 -9999 -9999 -9999 -9999 -9999 -9999 -9999 -9999 216 215 217 214 214 209 203 198 194 190 188 181 179 172 168 164 157 159 163 169 165 167 169 172 185 230 219 185 175 178 180 218 230 222
110 111 112 116 118 118 120 136 139 126 124 -9999 -9999 -9999 -9999 -9999 -9999 -9999 -9999 -9999 -9999 -9999 -9999 -9999 -9999 -9999 -9999 -9999 -9999 -9999 -9999 -9999 -9999 -9999 -9999 -9999 -9999 -9999 -9999 -9999 -9999 -9999 -9999 -9999 -9999 -9999 -9999 -9999 -9999 220 216 221 218 215 208 204 200 199 198 196 191 186 181 177 169 165 159 156 162 170 165 163 167 173 181 194 243 183 169 166 172 194 201 184
109 110 112 114 117 117 118 121 134 126 126 126 -9999 -9999 -9999 -9999 -9999 -9999 -9999 -9999 -9999 -9999 -9999 -9999 -9999 -9999 -9999 -9999 -9999 -9999 -9999 -9999 -9999 -9999 -9999 -9999 -9999 -9999 -9999 -9999 -9999 -9999 -9999 -9999 -9999 -9999 -9999 -9999 -9999 220 222 221 219 211 207 204 199 196 196 195 191 185 180 176 171 165 162 156 158 163 163 163 163 168 174 184 194 202 172 173 168 179 202 175
108 110 113 114 116 116 119 122 130 142 134 150 -9999 -9999 -9999 -9999 -9999 -9999 -9999 -9999 -9999 -9999 -9999 -9999 -9999 -9999 -9999 -9999 -9999 -9999 -9999 -9999 -9999 -9999 -9999 -9999 -9999 -9999 -9999 -9999 -9999 -9999 -9999 -9999 -9999 -9999 -9999 -9999 225 226 221 215 210 205 204 204 198 195 192 189 185 183 179 176 170 166 162 157 154 158 160 161 163 165 169 175 177 181 166 164 162 163 193 161
108 110 112 114 116 117 127 145 144 157 131 144 152 -9999 -9999 -9999 -9999 -9999 -9999 -9999 -9999 -9999 -9999 -9999 -9999 -9999 -9999 -9999 -9999 -9999 -9999 -9999 -9999 -9999 -9999 -9999 -9999 -9999 -9999 -9999 -9999 -9999 -9999 -9999 -9999 -9999 -9999 228 227 225 216 212 207 200 201 200 195 193 188 188 181 181 178 174 169 166 163 159 155 153 158 160 161 165 165 167 168 169 159 158 158 158 200 154
108 110 112 114 118 118 118 150 149 161 176 156 -9999 -9999 -9999 -9999 -9999 -9999 -9999 -9999 -9999 -9999 -9999 -9999 -9999 -9999 -9999 -9999 -9999 -9999 -9999 -9999 -9999 -9999 -9999 -9999 -9999 -9999 -9999 -9999 -9999 -9999 -9999 -9999 -9999 -9999 -9999 231 228 216 213 207 201 200 200 198 191 190 186 186 181 176 176 173 168 163 159 158 158 153 157 160 162 161 161 161 165 168 158 155 154 151 152 149
108 112 116 119 119 121 136 154 163 172 180 166 140 -9999 -9999 -9999 -9999 -9999 -9999 -9999 -9999 -9999 -9999 -9999 -9999 -9999 -9999 -9999 -9999 -9999 -9999 -9999 -9999 -9999 -9999 -9999 -9999 -9999 -9999 -9999 -9999 -9999 -9999 -9999 -9999 -9999 235 232 227 218 210 206 203 199 199 195 190 189 185 180 177 172 169 169 164 162 164 163 160 157 152 155 160 159 160 158 160 159 154 150 150 150 148 149
105 108 113 116 114 119 139 144 158 167 175 173 -9999 -9999 -9999 -9999 -9999 -9999 -9999 -9999 -9999 -9999 -9999 -9999 -9999 -9999 -9999 -9999 -9999 -9999 -9999 -9999 -9999 -9999 -9999 -9999 -9999 -9999 -9999 -9999 -9999 -9999 -9999 -9999 -9999 -9999 235 234 223 214 208 205 201 199 195 192 188 184 181 178 176 176 173 170 170 166 168 165 162 157 152 157 158 157 158 155 155 154 155 148 147 149 144 144
105 107 109 111 110 114 130 126 157 168 184 186 -9999 -9999 -9999 -9999 -9999 -9999 -9999 -9999 -9999 -9999 -9999 -9999 -9999 -9999 -9999 -9999 -9999 -9999 -9999 -9999 -9999 -9999 -9999 -9999 -9999 274 272 266 262 257 250 -9999 243 238 235 227 221 213 212 207 204 197 193 190 187 184 183 184 186 179 177 176 174 171 170 166 162 158 152 154 155 154 154 153 151 151 149 148 144 148 142 140
105 107 108 108 110 118 127 131 164 175 181 190 -9999 -9999 -9999 -9999 -9999 -9999 -9999 -9999 -9999 -9999 -9999 -9999 -9999 -9999 -9999 -9999 -9999 -9999 -9999 -9999 -9999 -9999 -9999 280 278 272 270 266 263 256 252 246 242 239 236 226 218 214 215 208 201 198 193 191 188 187 185 189 200 186 183 179 176 173 170 164 162 158 153 150 152 153 152 152 148 150 147 143 143 143 138 137
107 107 108 109 112 117 133 159 169 170 169 185 -9999 -9999 -9999 -9999 -9999 -9999 -9999 -9999 -9999 -9999 -9999 -9999 -9999 -9999 -9999 -9999 -9999 -9999 -9999 -9999 -9999 -9999 278 277 277 273 271 267 263 257 251 247 242 240 228 221 219 221 219 210 203 199 196 191 189 191 191 196 226 204 188 183 177 172 170 165 162 158 153 150 147 148 150 147 145 144 143 140 140 141 137 134
107 108 108 109 111 112 129 151 158 165 168 179 -9999 -9999 -9999 -9999 -9999 -9999 -9999 -9999 -9999 -9999 -9999 -9999 -9999 -9999 -9999 -9999 -9999 -9999 -9999 -9999 -9999 -9999 274 269 267 274 273 268 263 260 252 247 244 237 224 221 224 224 216 211 205 202 197 195 193 194 196 201 235 230 192 184 183 172 170 167 163 157 154 153 151 148 145 144 143 142 141 139 139 136 135 135
108 108 110 111 112 115 118 153 162 167 174 184 -9999 -9999 -9999 -9999 -9999 -9999 -9999 -9999 -9999 -9999 -9999 -9999 -9999 -9999 -9999 -9999 -9999 -9999 -9999 -9999 -9999 -9999 230 205 232 271 271 267 262 260 252 246 240 232 227 225 227 225 220 211 206 204 201 197 193 199 199 203 214 211 200 192 185 174 169 168 163 159 159 171 168 153 148 144 150 151 154 142 146 154 153 142
109 109 111 116 121 134 141 160 160 167 171 185 182 183 175 171 172 171 161 -9999 -9999 -9999 -9999 -9999 -9999 -9999 -9999 -9999 -9999 -9999 -9999 -9999 -9999 -9999 259 188 187 266 269 239 265 259 254 247 238 234 229 229 233 229 229 213 209 206 203 199 197 197 206 207 214 208 199 191 182 174 171 167 163 161 172 171 168 167 158 145 148 158 157 157 156 156 153 146
111 112 113 117 130 119 119 147 135 162 173 184 176 174 180 177 172 167 164 163 163 171 167 160 162 159 156 -9999 -9999 -9999 -9999 -9999 -9999 -9999 197 173 183 252 265 177 265 261 259 247 241 231 236 234 235 233 221 214 211 209 204 198 195 217 246 215 224 230 196 191 183 176 171 168 165 166 171 164 158 154 149 157 150 153 159 157 157 157 155 154
-9999 -9999 -9999 -9999 124 120 120 125 125 154 179 181 172 168 179 176 171 173 170 168 162 163 165 164 164 163 154 149 141 139 131 140 145 171 179 139 143 172 213 187 260 262 261 259 237 232 247 241 238 232 225 218 214 211 206 202 195 196 211 213 243 233 205 194 186 182 172 168 170 174 172 160 154 151 153 157 153 154 161 161 159 157 156 154
-9999 -9999 -9999 -9999 -9999 -9999 125 125 126 130 158 182 176 166 176 173 172 168 165 161 159 157 156 157 159 162 147 145 144 136 135 132 151 171 158 143 150 159 190 188 244 261 259 250 238 245 255 242 236 228 224 219 217 214 211 208 197 196 221 208 234 228 209 200 191 183 175 174 177 174 173 159 154 152 154 158 156 159 163 161 156 153 150 148
-9999 -9999 -9999 -9999 -9999 -9999 -9999 153 140 150 159 180 181 167 172 173 166 165 163 159 152 155 153 147 155 157 153 149 147 141 135 128 139 147 150 141 144 166 202 177 195 250 246 244 246 198 253 245 240 232 225 223 220 218 217 211 197 238 212 169 203 233 216 208 197 193 178 174 177 175 173 159 157 153 157 164 158 163 163 161 156 153 150 153
-9999 -9999 -9999 -9999 -9999 -9999 -9999 159 162 166 180 -9999 177 171 166 168 172 167 164 159 152 155 153 147 147 156 153 147 142 136 136 131 136 145 147 145 148 169 157 182 178 245 253 253 248 198 252 247 236 229 227 224 223 232 220 210 202 242 186 172 237 238 240 238 203 191 177 174 177 175 164 160 157 156 159 166 161 158 163 159 157 157 155 154
-9999 -9999 -9999 -9999 -9999 -9999 -9999 -9999 -9999 172 -9999 -9999 -9999 174 168 160 165 166 163 159 154 159 159 149 152 149 151 145 137 137 139 133 128 139 141 136 140 145 146 180 195 255 255 223 203 168 214 246 235 233 229 227 229 243 224 205 201 238 -9999 -9999 218 215 220 220 194 183 177 175 177 167 172 161 157 163 170 168 161 164 164 160 160 157 156 154
-9999 -9999 -9999 -9999 -9999 -9999 -9999 -9999 -9999 -9999 -9999 -9999 -9999 180 171 166 163 164 164 163 164 164 159 156 156 144 147 145 141 142 140 132 128 131 135 145 148 145 159 187 163 216 253 226 205 162 196 247 238 234 232 228 244 235 227 204 204 -9999 -9999 -9999 -9999 207 203 197 190 183 178 172 172 174 165 159 160 164 170 168 165 161 164 162 161 162 159 154
-9999 -9999 -9999 -9999 -9999 -9999 -9999 -9999 -9999 -9999 -9999 -9999 -9999 -9999 176 171 165 170 174 174 171 170 163 162 158 145 145 147 148 147 143 132 132 133 140 151 157 159 162 199 167 191 242 223 146 161 244 239 239 235 233 235 220 244 232 -9999 -9999 -9999 -9999 -9999 -9999 -9999 200 196 188 182 177 175 178 172 164 161 163 165 169 170 166 164 166 166 168 168 161 156
-9999 -9999 -9999 -9999 -9999 -9999 -9999 -9999 -9999 -9999 -9999 -9999 -9999 -9999 181 175 176 174 168 163 164 169 168 167 158 154 152 153 151 148 146 140 135 132 134 132 140 162 175 201 190 235 235 196 174 204 247 243 242 242 235 233 244 235 -9999 -9999 -9999 -9999 -9999 -9999 -9999 -9999 -9999 197 189 182 177 180 178 169 164 162 165 171 170 170 168 165 167 169 171 168 162 158
-9999 -9999 -9999 -9999 -9999 -9999 -9999 -9999 -9999 -9999 -9999 -9999 -9999 -9999 -9999 179 174 166 169 160 160 159 160 166 163 156 154 147 147 144 141 139 136 136 138 138 149 149 183 212 187 196 215 161 194 214 216 224 246 241 244 235 241 -9999 -9999 -9999 -9999 -9999 -9999 -9999 -9999 -9999 -9999 196 190 184 178 177 174 170 165 163 166 171 172 172 170 168 168 171 171 163 162 162
-9999 -9999 -9999 -9999 -9999 -9999 -9999 -9999 -9999 -9999 -9999 -9999 -9999 -9999 -9999 180 173 168 167 164 161 156 154 -9999 160 160 152 147 144 139 141 132 135 141 144 152 165 168 183 206 176 155 181 153 170 206 166 174 201 209 235 -9999 -9999 -9999 -9999 -9999 -9999 -9999 -9999 -9999 -9999 -9999 -9999 199 194 187 182 181 181 170 166 165 166 169 172 173 170 169 172 173 172 166 163 166
-9999 -9999 -9999 -9999 -9999 -9999 -9999 -9999 -9999 -9999 -9999 -9999 -9999 -9999 -9999 178 172 166 168 167 161 160 -9999 -9999 -9999 -9999 -9999 -9999 -9999 -9999 134 131 136 140 146 162 171 179 184 183 178 155 154 162 153 167 202 151 165 164 -9999 -9999 -9999 -9999 -9999 -9999 -9999 -9999 -9999 -9999 -9999 -9999 -9999 -9999 194 188 183 183 178 180 168 166 169 174 174 173 174 172 175 174 173 169 167 169
-9999 -9999 -9999 -9999 -9999 -9999 -9999 -9999 -9999 -9999 -9999 -9999 -9999 -9999 -9999 -9999 175 172 172 167 -9999 -9999 -9999 -9999 -9999 -9999 -9999 -9999 -9999 -9999 -9999 133 132 134 133 158 168 183 193 194 186 170 154 147 143 161 193 161 147 147 -9999 -9999 -9999 -9999 -9999 -9999 -9999 -9999 -9999 -9999 -9999 -9999 -9999 -9999 198 190 185 184 173 171 169 168 168 174 176 176 176 174 176 175 174 172 173 179
-9999 -9999 -9999 -9999 -9999 -9999 -9999 -9999 -9999 -9999 -9999 -9999 -9999 -9999 -9999 -9999 174 173 170 -9999 -9999 -9999 -9999 -9999 -9999 -9999 -9999 -9999 -9999 -9999 -9999 139 132 128 135 144 156 183 174 175 167 187 185 163 150 146 181 164 148 154 -9999 -9999 -9999 -9999 -9999 -9999 -9999 -9999 -9999 -9999 -9999 -9999 -9999 -9999 199 192 187 177 174 171 171 169 169 169 174 177 178 177 179 176 176 178 175 180
-9999 -9999 -9999 -9999 -9999 -9999 -9999 -9999 -9999 -9999 -9999 -9999 -9999 -9999 -9999 -9999 -9999 -9999 -9999 -9999 -9999 -9999 -9999 -9999 -9999 -9999 -9999 -9999 -9999 -9999 -9999 -9999 134 129 136 141 149 178 158 169 159 164 169 162 153 132 132 161 154 142 -9999 -9999 -9999 -9999 -9999 -9999 -9999 -9999 -9999 -9999 -9999 -9999 -9999 -9999 200 195 190 181 177 174 172 173 170 170 174 174 178 178 180 179 179 180 180 181
