invasiveSpecies/multiSpecies/data/worldclim_KE/worldclim_KE_2050_BC26_Bio12.asc
ncols         347
nrows         295
xllcorner     36.068012264173
yllcorner     0.13039239511974
cellsize      0.0083333333333333
NODATA_value  -9999
[rows 148 to 184 of 295, columns 84 to 167 of 347]
-9999 -9999 -9999 -9999 -9999 -9999 -9999 -9999 -9999 -9999 -9999 -9999 -9999 -9999 -9999 -9999 -9999 -9999 -9999 -9999 -9999 -9999 -9999 -9999 -9999 -9999 -9999 -9999 -9999 -9999 -9999 -9999 -9999 -9999 -9999 -9999 -9999 -9999 -9999 -9999 -9999 447 452 471 487 501 538 571 610 615 591 569 594 649 687 693 700 702 682 621 580 563 541 508 497 478 466 459 458 452 448 448 446 447 449 452 450 444 446 445 453 455 445 448
-9999 -9999 -9999 -9999 -9999 -9999 -9999 -9999 -9999 -9999 -9999 -9999 -9999 -9999 -9999 -9999 -9999 -9999 -9999 -9999 -9999 -9999 -9999 -9999 -9999 -9999 -9999 -9999 -9999 -9999 -9999 -9999 -9999 -9999 -9999 -9999 -9999 -9999 -9999 -9999 -9999 449 463 476 488 530 555 581 620 638 620 578 596 628 670 676 697 693 705 661 612 563 542 534 503 481 470 464 460 452 450 450 449 452 454 456 450 450 450 450 451 449 449 452
-9999 -9999 -9999 -9999 -9999 -9999 -9999 -9999 -9999 -9999 -9999 -9999 -9999 -9999 -9999 -9999 -9999 -9999 -9999 -9999 -9999 -9999 -9999 -9999 -9999 -9999 -9999 -9999 -9999 -9999 -9999 -9999 -9999 -9999 -9999 -9999 -9999 -9999 -9999 -9999 -9999 449 489 488 507 545 577 622 626 638 609 592 588 593 618 644 650 678 702 697 646 612 604 605 557 579 511 471 454 454 452 459 459 459 463 461 453 455 458 451 454 455 454 458
-9999 -9999 -9999 -9999 -9999 -9999 -9999 -9999 -9999 -9999 -9999 -9999 -9999 -9999 -9999 -9999 -9999 -9999 -9999 -9999 -9999 -9999 -9999 -9999 -9999 -9999 -9999 -9999 -9999 -9999 -9999 -9999 -9999 -9999 -9999 -9999 -9999 -9999 -9999 -9999 -9999 452 496 498 527 557 555 643 638 659 630 594 604 622 616 629 661 684 702 709 676 683 673 667 601 621 548 478 464 462 460 466 469 464 467 462 460 463 459 459 460 456 455 454
-9999 -9999 -9999 -9999 -9999 -9999 -9999 -9999 -9999 -9999 -9999 -9999 -9999 -9999 -9999 -9999 -9999 -9999 -9999 -9999 -9999 -9999 -9999 -9999 -9999 -9999 -9999 -9999 -9999 -9999 -9999 -9999 -9999 -9999 -9999 -9999 -9999 -9999 -9999 -9999 -9999 453 493 493 548 581 597 617 622 635 648 623 616 629 661 685 663 703 705 710 701 713 710 705 656 667 587 500 471 466 466 469 470 476 476 465 463 464 464 463 459 455 452 448
-9999 -9999 -9999 -9999 -9999 -9999 -9999 -9999 -9999 -9999 -9999 -9999 -9999 -9999 -9999 -9999 -9999 -9999 -9999 -9999 -9999 -9999 -9999 -9999 -9999 -9999 -9999 -9999 -9999 -9999 -9999 -9999 -9999 -9999 -9999 -9999 -9999 -9999 -9999 -9999 -9999 457 463 485 530 580 636 638 629 656 676 651 682 656 684 695 693 700 709 733 713 719 717 721 713 703 640 535 482 471 478 478 477 493 488 475 472 466 465 462 461 453 457 451
-9999 -9999 -9999 -9999 -9999 -9999 -9999 -9999 -9999 -9999 -9999 -9999 -9999 -9999 -9999 -9999 -9999 -9999 -9999 -9999 -9999 -9999 -9999 -9999 -9999 -9999 -9999 -9999 -9999 -9999 -9999 -9999 -9999 -9999 -9999 -9999 -9999 -9999 -9999 -9999 -9999 -9999 468 477 516 576 606 635 637 663 682 677 650 650 677 697 697 719 728 726 713 714 732 726 723 695 572 520 494 479 486 485 490 495 487 479 477 473 469 465 463 455 451 448
-9999 -9999 -9999 -9999 -9999 -9999 -9999 -9999 -9999 -9999 -9999 -9999 -9999 -9999 -9999 -9999 -9999 -9999 -9999 -9999 -9999 -9999 -9999 -9999 -9999 -9999 -9999 -9999 -9999 -9999 -9999 -9999 -9999 -9999 -9999 -9999 -9999 -9999 -9999 -9999 -9999 -9999 468 482 500 597 648 643 645 652 686 687 682 690 688 694 698 727 737 714 711 715 718 720 690 652 592 549 510 494 499 524 503 492 489 490 488 483 473 465 462 458 454 451
-9999 -9999 -9999 -9999 -9999 -9999 -9999 -9999 -9999 -9999 -9999 -9999 -9999 -9999 -9999 -9999 -9999 -9999 -9999 -9999 -9999 -9999 -9999 -9999 -9999 -9999 -9999 -9999 -9999 -9999 -9999 -9999 -9999 -9999 -9999 -9999 -9999 -9999 -9999 -9999 -9999 -9999 474 490 516 589 649 638 642 659 685 686 686 690 692 693 702 729 738 710 708 711 715 719 722 695 650 584 554 512 526 545 512 537 515 520 499 494 480 470 464 459 458 459
-9999 -9999 -9999 -9999 -9999 -9999 -9999 -9999 -9999 -9999 -9999 -9999 -9999 -9999 -9999 -9999 -9999 -9999 -9999 -9999 -9999 -9999 -9999 -9999 -9999 -9999 -9999 -9999 -9999 -9999 -9999 -9999 -9999 -9999 -9999 -9999 -9999 -9999 -9999 -9999 -9999 -9999 466 497 540 606 651 626 630 665 676 686 676 691 693 702 730 729 738 741 712 710 713 719 734 726 691 635 583 574 574 599 627 689 621 552 533 537 494 476 471 460 459 463
-9999 -9999 -9999 -9999 -9999 -9999 -9999 -9999 -9999 -9999 -9999 -9999 -9999 -9999 -9999 -9999 -9999 -9999 -9999 -9999 -9999 -9999 -9999 -9999 -9999 -9999 -9999 -9999 -9999 -9999 -9999 -9999 -9999 -9999 -9999 -9999 -9999 -9999 -9999 -9999 -9999 467 466 524 540 610 650 623 632 637 648 664 668 686 690 698 730 733 742 737 709 716 710 721 724 736 728 698 619 610 601 646 647 675 692 672 682 617 498 477 471 465 467 464
-9999 -9999 -9999 -9999 -9999 -9999 -9999 -9999 -9999 -9999 -9999 -9999 -9999 -9999 -9999 -9999 -9999 -9999 -9999 -9999 -9999 -9999 -9999 -9999 -9999 -9999 -9999 -9999 -9999 -9999 -9999 -9999 -9999 -9999 -9999 -9999 -9999 -9999 -9999 -9999 -9999 469 479 514 537 598 641 613 622 618 624 644 663 688 688 699 736 712 732 739 715 713 704 715 724 724 728 729 686 667 653 713 670 577 538 519 632 530 499 482 471 473 466 463
-9999 -9999 -9999 -9999 -9999 -9999 -9999 -9999 -9999 -9999 -9999 -9999 -9999 -9999 -9999 -9999 -9999 -9999 -9999 -9999 -9999 -9999 -9999 -9999 -9999 -9999 -9999 -9999 -9999 -9999 -9999 -9999 -9999 -9999 -9999 -9999 -9999 -9999 -9999 -9999 469 477 480 509 549 594 583 594 588 622 636 666 684 690 686 694 711 696 704 739 719 711 708 713 725 721 746 741 734 734 730 698 635 573 519 511 531 506 487 476 473 472 468 465
-9999 -9999 -9999 -9999 -9999 -9999 -9999 -9999 -9999 -9999 -9999 -9999 -9999 -9999 -9999 -9999 -9999 -9999 -9999 -9999 -9999 -9999 -9999 -9999 -9999 -9999 -9999 -9999 -9999 -9999 -9999 -9999 -9999 -9999 -9999 -9999 -9999 -9999 -9999 -9999 474 481 482 516 538 578 559 584 592 633 653 665 687 692 686 690 704 702 700 719 719 715 713 699 724 720 739 734 734 737 687 619 613 542 509 503 492 490 479 475 475 472 467 465
-9999 -9999 -9999 -9999 -9999 -9999 -9999 -9999 -9999 -9999 -9999 -9999 -9999 -9999 -9999 -9999 -9999 -9999 -9999 -9999 -9999 -9999 -9999 -9999 -9999 -9999 -9999 -9999 -9999 -9999 -9999 -9999 -9999 -9999 -9999 -9999 -9999 -9999 -9999 -9999 477 488 490 495 535 568 589 616 625 630 641 658 683 692 695 687 694 693 701 699 710 712 717 701 719 725 724 728 732 711 650 614 552 522 509 502 491 490 480 478 476 473 467 468
-9999 -9999 -9999 -9999 -9999 -9999 -9999 -9999 -9999 -9999 -9999 -9999 -9999 -9999 -9999 -9999 -9999 -9999 -9999 -9999 -9999 -9999 -9999 -9999 -9999 -9999 -9999 -9999 -9999 -9999 -9999 -9999 -9999 -9999 -9999 -9999 -9999 -9999 -9999 -9999 -9999 487 500 526 543 603 665 642 634 643 650 667 692 692 693 684 690 693 706 700 703 707 718 692 716 727 728 730 731 715 640 639 589 562 522 510 505 499 490 485 477 474 473 469
-9999 -9999 -9999 -9999 -9999 -9999 -9999 -9999 -9999 -9999 -9999 -9999 -9999 -9999 -9999 -9999 -9999 -9999 -9999 -9999 -9999 -9999 -9999 -9999 -9999 -9999 -9999 -9999 -9999 -9999 -9999 -9999 -9999 -9999 -9999 -9999 -9999 -9999 -9999 -9999 -9999 515 513 543 584 605 667 656 643 655 673 686 685 693 697 687 701 697 700 712 703 707 720 703 690 711 729 735 737 742 725 710 649 598 543 533 508 502 493 481 478 478 478 474
-9999 -9999 -9999 -9999 -9999 -9999 -9999 -9999 -9999 -9999 -9999 -9999 -9999 -9999 -9999 -9999 -9999 -9999 -9999 -9999 -9999 -9999 -9999 -9999 -9999 -9999 -9999 -9999 -9999 -9999 -9999 -9999 -9999 -9999 -9999 -9999 -9999 -9999 -9999 -9999 -9999 487 517 543 594 622 624 644 643 654 671 689 684 696 690 695 701 704 708 707 712 708 722 715 689 712 732 735 740 740 720 682 702 578 527 522 512 522 504 487 482 481 479 476
-9999 -9999 -9999 -9999 -9999 -9999 -9999 -9999 -9999 -9999 -9999 -9999 -9999 -9999 -9999 -9999 -9999 -9999 -9999 -9999 -9999 -9999 -9999 -9999 -9999 -9999 -9999 -9999 -9999 -9999 -9999 -9999 -9999 -9999 -9999 -9999 -9999 -9999 -9999 -9999 -9999 499 512 520 574 600 607 617 631 651 665 680 690 692 684 700 702 700 709 699 713 713 717 721 689 690 718 732 740 742 712 621 560 563 550 563 552 522 514 491 485 479 479 480
-9999 -9999 -9999 -9999 -9999 -9999 -9999 -9999 -9999 -9999 -9999 -9999 -9999 -9999 -9999 -9999 -9999 -9999 -9999 -9999 -9999 -9999 -9999 -9999 -9999 -9999 -9999 -9999 -9999 -9999 -9999 -9999 -9999 -9999 -9999 -9999 -9999 -9999 -9999 -9999 -9999 492 508 521 579 605 629 640 641 655 668 683 695 691 683 684 702 692 707 679 684 719 723 720 687 692 730 738 736 743 699 684 578 596 537 533 514 506 513 504 500 491 487 483
-9999 -9999 -9999 -9999 -9999 -9999 -9999 -9999 -9999 -9999 -9999 -9999 -9999 -9999 -9999 -9999 -9999 -9999 -9999 -9999 -9999 -9999 -9999 -9999 -9999 -9999 -9999 -9999 -9999 -9999 -9999 -9999 -9999 -9999 -9999 -9999 -9999 -9999 -9999 -9999 -9999 -9999 527 530 593 621 633 659 659 664 669 681 688 693 685 677 707 699 689 689 680 692 701 716 689 698 731 739 744 736 736 686 656 598 548 560 544 611 676 609 522 509 501 494
-9999 -9999 -9999 -9999 -9999 -9999 -9999 -9999 -9999 -9999 -9999 -9999 -9999 -9999 -9999 -9999 -9999 -9999 -9999 -9999 -9999 -9999 -9999 -9999 -9999 -9999 -9999 -9999 -9999 -9999 -9999 -9999 -9999 -9999 -9999 -9999 -9999 -9999 -9999 -9999 -9999 -9999 529 552 590 629 642 637 650 666 669 679 687 695 690 677 703 685 685 686 680 685 675 680 686 699 703 721 724 729 727 717 735 690 618 636 606 666 697 708 635 595 515 502
-9999 -9999 -9999 -9999 -9999 -9999 -9999 -9999 -9999 -9999 -9999 -9999 -9999 -9999 -9999 -9999 -9999 -9999 -9999 -9999 -9999 -9999 -9999 -9999 -9999 -9999 -9999 -9999 -9999 -9999 -9999 -9999 -9999 -9999 -9999 -9999 -9999 -9999 -9999 -9999 -9999 509 518 544 574 614 623 649 665 673 675 682 688 682 685 673 684 690 679 678 673 675 685 702 731 728 726 732 728 747 753 754 748 758 693 718 721 763 755 604 604 606 544 524
-9999 -9999 -9999 -9999 -9999 -9999 -9999 -9999 -9999 -9999 -9999 -9999 -9999 -9999 -9999 -9999 -9999 -9999 -9999 -9999 -9999 -9999 -9999 -9999 -9999 -9999 -9999 -9999 -9999 -9999 -9999 -9999 -9999 -9999 -9999 -9999 -9999 -9999 -9999 -9999 -9999 536 547 556 597 618 630 642 675 680 684 681 669 681 678 670 676 679 678 673 673 686 704 726 731 733 737 740 744 742 738 748 746 752 759 769 765 768 743 683 690 725 686 536
-9999 -9999 -9999 -9999 -9999 -9999 -9999 -9999 -9999 -9999 -9999 -9999 -9999 -9999 -9999 -9999 -9999 -9999 -9999 -9999 -9999 -9999 -9999 -9999 -9999 -9999 -9999 -9999 -9999 -9999 -9999 -9999 -9999 -9999 -9999 -9999 -9999 -9999 -9999 -9999 -9999 537 551 559 610 626 638 650 665 690 683 681 670 677 676 669 655 658 670 671 687 694 710 729 726 718 731 725 746 748 737 746 745 756 753 752 761 686 733 772 780 763 744 546
-9999 -9999 -9999 -9999 -9999 -9999 -9999 -9999 -9999 -9999 -9999 -9999 -9999 -9999 -9999 -9999 -9999 -9999 -9999 -9999 -9999 -9999 -9999 -9999 -9999 -9999 -9999 -9999 -9999 -9999 -9999 -9999 -9999 -9999 -9999 -9999 -9999 -9999 -9999 -9999 540 541 559 565 590 630 639 655 654 673 676 670 667 652 672 653 664 675 696 692 685 699 717 733 708 711 722 720 729 741 738 743 745 765 728 674 702 571 574 631 715 744 702 562
-9999 -9999 -9999 -9999 -9999 -9999 -9999 -9999 -9999 -9999 -9999 -9999 -9999 -9999 -9999 -9999 -9999 -9999 -9999 -9999 -9999 -9999 -9999 -9999 -9999 -9999 -9999 -9999 -9999 -9999 -9999 -9999 -9999 -9999 -9999 -9999 -9999 -9999 -9999 -9999 552 549 558 575 589 616 627 638 648 653 666 669 662 650 644 641 666 683 692 717 703 700 725 731 722 712 718 720 731 735 739 740 748 754 648 604 616 552 537 563 725 791 791 632
-9999 -9999 -9999 -9999 -9999 -9999 -9999 -9999 -9999 -9999 -9999 -9999 -9999 -9999 -9999 -9999 -9999 -9999 -9999 -9999 -9999 -9999 -9999 -9999 -9999 -9999 -9999 -9999 -9999 -9999 -9999 -9999 -9999 -9999 -9999 -9999 -9999 -9999 -9999 -9999 563 558 557 574 600 626 622 627 640 633 648 666 661 660 648 670 677 688 719 722 727 715 716 737 728 716 716 723 745 728 744 745 766 736 649 574 541 537 523 526 607 757 612 506
-9999 -9999 -9999 -9999 -9999 -9999 -9999 -9999 -9999 -9999 -9999 -9999 -9999 -9999 -9999 -9999 -9999 -9999 -9999 -9999 -9999 -9999 -9999 -9999 -9999 -9999 -9999 -9999 -9999 -9999 -9999 -9999 -9999 -9999 -9999 -9999 -9999 -9999 -9999 -9999 -9999 571 554 577 605 616 611 618 630 625 636 644 640 654 645 679 697 696 721 711 729 731 727 736 741 739 722 724 730 739 759 760 761 746 658 563 530 531 512 504 514 555 559 504
-9999 -9999 -9999 -9999 -9999 -9999 -9999 -9999 -9999 -9999 -9999 -9999 -9999 -9999 -9999 -9999 -9999 -9999 -9999 -9999 -9999 -9999 -9999 -9999 -9999 -9999 -9999 -9999 -9999 -9999 -9999 -9999 -9999 -9999 -9999 -9999 -9999 -9999 -9999 -9999 -9999 580 570 573 581 584 601 609 619 615 628 622 632 633 648 671 686 695 706 726 726 729 736 735 743 741 729 719 727 740 762 709 690 734 669 583 517 506 501 495 490 493 493 488
-9999 -9999 -9999 -9999 -9999 -9999 -9999 -9999 -9999 -9999 -9999 -9999 -9999 -9999 -9999 -9999 -9999 -9999 -9999 -9999 -9999 -9999 -9999 -9999 -9999 -9999 -9999 -9999 -9999 -9999 -9999 -9999 -9999 -9999 555 564 -9999 -9999 -9999 -9999 -9999 596 598 580 587 577 580 589 604 604 615 621 643 648 656 675 682 687 702 713 729 734 738 726 740 748 748 735 724 758 748 701 615 584 704 640 536 497 495 490 484 478 476 474
-9999 -9999 -9999 -9999 -9999 -9999 -9999 -9999 -9999 -9999 -9999 -9999 -9999 -9999 -9999 -9999 -9999 -9999 -9999 -9999 -9999 -9999 -9999 -9999 -9999 -9999 -9999 -9999 -9999 -9999 -9999 -9999 -9999 558 568 575 583 -9999 -9999 -9999 -9999 610 603 607 604 588 589 602 614 623 634 635 648 662 665 672 678 690 698 708 719 723 735 742 734 744 744 736 746 752 728 697 593 543 536 645 522 506 493 491 482 476 474 469
-9999 -9999 -9999 -9999 -9999 -9999 -9999 -9999 -9999 -9999 -9999 -9999 -9999 -9999 -9999 -9999 -9999 -9999 -9999 -9999 -9999 -9999 -9999 -9999 -9999 -9999 -9999 -9999 -9999 -9999 -9999 -9999 -9999 572 586 588 594 607 -9999 -9999 -9999 620 615 619 616 608 612 613 623 635 645 649 659 676 677 675 689 694 698 706 714 718 727 747 745 735 738 745 731 731 647 666 542 526 542 640 535 501 491 483 483 480 470 470
-9999 -9999 -9999 -9999 -9999 -9999 -9999 -9999 -9999 -9999 -9999 -9999 -9999 -9999 -9999 -9999 -9999 -9999 -9999 -9999 -9999 -9999 -9999 -9999 -9999 -9999 -9999 -9999 -9999 -9999 -9999 -9999 -9999 575 604 597 596 616 -9999 -9999 615 628 631 632 630 616 621 631 634 643 657 671 673 689 687 692 694 704 707 714 722 733 732 746 746 735 739 760 707 647 577 572 541 520 520 663 528 506 492 482 478 478 473 472
-9999 -9999 -9999 -9999 -9999 -9999 -9999 -9999 -9999 -9999 -9999 -9999 -9999 -9999 -9999 -9999 -9999 -9999 -9999 -9999 -9999 -9999 -9999 -9999 -9999 -9999 -9999 -9999 -9999 -9999 -9999 -9999 -9999 578 599 614 607 613 635 -9999 -9999 639 646 644 641 652 632 643 650 649 665 689 689 690 698 705 703 711 716 720 743 745 746 747 754 725 719 763 741 632 559 537 530 516 510 513 499 496 489 480 477 476 473 475
-9999 -9999 -9999 -9999 -9999 -9999 -9999 -9999 -9999 -9999 -9999 -9999 -9999 -9999 -9999 -9999 -9999 -9999 -9999 -9999 -9999 -9999 -9999 -9999 -9999 -9999 -9999 -9999 -9999 -9999 -9999 -9999 -9999 576 609 610 621 626 633 -9999 635 642 648 650 660 662 645 650 665 661 665 679 700 700 704 709 710 715 714 720 741 737 740 750 753 749 722 752 752 580 544 526 520 511 505 499 493 491 487 482 481 483 476 479
-9999 -9999 -9999 -9999 -9999 -9999 -9999 -9999 -9999 -9999 -9999 -9999 -9999 -9999 -9999 -9999 -9999 -9999 -9999 -9999 -9999 -9999 -9999 -9999 -9999 -9999 -9999 -9999 -9999 -9999 -9999 -9999 -9999 589 603 614 631 643 644 650 645 639 651 662 674 670 662 660 669 675 676 684 700 702 703 711 711 716 713 713 727 733 736 733 737 744 762 757 747 712 558 525 517 513 503 497 492 491 489 487 485 480 480 482
