invasiveSpecies/multiSpecies/data/worldclim_KE/worldclim_KE_2050_BC26_Bio16.asc
ncols         347
nrows         295
xllcorner     36.068012264173
yllcorner     0.13039239511974
cellsize      0.0083333333333333
NODATA_value  -9999
[rows 222 to 258 of 295, columns 168 to 251 of 347]
268 261 252 244 241 239 240 253 259 268 254 262 244 234 230 227 223 221 221 223 223 223 221 220 225 222 225 228 233 238 247 255 265 284 313 342 292 263 261 254 248 245 235 234 233 233 232 230 230 230 233 240 264 278 263 257 240 237 240 242 242 243 243 244 245 248 250 250 249 248 248 247 247 247 247 250 249 250 252 253 246 243 240 239
314 258 252 248 245 242 244 276 281 280 283 386 332 241 234 230 224 224 220 221 221 221 220 219 223 221 222 225 234 238 243 273 272 288 402 366 296 273 271 265 255 248 238 234 233 233 232 230 230 233 233 233 237 271 340 290 239 243 244 244 246 244 244 245 248 248 254 251 251 249 249 249 249 249 253 253 253 253 253 252 248 244 244 240
348 264 258 255 251 246 246 310 308 297 285 294 366 277 246 234 226 224 224 221 221 221 222 218 221 221 221 223 230 236 242 261 280 292 446 362 363 290 285 405 305 272 245 233 230 232 232 230 233 234 236 236 236 241 240 243 243 244 245 249 249 249 249 248 250 254 254 254 254 252 249 250 251 251 253 257 257 254 254 254 259 248 248 245
341 290 266 261 255 251 255 269 329 349 295 282 280 251 242 234 226 224 222 221 224 225 222 220 220 220 221 221 241 236 241 253 262 277 305 307 318 315 416 464 431 360 259 236 232 231 230 239 234 235 237 237 238 238 240 243 244 245 246 251 252 252 252 250 254 256 256 258 255 253 256 254 253 257 257 260 261 261 258 255 252 252 249 248
293 281 271 269 259 252 251 272 288 278 269 254 245 236 232 230 226 224 224 225 224 225 225 222 222 218 218 221 225 231 241 249 258 262 273 361 389 466 381 373 428 414 259 234 234 230 236 240 236 236 237 238 238 238 243 244 246 250 252 252 253 253 253 255 258 258 259 259 258 257 258 257 257 258 258 262 268 264 258 256 255 256 257 259
286 289 277 294 277 252 249 251 261 263 255 244 234 234 232 231 229 226 226 226 226 225 225 226 224 219 218 218 223 234 236 230 264 246 251 277 304 411 346 298 268 287 243 235 234 235 244 245 237 237 240 240 238 243 243 245 248 252 252 253 259 260 258 258 260 260 262 261 263 263 261 264 261 261 261 266 271 266 262 258 257 262 267 303
286 275 274 290 276 257 247 246 246 250 243 237 234 234 234 232 230 226 227 226 227 224 221 219 219 221 218 218 219 226 231 225 223 229 237 238 238 414 424 309 245 245 238 235 238 234 239 244 239 241 240 241 243 244 244 248 249 252 253 259 261 263 262 263 262 263 263 263 265 268 267 275 262 265 266 267 267 266 263 260 260 270 273 269
299 302 269 283 272 258 252 249 244 242 239 237 240 238 236 232 226 226 226 223 221 222 221 221 219 218 217 217 219 226 223 222 221 221 227 229 233 229 235 337 236 236 234 234 234 239 245 240 240 245 244 243 245 247 247 249 252 253 258 261 261 267 268 266 266 267 267 266 271 273 280 283 271 269 269 270 268 267 267 263 270 271 271 269
310 314 271 283 289 258 258 262 252 243 240 243 240 236 233 230 226 224 226 224 223 222 222 219 217 218 217 217 218 220 221 222 221 221 223 226 228 231 232 234 236 236 238 237 239 240 240 244 246 247 245 248 247 252 252 252 252 256 262 263 267 267 272 272 270 272 273 286 275 279 279 278 272 272 275 274 270 271 271 273 275 274 271 -9999
269 263 257 266 268 262 261 254 249 246 244 242 241 238 236 228 232 236 235 223 221 220 222 222 220 219 217 217 218 219 222 221 221 225 226 229 231 231 233 234 235 237 237 237 240 240 244 248 249 249 249 251 253 254 257 259 259 264 267 271 272 276 276 274 277 276 278 287 283 284 -9999 -9999 277 280 286 279 273 279 278 276 276 275 272 -9999
261 252 253 260 277 267 266 257 253 253 249 244 240 238 240 232 246 245 223 225 227 224 224 222 222 216 218 219 219 219 219 221 225 231 233 231 231 233 235 237 237 238 237 239 242 244 244 249 250 252 250 252 254 264 264 261 267 268 271 274 279 281 281 281 283 283 287 292 -9999 -9999 -9999 -9999 281 282 283 287 286 280 280 283 291 274 -9999 -9999
254 247 246 257 280 269 270 258 249 251 267 246 237 238 245 246 246 228 225 227 224 220 220 219 219 218 220 220 229 225 229 231 233 240 239 240 241 236 243 245 246 244 241 241 244 245 248 251 252 253 254 258 265 267 267 272 273 276 278 282 283 285 287 288 290 287 -9999 -9999 -9999 -9999 -9999 -9999 -9999 286 286 292 290 283 285 287 293 292 -9999 -9999
250 243 245 249 314 259 278 268 247 249 245 242 233 241 255 255 243 228 234 223 219 216 216 216 216 219 220 228 229 248 227 233 238 245 244 247 250 252 252 255 254 255 244 244 246 245 252 255 253 257 262 266 270 271 274 275 279 282 287 289 293 291 291 -9999 -9999 -9999 -9999 -9999 -9999 -9999 -9999 -9999 -9999 -9999 291 294 294 291 287 291 -9999 -9999 -9999 -9999
244 241 242 242 265 256 292 288 251 242 238 233 228 233 251 255 238 231 221 219 216 214 214 215 216 220 223 230 232 244 237 238 243 250 247 251 253 256 256 256 257 256 255 249 250 252 258 257 259 263 266 271 278 279 278 282 286 286 291 299 298 -9999 -9999 -9999 -9999 -9999 -9999 -9999 -9999 -9999 -9999 -9999 -9999 -9999 -9999 -9999 302 297 -9999 -9999 -9999 -9999 -9999 -9999
243 239 237 242 251 249 259 259 250 241 238 236 227 250 239 231 235 220 217 215 212 212 214 216 218 220 238 236 239 243 252 247 246 253 253 254 256 258 261 264 261 262 259 253 251 258 262 262 263 266 273 279 282 283 284 286 289 293 297 -9999 -9999 -9999 -9999 -9999 -9999 -9999 -9999 -9999 -9999 -9999 -9999 -9999 -9999 -9999 -9999 -9999 -9999 -9999 -9999 -9999 -9999 -9999 -9999 -9999
238 233 234 241 250 247 254 259 254 245 249 283 227 224 241 223 220 217 216 215 212 213 216 220 221 233 241 245 243 247 253 252 250 253 255 257 260 262 264 266 273 283 272 255 258 262 263 265 272 272 279 283 287 288 288 288 293 -9999 -9999 -9999 -9999 -9999 -9999 -9999 -9999 -9999 -9999 -9999 -9999 -9999 -9999 -9999 -9999 -9999 -9999 -9999 -9999 -9999 -9999 -9999 -9999 -9999 -9999 -9999
233 232 230 236 243 247 252 260 250 241 247 242 224 222 221 217 216 214 214 228 214 216 220 221 230 234 244 247 244 248 252 254 254 256 258 259 265 266 270 271 285 299 396 272 262 267 267 271 273 279 283 288 291 293 293 -9999 -9999 -9999 -9999 -9999 -9999 -9999 -9999 -9999 -9999 -9999 -9999 -9999 -9999 -9999 -9999 -9999 -9999 -9999 -9999 -9999 -9999 -9999 -9999 -9999 -9999 -9999 -9999 -9999
229 229 228 232 239 249 253 259 236 230 239 234 223 220 219 216 216 216 215 217 217 221 226 230 234 237 241 249 247 249 253 255 258 264 271 266 267 274 275 290 466 670 486 284 269 271 276 276 279 282 288 292 -9999 -9999 -9999 -9999 -9999 -9999 -9999 -9999 -9999 -9999 -9999 -9999 -9999 -9999 -9999 -9999 -9999 -9999 -9999 -9999 -9999 -9999 -9999 -9999 -9999 -9999 -9999 -9999 -9999 -9999 -9999 -9999
228 226 226 233 235 246 251 257 228 229 230 227 223 218 219 219 216 216 221 221 222 225 230 235 240 241 249 252 256 253 255 258 261 265 272 272 276 278 279 304 489 611 324 305 285 283 283 284 289 294 -9999 -9999 -9999 -9999 -9999 -9999 -9999 -9999 -9999 -9999 -9999 -9999 -9999 -9999 -9999 -9999 -9999 -9999 -9999 -9999 -9999 -9999 -9999 -9999 -9999 -9999 -9999 -9999 -9999 -9999 -9999 -9999 -9999 -9999
232 229 225 226 230 237 243 232 226 223 225 224 220 220 219 225 225 224 224 225 227 232 237 241 243 246 252 256 260 262 262 262 266 268 271 275 279 282 290 305 366 383 452 314 450 302 294 288 -9999 -9999 -9999 -9999 -9999 -9999 -9999 -9999 -9999 -9999 -9999 -9999 -9999 -9999 -9999 -9999 -9999 -9999 -9999 -9999 -9999 -9999 -9999 -9999 -9999 -9999 -9999 -9999 -9999 -9999 -9999 -9999 -9999 -9999 -9999 -9999
260 260 240 226 227 229 227 230 224 224 223 223 223 221 228 229 227 226 229 231 236 237 243 244 246 248 254 260 266 268 269 265 268 271 274 279 282 286 295 305 351 379 580 559 545 299 -9999 -9999 -9999 -9999 -9999 -9999 -9999 -9999 -9999 -9999 -9999 -9999 -9999 -9999 -9999 -9999 -9999 -9999 -9999 -9999 -9999 -9999 -9999 -9999 -9999 -9999 -9999 -9999 -9999 -9999 -9999 -9999 -9999 -9999 -9999 -9999 -9999 -9999
263 257 255 250 239 229 233 226 231 228 225 223 224 224 228 234 233 234 235 236 244 244 248 248 250 252 255 266 271 273 272 268 272 275 278 282 286 291 297 309 335 478 651 619 -9999 -9999 -9999 -9999 -9999 -9999 -9999 -9999 -9999 -9999 -9999 -9999 -9999 -9999 -9999 -9999 -9999 -9999 -9999 -9999 -9999 -9999 -9999 -9999 -9999 -9999 -9999 -9999 -9999 -9999 -9999 -9999 -9999 -9999 -9999 -9999 -9999 -9999 -9999 -9999
267 257 253 250 251 241 239 234 235 236 231 228 227 230 236 235 237 237 239 245 248 250 252 253 255 257 258 266 273 277 278 279 276 276 285 290 291 296 301 313 332 -9999 -9999 -9999 -9999 -9999 -9999 -9999 -9999 -9999 -9999 -9999 -9999 -9999 -9999 -9999 -9999 -9999 -9999 -9999 -9999 -9999 -9999 -9999 -9999 -9999 -9999 -9999 -9999 -9999 -9999 -9999 -9999 -9999 -9999 -9999 -9999 -9999 -9999 -9999 -9999 -9999 -9999 -9999
260 257 255 251 243 244 248 243 251 251 242 237 234 238 240 240 240 244 248 249 252 256 258 258 260 261 264 266 277 281 281 282 282 286 290 294 298 306 -9999 -9999 -9999 -9999 -9999 -9999 -9999 -9999 -9999 -9999 -9999 -9999 -9999 -9999 -9999 -9999 -9999 -9999 -9999 -9999 -9999 -9999 -9999 -9999 -9999 -9999 -9999 -9999 -9999 -9999 -9999 -9999 -9999 -9999 -9999 -9999 -9999 -9999 -9999 -9999 -9999 -9999 -9999 -9999 -9999 -9999
263 260 257 255 257 257 256 255 253 252 248 246 247 244 245 244 247 250 249 253 257 259 262 265 265 267 269 270 272 285 282 287 289 290 295 -9999 -9999 -9999 -9999 -9999 -9999 -9999 -9999 -9999 -9999 -9999 -9999 -9999 -9999 -9999 -9999 -9999 -9999 -9999 -9999 -9999 -9999 -9999 -9999 -9999 -9999 -9999 -9999 -9999 -9999 -9999 -9999 -9999 -9999 -9999 -9999 -9999 -9999 -9999 -9999 -9999 -9999 -9999 -9999 -9999 -9999 -9999 -9999 -9999
271 268 260 259 260 261 259 256 255 255 256 252 251 250 252 251 254 253 256 258 260 263 265 266 270 272 272 277 280 289 291 291 -9999 -9999 -9999 -9999 -9999 -9999 -9999 -9999 -9999 -9999 -9999 -9999 -9999 -9999 -9999 -9999 -9999 -9999 -9999 -9999 -9999 -9999 -9999 -9999 -9999 -9999 -9999 -9999 -9999 -9999 -9999 -9999 -9999 -9999 -9999 -9999 -9999 -9999 -9999 -9999 -9999 -9999 -9999 -9999 -9999 -9999 -9999 -9999 -9999 -9999 -9999 -9999
272 272 266 264 266 268 267 262 258 261 260 256 256 255 256 256 260 258 261 262 266 266 270 271 274 277 278 281 284 -9999 -9999 -9999 -9999 -9999 -9999 -9999 -9999 -9999 -9999 -9999 -9999 -9999 -9999 -9999 -9999 -9999 -9999 -9999 -9999 -9999 -9999 -9999 -9999 -9999 -9999 -9999 -9999 -9999 -9999 -9999 -9999 -9999 -9999 -9999 -9999 -9999 -9999 -9999 -9999 -9999 -9999 -9999 -9999 -9999 -9999 -9999 -9999 -9999 -9999 -9999 -9999 -9999 -9999 -9999
275 272 270 273 272 275 274 270 266 262 261 259 256 259 259 261 262 265 265 266 269 270 275 276 281 282 -9999 -9999 -9999 -9999 -9999 -9999 -9999 -9999 -9999 -9999 -9999 -9999 -9999 -9999 -9999 -9999 -9999 -9999 -9999 -9999 -9999 -9999 -9999 -9999 -9999 -9999 -9999 -9999 -9999 -9999 -9999 -9999 -9999 -9999 -9999 -9999 -9999 -9999 -9999 -9999 -9999 -9999 -9999 -9999 -9999 -9999 -9999 -9999 -9999 -9999 -9999 -9999 -9999 -9999 -9999 -9999 -9999 -9999
277 281 301 285 283 286 289 278 270 264 261 259 261 262 263 264 267 271 271 272 274 277 278 -9999 -9999 -9999 -9999 -9999 -9999 -9999 -9999 -9999 -9999 -9999 -9999 -9999 -9999 -9999 -9999 -9999 -9999 -9999 -9999 -9999 -9999 -9999 -9999 -9999 -9999 -9999 -9999 -9999 -9999 -9999 -9999 -9999 -9999 -9999 -9999 -9999 -9999 -9999 -9999 -9999 -9999 -9999 -9999 -9999 -9999 -9999 -9999 -9999 -9999 -9999 -9999 -9999 -9999 -9999 -9999 -9999 -9999 -9999 -9999 -9999
282 292 305 304 292 300 307 289 275 269 266 264 267 266 268 268 269 270 275 275 276 -9999 -9999 -9999 -9999 -9999 -9999 -9999 -9999 -9999 -9999 -9999 -9999 -9999 -9999 -9999 -9999 -9999 -9999 -9999 -9999 -9999 -9999 -9999 -9999 -9999 -9999 -9999 -9999 -9999 -9999 -9999 -9999 -9999 -9999 -9999 -9999 -9999 -9999 -9999 -9999 -9999 -9999 -9999 -9999 -9999 -9999 -9999 -9999 -9999 -9999 -9999 -9999 -9999 -9999 -9999 -9999 -9999 -9999 -9999 -9999 -9999 -9999 -9999
299 323 316 317 314 312 315 295 284 281 270 274 275 271 274 273 275 277 -9999 -9999 -9999 -9999 -9999 -9999 -9999 -9999 -9999 -9999 -9999 -9999 -9999 -9999 -9999 -9999 -9999 -9999 -9999 -9999 -9999 -9999 -9999 -9999 -9999 -9999 -9999 -9999 -9999 -9999 -9999 -9999 -9999 -9999 -9999 -9999 -9999 -9999 -9999 -9999 -9999 -9999 -9999 -9999 -9999 -9999 -9999 -9999 -9999 -9999 -9999 -9999 -9999 -9999 -9999 -9999 -9999 -9999 -9999 -9999 -9999 -9999 -9999 -9999 -9999 -9999
308 376 405 421 336 325 369 316 293 288 283 276 275 277 276 -9999 -9999 -9999 -9999 -9999 -9999 -9999 -9999 -9999 -9999 -9999 -9999 -9999 -9999 -9999 -9999 -9999 -9999 -9999 -9999 -9999 -9999 -9999 -9999 -9999 -9999 -9999 -9999 -9999 -9999 -9999 -9999 -9999 -9999 -9999 -9999 -9999 -9999 -9999 -9999 -9999 -9999 -9999 -9999 -9999 -9999 -9999 -9999 -9999 -9999 -9999 -9999 -9999 -9999 -9999 -9999 -9999 -9999 -9999 -9999 -9999 -9999 -9999 -9999 -9999 -9999 -9999 -9999 -9999
332 346 501 483 408 373 395 323 308 297 287 280 280 281 -9999 -9999 -9999 -9999 -9999 -9999 -9999 -9999 -9999 -9999 -9999 -9999 -9999 -9999 -9999 -9999 -9999 -9999 -9999 -9999 -9999 -9999 -9999 -9999 -9999 -9999 -9999 -9999 -9999 -9999 -9999 -9999 -9999 -9999 -9999 -9999 -9999 -9999 -9999 -9999 -9999 -9999 -9999 -9999 -9999 -9999 -9999 -9999 -9999 -9999 -9999 -9999 -9999 -9999 -9999 -9999 -9999 -9999 -9999 -9999 -9999 -9999 -9999 -9999 -9999 -9999 -9999 -9999 -9999 -9999
329 345 453 466 417 357 350 324 314 299 290 283 284 285 -9999 -9999 -9999 -9999 -9999 -9999 -9999 -9999 -9999 -9999 -9999 -9999 -9999 -9999 -9999 -9999 -9999 -9999 -9999 -9999 -9999 -9999 -9999 -9999 -9999 -9999 -9999 -9999 -9999 -9999 -9999 -9999 -9999 -9999 -9999 -9999 -9999 -9999 -9999 -9999 -9999 -9999 -9999 -9999 -9999 -9999 -9999 -9999 -9999 -9999 -9999 -9999 -9999 -9999 -9999 -9999 -9999 -9999 -9999 -9999 -9999 -9999 -9999 -9999 -9999 -9999 -9999 -9999 -9999 -9999
337 347 397 505 450 492 502 462 355 298 290 288 289 288 -9999 -9999 -9999 -9999 -9999 -9999 -9999 -9999 -9999 -9999 -9999 -9999 -9999 -9999 -9999 -9999 -9999 -9999 -9999 -9999 -9999 -9999 -9999 -9999 -9999 -9999 -9999 -9999 -9999 -9999 -9999 -9999 -9999 -9999 -9999 -9999 -9999 -9999 -9999 -9999 -9999 -9999 -9999 -9999 -9999 -9999 -9999 -9999 -9999 -9999 -9999 -9999 -9999 -9999 -9999 -9999 -9999 -9999 -9999 -9999 -9999 -9999 -9999 -9999 -9999 -9999 -9999 -9999 -9999 -9999
457 356 374 496 481 548 538 543 505 307 294 294 293 293 -9999 -9999 -9999 -9999 -9999 -9999 -9999 -9999 -9999 -9999 -9999 -9999 -9999 -9999 -9999 -9999 -9999 -9999 -9999 -9999 -9999 -9999 -9999 -9999 -9999 -9999 -9999 -9999 -9999 -9999 -9999 -9999 -9999 -9999 -9999 -9999 -9999 -9999 -9999 -9999 -9999 -9999 -9999 -9999 -9999 -9999 -9999 -9999 -9999 -9999 -9999 -9999 -9999 -9999 -9999 -9999 -9999 -9999 -9999 -9999 -9999 -9999 -9999 -9999 -9999 -9999 -9999 -9999 -9999 -9999
362 377 379 467 513 502 380 361 374 319 304 298 298 297 -9999 -9999 -9999 -9999 -9999 -9999 -9999 -9999 -9999 -9999 -9999 -9999 -9999 -9999 -9999 -9999 -9999 -9999 -9999 -9999 -9999 -9999 -9999 -9999 -9999 -9999 -9999 -9999 -9999 -9999 -9999 -9999 -9999 -9999 -9999 -9999 -9999 -9999 -9999 -9999 -9999 -9999 -9999 -9999 -9999 -9999 -9999 -9999 -9999 -9999 -9999 -9999 -9999 -9999 -9999 -9999 -9999 -9999 -9999 -9999 -9999 -9999 -9999 -9999 -9999 -9999 -9999 -9999 -9999 -9999
