invasiveSpecies/multiSpecies/data/worldclim_KE/worldclim_KE_2050_BC26_Bio1.asc
ncols         347
nrows         295
xllcorner     36.068012264173
yllcorner     0.13039239511974
cellsize      0.0083333333333333
NODATA_value  -9999
[rows 37 to 73 of 295, columns 168 to 251 of 347]
-9999 -9999 -9999 -9999 -9999 -9999 -9999 -9999 -9999 -9999 -9999 -9999 -9999 -9999 -9999 -9999 -9999 -9999 -9999 -9999 -9999 -9999 -9999 -9999 -9999 -9999 -9999 -9999 -9999 -9999 -9999 -9999 -9999 -9999 -9999 -9999 247 245 245 243 243 242 249 256 238 238 236 235 231 229 226 223 -9999 -9999 -9999 -9999 -9999 -9999 -9999 -9999 -9999 -9999 -9999 -9999 -9999 -9999 -9999 -9999 233 236 238 240 243 244 247 250 251 252 254 256 257 258 259 260
-9999 -9999 -9999 -9999 -9999 -9999 -9999 -9999 -9999 -9999 -9999 -9999 -9999 -9999 -9999 -9999 -9999 -9999 -9999 -9999 -9999 -9999 -9999 -9999 -9999 -9999 -9999 -9999 -9999 -9999 -9999 -9999 -9999 -9999 -9999 -9999 247 245 244 243 242 241 239 244 237 236 233 232 230 228 226 225 221 -9999 -9999 -9999 -9999 -9999 -9999 -9999 -9999 -9999 -9999 -9999 -9999 -9999 -9999 233 235 238 240 241 244 247 249 252 252 254 256 257 258 259 259 260
-9999 -9999 -9999 -9999 -9999 -9999 -9999 -9999 -9999 -9999 -9999 -9999 -9999 -9999 -9999 -9999 -9999 -9999 -9999 -9999 -9999 -9999 -9999 -9999 -9999 -9999 -9999 -9999 -9999 -9999 -9999 -9999 -9999 -9999 -9999 247 246 245 244 242 242 241 240 238 236 234 233 231 228 226 226 224 216 214 211 -9999 -9999 -9999 -9999 -9999 -9999 -9999 -9999 -9999 -9999 -9999 -9999 235 237 240 240 242 245 248 251 252 254 255 256 257 258 259 260 262
-9999 -9999 -9999 -9999 -9999 -9999 -9999 -9999 -9999 -9999 -9999 -9999 -9999 -9999 -9999 -9999 -9999 -9999 -9999 -9999 -9999 -9999 -9999 -9999 -9999 -9999 -9999 -9999 -9999 -9999 -9999 -9999 -9999 -9999 -9999 -9999 246 244 243 242 242 241 239 238 235 233 232 230 225 226 223 221 217 216 212 212 212 -9999 -9999 -9999 -9999 -9999 -9999 -9999 -9999 236 236 236 238 241 242 241 245 251 252 253 255 256 257 258 259 260 261 262
-9999 -9999 -9999 -9999 -9999 -9999 -9999 -9999 -9999 -9999 -9999 -9999 -9999 -9999 -9999 -9999 -9999 -9999 -9999 -9999 -9999 -9999 -9999 -9999 -9999 -9999 -9999 -9999 -9999 -9999 -9999 -9999 -9999 -9999 -9999 -9999 246 245 244 242 241 240 239 237 235 233 232 230 229 226 225 223 218 218 219 220 218 -9999 -9999 -9999 -9999 -9999 -9999 -9999 236 237 238 239 239 242 244 245 251 252 254 255 256 257 258 258 259 261 262 263
-9999 -9999 -9999 -9999 -9999 -9999 -9999 -9999 -9999 -9999 -9999 -9999 -9999 -9999 -9999 -9999 -9999 -9999 -9999 -9999 -9999 -9999 -9999 -9999 -9999 -9999 -9999 -9999 -9999 -9999 -9999 -9999 -9999 -9999 -9999 -9999 247 245 244 242 240 240 238 236 236 233 232 231 231 228 226 224 224 223 224 224 222 -9999 -9999 -9999 -9999 -9999 -9999 -9999 238 238 238 241 242 245 247 249 252 254 255 256 257 258 259 260 260 262 264 264
-9999 -9999 -9999 -9999 -9999 -9999 -9999 -9999 -9999 -9999 -9999 -9999 -9999 -9999 -9999 -9999 -9999 -9999 -9999 -9999 -9999 -9999 -9999 -9999 -9999 -9999 -9999 -9999 -9999 -9999 -9999 -9999 -9999 -9999 -9999 -9999 247 245 244 241 240 240 238 237 235 234 232 231 232 227 226 226 225 225 225 227 228 -9999 -9999 -9999 -9999 -9999 237 237 240 241 239 242 245 247 250 251 253 254 256 256 257 259 260 261 262 263 265 264
-9999 -9999 -9999 -9999 -9999 -9999 -9999 -9999 -9999 -9999 -9999 -9999 -9999 -9999 -9999 -9999 -9999 -9999 -9999 -9999 -9999 -9999 -9999 -9999 -9999 -9999 -9999 -9999 -9999 -9999 -9999 -9999 -9999 -9999 -9999 -9999 246 245 244 242 240 239 238 238 237 235 235 233 233 228 229 230 226 229 227 228 229 232 233 234 235 237 239 241 241 243 243 243 247 249 251 253 254 254 256 257 258 259 260 262 263 265 265 265
-9999 -9999 -9999 -9999 -9999 -9999 -9999 -9999 -9999 -9999 -9999 -9999 -9999 -9999 -9999 -9999 -9999 -9999 -9999 -9999 -9999 -9999 -9999 -9999 -9999 -9999 -9999 -9999 -9999 -9999 -9999 -9999 -9999 -9999 -9999 -9999 247 245 244 243 241 238 238 238 237 236 235 235 233 230 231 231 231 231 235 247 235 234 236 237 238 238 241 242 243 246 246 247 249 250 251 253 255 257 256 257 258 259 261 262 263 264 266 267
-9999 -9999 -9999 -9999 -9999 -9999 -9999 -9999 -9999 -9999 -9999 -9999 -9999 -9999 -9999 -9999 -9999 -9999 -9999 -9999 -9999 -9999 -9999 -9999 -9999 -9999 -9999 -9999 -9999 -9999 -9999 -9999 -9999 -9999 -9999 248 247 246 244 243 241 240 238 237 236 235 235 235 234 233 232 232 232 233 246 247 239 236 237 239 240 240 242 244 246 247 247 248 250 251 253 254 255 258 256 257 259 259 261 262 263 266 266 268
-9999 -9999 -9999 -9999 -9999 -9999 -9999 -9999 -9999 -9999 -9999 -9999 -9999 -9999 -9999 -9999 -9999 -9999 -9999 -9999 -9999 -9999 -9999 -9999 -9999 -9999 -9999 -9999 -9999 -9999 -9999 -9999 -9999 -9999 -9999 249 248 247 245 244 242 240 239 238 237 236 235 235 235 233 231 232 234 235 237 238 237 239 239 241 243 244 245 247 248 249 250 250 251 253 254 255 257 258 260 260 260 261 263 264 265 266 267 268
-9999 -9999 -9999 -9999 -9999 -9999 -9999 -9999 -9999 -9999 -9999 -9999 -9999 -9999 -9999 -9999 -9999 -9999 -9999 -9999 -9999 -9999 -9999 -9999 -9999 -9999 -9999 -9999 -9999 -9999 -9999 -9999 -9999 -9999 -9999 250 259 259 245 244 242 241 239 238 238 237 235 236 235 235 234 234 235 237 238 238 239 240 242 242 242 245 247 249 250 249 251 252 254 254 256 257 258 259 260 261 262 263 264 266 266 266 267 268
-9999 -9999 -9999 -9999 -9999 -9999 -9999 -9999 -9999 -9999 -9999 -9999 -9999 -9999 -9999 -9999 -9999 -9999 -9999 -9999 -9999 -9999 -9999 -9999 -9999 -9999 -9999 -9999 -9999 -9999 -9999 -9999 -9999 -9999 -9999 250 253 249 245 244 243 241 240 239 238 237 236 236 235 236 236 237 238 238 239 239 241 242 243 244 244 245 248 250 251 253 254 254 255 256 257 257 259 260 260 262 263 264 265 266 267 267 268 269
-9999 -9999 -9999 -9999 -9999 -9999 -9999 -9999 -9999 -9999 -9999 -9999 -9999 -9999 -9999 -9999 -9999 -9999 -9999 -9999 -9999 -9999 -9999 -9999 -9999 -9999 -9999 -9999 -9999 -9999 -9999 -9999 -9999 -9999 -9999 250 248 247 246 244 243 242 241 240 238 238 236 236 236 238 237 240 240 240 241 243 243 245 244 245 246 247 248 251 254 257 255 256 257 256 257 258 259 261 261 262 264 265 266 267 267 268 269 269
-9999 -9999 -9999 -9999 -9999 -9999 -9999 -9999 -9999 -9999 -9999 -9999 -9999 -9999 -9999 -9999 -9999 -9999 -9999 -9999 -9999 -9999 -9999 -9999 -9999 -9999 -9999 -9999 -9999 -9999 -9999 -9999 -9999 -9999 -9999 250 249 248 246 245 244 244 242 241 240 240 238 237 238 239 241 242 242 242 242 243 244 245 246 247 247 249 250 251 254 258 256 257 257 258 258 259 260 261 263 264 263 265 267 268 268 269 270 269
-9999 -9999 -9999 -9999 -9999 -9999 -9999 -9999 -9999 -9999 -9999 -9999 -9999 -9999 -9999 -9999 -9999 -9999 -9999 -9999 -9999 -9999 -9999 -9999 -9999 -9999 -9999 -9999 -9999 -9999 -9999 -9999 -9999 -9999 -9999 250 249 248 246 246 245 244 244 242 241 240 238 239 239 240 242 243 243 244 243 245 246 246 248 248 250 251 252 252 254 257 257 258 259 259 259 260 260 262 263 265 265 266 267 268 269 270 271 271
-9999 -9999 -9999 -9999 -9999 -9999 -9999 -9999 -9999 -9999 -9999 -9999 -9999 -9999 -9999 -9999 -9999 -9999 -9999 -9999 -9999 -9999 -9999 -9999 -9999 -9999 -9999 -9999 -9999 -9999 -9999 -9999 -9999 -9999 -9999 250 249 248 247 246 246 245 245 243 243 242 239 241 242 243 244 245 245 245 245 246 247 248 249 250 253 253 255 254 256 256 260 258 259 260 260 260 261 262 264 265 266 269 268 269 270 271 271 272
-9999 -9999 -9999 -9999 -9999 -9999 -9999 -9999 -9999 -9999 -9999 -9999 -9999 -9999 -9999 -9999 -9999 -9999 -9999 -9999 -9999 -9999 -9999 -9999 -9999 -9999 -9999 -9999 -9999 -9999 -9999 -9999 -9999 -9999 -9999 250 250 249 248 247 246 246 246 244 243 243 243 244 244 244 246 247 246 248 248 248 248 249 250 251 253 253 256 256 256 257 259 259 260 260 261 261 262 262 264 266 267 269 271 269 270 271 272 272
-9999 -9999 -9999 -9999 -9999 -9999 -9999 -9999 -9999 -9999 -9999 -9999 -9999 -9999 -9999 -9999 -9999 -9999 -9999 -9999 -9999 -9999 -9999 -9999 -9999 -9999 -9999 -9999 -9999 -9999 -9999 -9999 -9999 -9999 -9999 250 251 249 249 248 247 247 247 246 245 245 245 246 246 246 247 248 249 250 249 250 250 250 251 252 254 255 256 257 257 258 260 260 261 262 263 262 262 263 265 266 267 268 268 272 271 272 272 273
-9999 -9999 -9999 -9999 -9999 -9999 -9999 -9999 -9999 -9999 -9999 -9999 -9999 -9999 -9999 -9999 -9999 -9999 -9999 -9999 -9999 -9999 -9999 -9999 -9999 -9999 -9999 -9999 -9999 -9999 -9999 -9999 -9999 -9999 -9999 250 251 250 250 249 248 248 247 247 246 246 246 247 248 248 249 249 250 251 251 251 251 252 252 254 255 258 264 258 258 259 261 262 262 267 264 264 264 265 266 267 268 268 268 271 272 273 273 273
-9999 -9999 -9999 -9999 -9999 -9999 -9999 -9999 -9999 -9999 -9999 -9999 -9999 -9999 -9999 -9999 -9999 -9999 -9999 -9999 -9999 -9999 -9999 -9999 -9999 -9999 -9999 -9999 -9999 -9999 -9999 -9999 -9999 -9999 252 252 252 251 250 250 249 249 248 248 247 247 247 248 248 249 249 250 250 251 254 253 252 253 254 255 256 256 258 258 260 261 260 263 265 264 269 267 266 266 267 268 270 269 270 271 272 274 273 274
-9999 -9999 -9999 -9999 -9999 -9999 -9999 -9999 -9999 -9999 -9999 -9999 -9999 -9999 -9999 -9999 -9999 -9999 -9999 -9999 -9999 -9999 -9999 -9999 -9999 -9999 -9999 -9999 -9999 -9999 -9999 -9999 -9999 -9999 254 254 253 252 251 251 250 250 249 249 248 249 250 250 250 250 249 250 251 253 253 256 255 255 255 256 255 257 258 259 260 260 267 263 269 266 268 269 268 267 268 269 270 270 271 272 272 273 274 274
-9999 -9999 -9999 -9999 -9999 -9999 -9999 -9999 -9999 -9999 -9999 -9999 -9999 -9999 -9999 -9999 -9999 -9999 -9999 -9999 -9999 -9999 -9999 -9999 -9999 -9999 -9999 -9999 -9999 -9999 -9999 -9999 -9999 -9999 256 255 254 253 253 251 251 250 250 250 251 251 251 251 251 250 250 251 252 255 256 256 257 256 256 257 257 258 259 259 260 262 265 271 271 270 271 271 267 268 268 269 270 271 272 272 273 273 274 275
-9999 -9999 -9999 -9999 -9999 -9999 -9999 -9999 -9999 -9999 -9999 -9999 -9999 -9999 -9999 -9999 -9999 -9999 -9999 -9999 -9999 -9999 -9999 -9999 -9999 -9999 -9999 -9999 -9999 -9999 -9999 -9999 -9999 -9999 257 257 256 255 254 254 252 252 252 251 252 252 253 253 252 252 253 253 253 255 257 258 257 258 258 258 258 258 259 260 260 261 262 269 271 272 272 272 271 269 271 270 270 271 273 273 273 273 274 274
-9999 -9999 -9999 -9999 -9999 -9999 -9999 -9999 -9999 -9999 -9999 -9999 -9999 -9999 -9999 -9999 -9999 -9999 -9999 -9999 -9999 -9999 -9999 -9999 -9999 -9999 -9999 -9999 -9999 -9999 -9999 -9999 -9999 258 258 258 257 255 255 255 253 252 253 253 252 253 254 254 254 254 255 255 255 256 258 257 258 261 259 258 259 259 260 260 265 262 268 271 271 272 272 272 272 268 271 272 271 271 272 274 274 274 274 275
-9999 -9999 -9999 -9999 -9999 -9999 -9999 -9999 -9999 -9999 -9999 -9999 -9999 -9999 -9999 -9999 -9999 -9999 -9999 -9999 -9999 -9999 -9999 -9999 -9999 -9999 -9999 -9999 -9999 -9999 -9999 -9999 -9999 259 259 258 258 257 257 255 254 254 254 254 254 254 255 256 255 255 256 256 256 258 259 260 260 262 262 259 259 260 260 260 269 270 271 272 272 273 272 273 273 273 273 272 272 272 272 273 274 274 275 275
-9999 -9999 -9999 -9999 -9999 -9999 -9999 -9999 -9999 -9999 -9999 -9999 -9999 -9999 -9999 -9999 -9999 -9999 -9999 -9999 -9999 -9999 -9999 -9999 -9999 -9999 -9999 -9999 -9999 -9999 -9999 -9999 -9999 260 259 259 259 259 259 258 256 256 256 256 256 255 256 258 258 257 257 258 257 262 261 261 262 262 266 261 262 267 268 272 273 272 272 272 273 273 273 273 273 273 273 273 272 272 273 274 274 275 276 276
-9999 -9999 -9999 -9999 -9999 -9999 -9999 -9999 -9999 -9999 -9999 -9999 -9999 -9999 -9999 -9999 -9999 -9999 -9999 -9999 -9999 -9999 -9999 -9999 -9999 -9999 -9999 -9999 -9999 -9999 -9999 -9999 -9999 261 261 260 260 259 260 259 259 258 258 257 257 257 258 259 259 259 259 260 260 263 263 263 264 263 263 263 268 271 272 272 273 273 273 273 273 273 273 273 273 273 273 271 271 272 273 274 274 275 275 276
-9999 -9999 -9999 -9999 -9999 -9999 -9999 -9999 -9999 -9999 -9999 -9999 -9999 -9999 -9999 -9999 -9999 -9999 -9999 -9999 -9999 -9999 -9999 -9999 -9999 -9999 -9999 -9999 -9999 -9999 -9999 -9999 -9999 262 262 262 262 262 262 261 260 259 259 259 260 260 260 260 260 260 260 264 262 261 262 264 265 265 266 268 271 271 272 273 273 273 273 273 273 273 273 273 273 273 273 269 270 271 272 273 274 276 276 276
-9999 -9999 -9999 -9999 -9999 -9999 -9999 -9999 -9999 -9999 -9999 -9999 -9999 -9999 -9999 -9999 -9999 -9999 -9999 -9999 -9999 -9999 -9999 -9999 -9999 -9999 -9999 -9999 -9999 -9999 -9999 -9999 -9999 262 263 263 262 263 263 262 261 261 261 260 261 261 263 262 262 262 262 265 264 264 264 265 266 266 267 268 271 272 273 273 273 273 273 274 274 273 274 274 274 273 273 268 270 270 272 274 275 276 276 277
-9999 -9999 -9999 -9999 -9999 -9999 -9999 -9999 -9999 -9999 -9999 -9999 -9999 -9999 -9999 -9999 -9999 -9999 -9999 -9999 -9999 -9999 -9999 -9999 -9999 -9999 -9999 -9999 -9999 -9999 -9999 -9999 263 263 264 264 264 263 264 264 263 263 264 262 263 264 264 264 264 263 264 265 265 265 265 266 267 267 268 271 272 272 272 273 273 273 274 274 274 274 274 274 274 274 272 267 268 270 272 274 274 275 276 276
-9999 -9999 -9999 -9999 -9999 -9999 -9999 -9999 -9999 -9999 -9999 -9999 -9999 -9999 -9999 -9999 -9999 -9999 -9999 -9999 -9999 -9999 -9999 -9999 -9999 -9999 -9999 -9999 -9999 -9999 -9999 -9999 264 264 264 264 265 265 265 264 264 265 264 265 265 265 265 265 264 265 265 266 267 266 267 268 268 268 270 272 273 273 273 273 273 274 274 274 274 274 274 274 274 274 271 265 266 270 272 274 274 276 276 276
-9999 -9999 -9999 -9999 -9999 -9999 -9999 -9999 -9999 -9999 -9999 -9999 -9999 -9999 -9999 -9999 -9999 -9999 -9999 -9999 -9999 -9999 -9999 -9999 -9999 -9999 -9999 -9999 -9999 -9999 -9999 -9999 265 265 265 264 265 265 265 265 265 265 266 266 266 267 266 266 267 267 268 268 268 268 268 269 268 269 271 272 272 273 273 274 274 274 274 274 274 273 273 274 274 274 273 265 268 270 272 273 274 275 277 277
-9999 -9999 -9999 -9999 -9999 -9999 -9999 -9999 -9999 -9999 -9999 -9999 -9999 -9999 -9999 -9999 -9999 -9999 -9999 -9999 -9999 -9999 -9999 -9999 -9999 -9999 -9999 -9999 -9999 -9999 -9999 265 265 265 265 265 265 266 266 265 265 266 266 267 268 268 267 267 268 269 269 269 269 270 270 270 270 271 271 272 272 273 273 274 274 274 274 274 274 274 274 274 274 274 270 267 270 271 272 274 274 276 276 277
-9999 -9999 -9999 -9999 -9999 -9999 -9999 -9999 -9999 -9999 -9999 -9999 -9999 -9999 -9999 -9999 -9999 -9999 -9999 -9999 -9999 -9999 -9999 -9999 -9999 -9999 -9999 -9999 -9999 -9999 -9999 265 265 265 265 266 266 267 266 266 266 266 267 267 268 269 268 269 270 270 270 271 271 271 271 271 271 271 272 272 272 273 274 274 274 274 274 274 274 274 274 274 274 274 266 267 270 271 273 274 275 276 276 276
-9999 -9999 -9999 -9999 -9999 -9999 -9999 -9999 -9999 -9999 -9999 -9999 -9999 -9999 -9999 -9999 -9999 -9999 -9999 -9999 -9999 -9999 -9999 -9999 -9999 -9999 -9999 -9999 -9999 -9999 266 266 265 265 266 266 267 267 267 267 267 267 267 269 269 269 270 271 271 271 272 272 272 272 272 272 271 272 272 272 273 273 274 274 274 274 274 274 274 274 274 274 274 265 265 269 270 271 273 274 275 276 276 276
-9999 -9999 -9999 -9999 -9999 -9999 -9999 -9999 -9999 -9999 -9999 -9999 -9999 -9999 -9999 -9999 -9999 -9999 -9999 -9999 -9999 -9999 -9999 -9999 -9999 -9999 -9999 -9999 -9999 -9999 267 267 267 267 266 267 267 268 268 268 268 268 268 269 269 270 270 272 272 272 272 272 272 272 272 272 272 272 272 272 273 273 274 274 274 274 274 274 274 274 274 274 275 274 272 272 270 271 272 274 275 276 276 276
