invasiveSpecies/multiSpecies/data/worldclim_KE/worldclim_KE_2050_BC26_Bio18.asc
ncols         347
nrows         295
xllcorner     36.068012264173
yllcorner     0.13039239511974
cellsize      0.0083333333333333
NODATA_value  -9999
[rows 222 to 258 of 295, columns 84 to 167 of 347]
-9999 -9999 -9999 -9999 -9999 -9999 -9999 -9999 -9999 -9999 -9999 -9999 -9999 -9999 -9999 -9999 -9999 -9999 -9999 -9999 -9999 -9999 -9999 -9999 -9999 -9999 -9999 -9999 -9999 -9999 -9999 -9999 -9999 -9999 -9999 -9999 -9999 -9999 -9999 -9999 -9999 -9999 -9999 -9999 -9999 -9999 -9999 -9999 -9999 -9999 -9999 -9999 -9999 256 247 248 248 252 248 243 239 230 229 236 240 244 249 251 257 261 257 256 253 247 244 243 240 239 239 243 246 248 305 300
-9999 -9999 -9999 -9999 -9999 -9999 -9999 -9999 -9999 -9999 -9999 -9999 -9999 -9999 -9999 -9999 -9999 -9999 -9999 -9999 -9999 -9999 -9999 -9999 -9999 -9999 -9999 -9999 -9999 -9999 -9999 -9999 -9999 -9999 -9999 -9999 -9999 -9999 -9999 -9999 -9999 -9999 -9999 -9999 -9999 -9999 -9999 -9999 -9999 -9999 -9999 -9999 -9999 261 248 259 255 256 255 251 244 237 229 229 236 239 244 249 254 258 259 258 258 253 247 243 239 239 239 243 256 312 320 304
-9999 -9999 -9999 -9999 -9999 -9999 -9999 -9999 -9999 -9999 -9999 -9999 -9999 -9999 -9999 -9999 -9999 -9999 -9999 -9999 -9999 -9999 -9999 -9999 -9999 -9999 -9999 -9999 -9999 -9999 -9999 -9999 -9999 -9999 -9999 -9999 -9999 -9999 -9999 -9999 -9999 -9999 -9999 -9999 -9999 -9999 -9999 -9999 -9999 -9999 -9999 -9999 -9999 271 265 269 265 265 263 254 248 243 237 229 233 236 240 244 248 255 256 257 267 258 255 247 242 239 238 261 268 314 334 317
-9999 -9999 -9999 -9999 -9999 -9999 -9999 -9999 -9999 -9999 -9999 -9999 -9999 -9999 -9999 -9999 -9999 -9999 -9999 -9999 -9999 -9999 -9999 -9999 -9999 -9999 -9999 -9999 -9999 -9999 -9999 -9999 -9999 -9999 -9999 -9999 -9999 -9999 -9999 -9999 -9999 -9999 -9999 -9999 -9999 -9999 -9999 -9999 -9999 -9999 -9999 -9999 -9999 276 276 276 273 269 263 254 249 245 238 231 228 233 237 241 247 251 252 253 257 262 277 254 246 242 245 273 299 312 313 320
-9999 -9999 -9999 -9999 -9999 -9999 -9999 -9999 -9999 -9999 -9999 -9999 -9999 -9999 -9999 -9999 -9999 -9999 -9999 -9999 -9999 -9999 -9999 -9999 -9999 -9999 -9999 -9999 -9999 -9999 -9999 -9999 -9999 -9999 -9999 -9999 -9999 -9999 -9999 -9999 -9999 -9999 -9999 -9999 -9999 -9999 -9999 -9999 -9999 -9999 -9999 -9999 -9999 281 285 279 278 277 266 258 254 254 243 234 225 229 238 242 243 246 248 249 252 261 292 265 251 245 245 286 322 296 285 296
194 197 201 202 -9999 -9999 -9999 -9999 -9999 -9999 -9999 -9999 -9999 -9999 -9999 -9999 -9999 -9999 -9999 -9999 -9999 -9999 -9999 -9999 -9999 -9999 -9999 -9999 -9999 -9999 -9999 -9999 -9999 -9999 -9999 -9999 -9999 -9999 -9999 -9999 -9999 -9999 -9999 -9999 -9999 -9999 -9999 -9999 -9999 -9999 -9999 -9999 282 284 287 284 281 276 269 266 269 266 248 237 230 224 238 236 239 245 245 245 248 256 262 268 256 252 248 254 266 269 265 257
196 204 202 208 205 210 225 220 -9999 -9999 -9999 -9999 -9999 -9999 -9999 -9999 -9999 -9999 -9999 -9999 -9999 -9999 -9999 -9999 -9999 -9999 -9999 -9999 -9999 -9999 -9999 -9999 -9999 -9999 -9999 -9999 -9999 -9999 -9999 -9999 -9999 -9999 -9999 -9999 -9999 -9999 -9999 -9999 -9999 -9999 -9999 291 282 285 291 289 283 279 274 267 269 264 252 242 234 223 228 233 235 242 239 241 244 252 256 284 267 257 249 253 277 277 272 268
199 200 203 203 208 210 219 231 230 220 -9999 -9999 -9999 -9999 -9999 -9999 -9999 -9999 -9999 -9999 -9999 -9999 -9999 -9999 -9999 -9999 -9999 -9999 -9999 -9999 -9999 -9999 -9999 -9999 -9999 -9999 -9999 -9999 -9999 -9999 -9999 -9999 -9999 -9999 -9999 -9999 -9999 -9999 -9999 -9999 -9999 286 290 288 290 292 282 278 269 262 257 247 245 239 233 227 221 228 230 240 236 239 241 250 265 305 284 269 248 245 254 295 309 286
195 196 199 203 205 209 210 224 235 218 -9999 -9999 -9999 -9999 -9999 -9999 -9999 -9999 -9999 -9999 -9999 -9999 -9999 -9999 -9999 -9999 -9999 -9999 -9999 -9999 -9999 -9999 -9999 -9999 -9999 -9999 -9999 -9999 -9999 -9999 -9999 -9999 -9999 -9999 -9999 -9999 -9999 -9999 -9999 -9999 293 292 295 291 291 286 280 272 267 263 260 252 248 241 236 229 220 224 229 237 233 235 238 243 260 314 301 261 247 251 254 302 316 307
192 195 196 202 206 206 209 236 237 217 214 -9999 -9999 -9999 -9999 -9999 -9999 -9999 -9999 -9999 -9999 -9999 -9999 -9999 -9999 -9999 -9999 -9999 -9999 -9999 -9999 -9999 -9999 -9999 -9999 -9999 -9999 -9999 -9999 -9999 -9999 -9999 -9999 -9999 -9999 -9999 -9999 -9999 -9999 298 294 299 296 294 285 280 276 275 272 272 265 258 253 247 236 232 225 220 228 238 233 231 236 243 254 272 329 258 238 236 244 273 282 259
191 194 197 201 204 204 206 211 231 217 216 216 -9999 -9999 -9999 -9999 -9999 -9999 -9999 -9999 -9999 -9999 -9999 -9999 -9999 -9999 -9999 -9999 -9999 -9999 -9999 -9999 -9999 -9999 -9999 -9999 -9999 -9999 -9999 -9999 -9999 -9999 -9999 -9999 -9999 -9999 -9999 -9999 -9999 298 299 299 297 287 284 280 275 270 272 271 265 257 252 245 240 232 227 220 223 231 231 230 232 237 245 260 272 283 244 245 237 254 284 248
190 194 200 201 202 202 207 213 222 243 230 256 -9999 -9999 -9999 -9999 -9999 -9999 -9999 -9999 -9999 -9999 -9999 -9999 -9999 -9999 -9999 -9999 -9999 -9999 -9999 -9999 -9999 -9999 -9999 -9999 -9999 -9999 -9999 -9999 -9999 -9999 -9999 -9999 -9999 -9999 -9999 -9999 301 303 299 293 286 281 280 280 274 269 266 264 257 254 249 245 237 233 227 223 217 223 226 227 231 233 240 247 251 255 236 233 229 232 272 228
190 193 198 201 202 203 220 250 247 268 223 246 260 -9999 -9999 -9999 -9999 -9999 -9999 -9999 -9999 -9999 -9999 -9999 -9999 -9999 -9999 -9999 -9999 -9999 -9999 -9999 -9999 -9999 -9999 -9999 -9999 -9999 -9999 -9999 -9999 -9999 -9999 -9999 -9999 -9999 -9999 307 304 302 294 289 283 276 278 276 269 268 260 263 253 253 248 244 237 234 229 225 219 216 223 226 228 234 234 237 240 241 226 225 225 225 282 219
190 194 198 201 207 206 206 258 256 275 301 266 -9999 -9999 -9999 -9999 -9999 -9999 -9999 -9999 -9999 -9999 -9999 -9999 -9999 -9999 -9999 -9999 -9999 -9999 -9999 -9999 -9999 -9999 -9999 -9999 -9999 -9999 -9999 -9999 -9999 -9999 -9999 -9999 -9999 -9999 -9999 309 306 294 291 283 277 276 276 273 265 264 258 258 253 245 245 243 235 229 225 224 223 216 222 226 231 228 229 229 234 240 225 219 218 215 217 212
190 197 205 209 209 212 236 266 278 292 305 281 238 -9999 -9999 -9999 -9999 -9999 -9999 -9999 -9999 -9999 -9999 -9999 -9999 -9999 -9999 -9999 -9999 -9999 -9999 -9999 -9999 -9999 -9999 -9999 -9999 -9999 -9999 -9999 -9999 -9999 -9999 -9999 -9999 -9999 314 378 305 295 286 282 278 275 275 269 264 263 257 251 246 241 236 236 231 227 231 230 226 222 215 220 227 225 227 224 228 226 218 214 214 214 210 212
187 191 200 203 201 208 242 248 271 284 298 293 -9999 -9999 -9999 -9999 -9999 -9999 -9999 -9999 -9999 -9999 -9999 -9999 -9999 -9999 -9999 -9999 -9999 -9999 -9999 -9999 -9999 -9999 -9999 -9999 -9999 -9999 -9999 -9999 -9999 -9999 -9999 -9999 -9999 -9999 314 313 300 292 284 281 277 275 269 266 262 258 253 248 245 245 243 239 238 234 235 233 229 222 215 222 224 222 224 222 222 219 221 210 208 211 206 205
186 188 192 195 192 201 225 218 269 287 314 316 -9999 -9999 -9999 -9999 -9999 -9999 -9999 -9999 -9999 -9999 -9999 -9999 -9999 -9999 -9999 -9999 -9999 -9999 -9999 -9999 -9999 -9999 -9999 -9999 -9999 351 349 433 425 335 328 -9999 396 388 314 306 299 290 289 283 280 271 268 264 261 258 254 255 258 251 247 246 245 241 239 234 229 223 215 219 220 219 219 218 215 215 212 210 205 211 202 200
184 186 189 189 192 205 219 228 279 299 306 322 -9999 -9999 -9999 -9999 -9999 -9999 -9999 -9999 -9999 -9999 -9999 -9999 -9999 -9999 -9999 -9999 -9999 -9999 -9999 -9999 -9999 -9999 -9999 455 352 444 347 344 340 416 331 400 395 318 315 305 295 292 293 285 277 274 268 265 262 261 257 264 276 261 255 251 246 243 240 232 230 223 217 213 216 218 216 217 211 214 208 203 203 203 197 195
185 185 188 190 196 204 230 271 288 291 288 315 -9999 -9999 -9999 -9999 -9999 -9999 -9999 -9999 -9999 -9999 -9999 -9999 -9999 -9999 -9999 -9999 -9999 -9999 -9999 -9999 -9999 -9999 452 449 448 348 347 345 340 335 330 324 321 319 307 299 296 299 297 287 279 275 270 265 263 265 266 273 308 283 264 255 249 242 240 233 230 223 217 213 209 211 213 210 206 205 203 199 200 200 196 191
185 187 188 190 194 196 225 260 270 282 287 304 -9999 -9999 -9999 -9999 -9999 -9999 -9999 -9999 -9999 -9999 -9999 -9999 -9999 -9999 -9999 -9999 -9999 -9999 -9999 -9999 -9999 -9999 445 339 433 446 443 345 341 338 331 325 322 315 303 299 301 303 293 289 282 278 274 270 268 269 272 279 316 311 268 260 259 245 242 237 230 222 218 218 215 210 207 206 204 202 201 198 197 194 193 193
187 188 191 194 195 199 204 264 277 286 295 313 -9999 -9999 -9999 -9999 -9999 -9999 -9999 -9999 -9999 -9999 -9999 -9999 -9999 -9999 -9999 -9999 -9999 -9999 -9999 -9999 -9999 -9999 373 331 376 441 440 343 340 338 331 324 318 311 307 305 306 304 298 289 284 281 277 274 268 277 276 280 294 291 278 268 261 246 241 239 231 225 226 242 240 219 211 206 215 217 221 203 209 222 221 204
190 190 194 201 211 232 242 275 275 286 292 315 310 311 295 289 290 288 269 -9999 -9999 -9999 -9999 -9999 -9999 -9999 -9999 -9999 -9999 -9999 -9999 -9999 -9999 -9999 327 241 301 337 342 383 342 337 333 326 316 314 375 308 312 309 309 291 287 284 280 276 274 274 285 286 294 288 277 267 257 246 243 237 231 229 244 243 240 239 225 208 212 227 226 226 225 225 221 209
194 195 197 203 226 206 206 253 232 276 294 314 299 294 303 300 290 282 275 272 271 285 276 265 267 261 258 -9999 -9999 -9999 -9999 -9999 -9999 -9999 318 279 296 409 338 228 430 339 420 326 320 310 315 314 314 312 300 292 290 287 282 275 272 297 324 295 306 311 273 267 259 250 244 240 233 237 242 233 225 220 213 224 215 221 229 227 228 228 224 223
-9999 -9999 -9999 -9999 214 207 207 216 215 262 304 307 292 286 302 297 289 290 284 281 270 271 275 273 272 270 254 246 229 225 212 227 235 276 290 179 187 276 341 299 332 425 423 332 388 312 327 320 317 311 304 296 293 290 285 279 272 273 277 280 321 314 285 272 262 258 245 240 241 248 246 229 220 216 220 224 221 222 232 232 229 228 226 223
-9999 -9999 -9999 -9999 -9999 -9999 216 215 216 222 268 310 299 283 298 290 290 284 277 268 264 262 260 262 262 267 243 238 236 221 220 213 245 276 203 230 243 255 305 302 310 423 420 408 316 324 332 322 316 308 303 298 295 293 290 287 274 273 290 274 307 309 290 280 269 259 249 248 251 249 247 228 221 218 221 227 223 229 236 232 227 221 217 214
-9999 -9999 -9999 -9999 -9999 -9999 -9999 263 240 255 271 306 307 284 290 290 280 278 273 264 253 258 253 244 256 260 252 246 240 231 174 209 224 238 243 184 233 267 324 228 312 329 325 323 325 314 330 324 319 311 304 302 300 297 297 291 275 312 278 224 268 314 298 289 275 272 254 248 251 250 248 227 224 220 224 236 227 235 236 233 226 221 219 222
-9999 -9999 -9999 -9999 -9999 -9999 -9999 272 276 284 306 -9999 300 289 282 285 290 282 276 265 253 259 253 244 244 258 252 243 233 222 221 212 222 236 238 235 239 219 252 291 285 324 331 331 327 257 407 401 316 309 307 303 302 312 300 289 280 322 246 229 312 319 319 319 283 269 252 248 251 250 233 229 224 223 228 239 233 228 236 230 228 229 226 223
-9999 -9999 -9999 -9999 -9999 -9999 -9999 -9999 -9999 293 -9999 -9999 -9999 294 285 271 278 280 273 265 258 264 263 247 251 246 248 239 225 224 226 217 207 224 228 220 225 234 190 233 252 331 414 288 263 219 277 325 314 312 309 307 309 323 304 284 279 318 -9999 -9999 299 297 302 302 273 260 252 250 251 238 246 231 224 234 245 244 234 237 238 232 233 229 227 225
-9999 -9999 -9999 -9999 -9999 -9999 -9999 -9999 -9999 -9999 -9999 -9999 -9999 305 289 282 274 276 275 273 275 274 264 259 259 239 244 239 231 233 228 214 208 211 220 235 238 190 206 301 212 278 411 292 264 257 313 401 318 313 311 308 323 315 308 283 283 -9999 -9999 -9999 -9999 288 283 276 268 260 255 247 246 249 236 228 230 236 245 244 238 234 238 236 235 236 232 225
-9999 -9999 -9999 -9999 -9999 -9999 -9999 -9999 -9999 -9999 -9999 -9999 -9999 -9999 299 289 279 286 291 290 286 284 273 270 262 240 240 244 243 241 234 216 215 217 182 246 204 207 262 256 267 307 312 360 232 256 317 320 320 317 315 317 289 322 313 -9999 -9999 -9999 -9999 -9999 -9999 -9999 281 276 266 259 254 250 255 248 236 232 236 239 245 247 243 239 242 242 246 246 236 228
-9999 -9999 -9999 -9999 -9999 -9999 -9999 -9999 -9999 -9999 -9999 -9999 -9999 -9999 307 297 299 294 281 274 276 283 279 277 262 257 251 252 248 242 188 228 221 215 218 214 182 261 282 259 305 303 303 253 227 265 325 323 323 323 317 315 323 309 -9999 -9999 -9999 -9999 -9999 -9999 -9999 -9999 -9999 278 268 259 254 257 255 242 237 233 239 247 247 247 244 242 244 248 250 247 239 232
-9999 -9999 -9999 -9999 -9999 -9999 -9999 -9999 -9999 -9999 -9999 -9999 -9999 -9999 -9999 302 295 279 284 268 267 266 267 275 271 260 256 244 240 237 230 227 223 222 224 223 242 241 296 343 301 315 279 258 311 344 282 293 322 317 322 317 319 -9999 -9999 -9999 -9999 -9999 -9999 -9999 -9999 -9999 -9999 276 269 262 255 254 250 245 238 236 241 248 251 251 247 245 246 250 250 241 239 240
-9999 -9999 -9999 -9999 -9999 -9999 -9999 -9999 -9999 -9999 -9999 -9999 -9999 -9999 -9999 305 294 284 279 277 270 262 257 -9999 267 266 252 245 238 227 231 217 222 230 236 198 269 274 296 333 284 249 236 201 272 268 219 277 262 331 309 -9999 -9999 -9999 -9999 -9999 -9999 -9999 -9999 -9999 -9999 -9999 -9999 281 274 266 259 258 260 245 240 239 241 245 251 253 249 248 251 253 252 244 241 244
-9999 -9999 -9999 -9999 -9999 -9999 -9999 -9999 -9999 -9999 -9999 -9999 -9999 -9999 -9999 301 291 280 283 279 269 267 -9999 -9999 -9999 -9999 -9999 -9999 -9999 -9999 174 215 223 229 237 264 222 292 298 238 232 249 202 260 201 220 265 239 261 259 -9999 -9999 -9999 -9999 -9999 -9999 -9999 -9999 -9999 -9999 -9999 -9999 -9999 -9999 274 267 262 262 256 259 241 240 245 254 254 253 255 252 257 255 254 249 247 250
-9999 -9999 -9999 -9999 -9999 -9999 -9999 -9999 -9999 -9999 -9999 -9999 -9999 -9999 -9999 -9999 297 290 289 279 -9999 -9999 -9999 -9999 -9999 -9999 -9999 -9999 -9999 -9999 -9999 219 217 220 218 258 275 298 250 251 243 223 202 195 189 212 309 214 195 197 -9999 -9999 -9999 -9999 -9999 -9999 -9999 -9999 -9999 -9999 -9999 -9999 -9999 -9999 280 270 265 264 249 246 244 243 243 254 255 256 257 256 258 257 256 253 255 264
-9999 -9999 -9999 -9999 -9999 -9999 -9999 -9999 -9999 -9999 -9999 -9999 -9999 -9999 -9999 -9999 295 293 285 -9999 -9999 -9999 -9999 -9999 -9999 -9999 -9999 -9999 -9999 -9999 -9999 180 217 168 222 236 203 299 282 284 269 244 298 215 239 194 238 261 198 206 -9999 -9999 -9999 -9999 -9999 -9999 -9999 -9999 -9999 -9999 -9999 -9999 -9999 -9999 281 273 266 255 252 247 247 245 245 245 254 258 260 259 261 259 259 261 258 265
-9999 -9999 -9999 -9999 -9999 -9999 -9999 -9999 -9999 -9999 -9999 -9999 -9999 -9999 -9999 -9999 -9999 -9999 -9999 -9999 -9999 -9999 -9999 -9999 -9999 -9999 -9999 -9999 -9999 -9999 -9999 -9999 221 213 223 230 243 290 255 274 257 216 222 261 202 212 178 214 206 192 -9999 -9999 -9999 -9999 -9999 -9999 -9999 -9999 -9999 -9999 -9999 -9999 -9999 -9999 283 276 271 260 255 252 249 252 247 247 254 255 260 261 262 263 263 265 265 267
