invasiveSpecies/multiSpecies/data/worldclim_KE/worldclim_KE_2050_BC26_Bio12.asc
ncols         347
nrows         295
xllcorner     36.068012264173
yllcorner     0.13039239511974
cellsize      0.0083333333333333
NODATA_value  -9999
[rows 185 to 221 of 295, columns 84 to 167 of 347]
-9999 -9999 -9999 -9999 -9999 -9999 -9999 -9999 -9999 -9999 -9999 -9999 -9999 -9999 -9999 -9999 -9999 -9999 -9999 -9999 -9999 -9999 -9999 -9999 -9999 -9999 -9999 -9999 -9999 -9999 -9999 -9999 591 628 611 611 627 637 652 652 648 648 651 663 681 676 673 671 674 687 690 699 699 701 705 714 713 710 714 711 719 725 723 732 735 742 763 741 761 721 596 525 514 511 503 496 494 493 493 493 487 485 485 486
-9999 -9999 -9999 -9999 -9999 -9999 -9999 -9999 -9999 -9999 -9999 -9999 -9999 -9999 -9999 -9999 -9999 -9999 -9999 -9999 -9999 -9999 -9999 -9999 -9999 -9999 -9999 -9999 -9999 -9999 -9999 -9999 597 633 626 623 641 645 659 663 659 656 655 664 678 685 685 683 683 693 695 698 700 705 708 712 712 709 715 711 715 716 718 727 732 739 767 756 767 656 547 531 516 515 508 500 496 496 501 494 493 489 488 489
-9999 -9999 -9999 -9999 -9999 -9999 -9999 -9999 -9999 -9999 -9999 -9999 -9999 -9999 -9999 -9999 -9999 -9999 -9999 -9999 -9999 -9999 -9999 -9999 -9999 -9999 -9999 -9999 -9999 -9999 -9999 606 596 635 643 632 653 661 671 670 673 672 667 672 679 690 695 692 693 698 698 694 700 709 712 706 708 708 713 709 714 717 720 723 731 737 745 762 718 604 558 541 525 521 513 512 509 501 506 498 498 495 493 494
-9999 -9999 -9999 -9999 -9999 -9999 -9999 -9999 -9999 -9999 -9999 -9999 -9999 -9999 -9999 -9999 -9999 -9999 -9999 -9999 -9999 -9999 -9999 -9999 -9999 -9999 -9999 -9999 -9999 -9999 -9999 604 620 654 653 650 662 660 672 681 681 677 682 671 680 691 696 697 693 695 698 694 704 705 709 706 705 704 706 708 710 714 721 722 731 735 741 748 762 703 658 567 535 538 519 517 514 505 508 506 505 499 502 503
-9999 -9999 -9999 -9999 -9999 -9999 -9999 -9999 -9999 -9999 -9999 -9999 -9999 -9999 -9999 -9999 -9999 -9999 -9999 -9999 -9999 -9999 -9999 -9999 -9999 -9999 -9999 -9999 -9999 -9999 -9999 610 632 650 680 680 669 673 685 683 685 688 685 680 686 699 698 696 694 694 698 696 698 710 710 706 700 699 700 704 705 710 715 720 727 730 734 742 749 740 783 727 578 590 543 527 522 518 520 514 512 509 509 513
-9999 -9999 -9999 -9999 -9999 -9999 -9999 -9999 -9999 -9999 -9999 -9999 -9999 -9999 -9999 -9999 -9999 -9999 -9999 -9999 -9999 -9999 -9999 -9999 -9999 -9999 -9999 -9999 -9999 -9999 -9999 623 641 663 695 698 701 689 689 689 692 694 694 686 695 702 703 696 693 693 696 694 699 706 711 704 699 693 708 709 710 715 719 724 731 735 738 747 767 763 787 784 785 685 578 563 540 535 531 522 520 518 516 522
-9999 -9999 -9999 -9999 -9999 -9999 -9999 -9999 -9999 -9999 -9999 -9999 -9999 -9999 -9999 -9999 -9999 -9999 -9999 -9999 -9999 -9999 -9999 -9999 -9999 -9999 -9999 -9999 -9999 -9999 622 643 682 695 699 700 704 698 700 701 700 700 694 694 700 706 706 700 699 694 692 693 700 705 711 705 702 697 708 719 722 726 723 728 734 739 745 752 761 788 778 730 783 775 702 627 580 562 590 549 534 525 522 532
-9999 -9999 -9999 -9999 -9999 -9999 -9999 -9999 -9999 -9999 -9999 -9999 -9999 -9999 -9999 -9999 -9999 -9999 -9999 -9999 -9999 -9999 -9999 -9999 -9999 -9999 -9999 -9999 -9999 -9999 630 659 696 698 701 705 704 710 709 706 703 702 700 708 707 708 709 706 702 699 691 691 699 709 715 706 698 696 711 721 730 733 735 735 739 743 749 759 765 791 770 731 793 796 779 700 642 655 605 581 560 534 531 563
-9999 -9999 -9999 -9999 -9999 -9999 -9999 -9999 -9999 -9999 -9999 -9999 -9999 -9999 -9999 -9999 -9999 -9999 -9999 -9999 -9999 -9999 -9999 -9999 -9999 -9999 -9999 -9999 -9999 -9999 644 696 700 702 706 711 711 710 711 709 708 710 711 713 712 707 709 709 705 700 698 691 695 713 711 703 699 698 706 721 727 743 743 742 746 752 756 761 772 792 752 735 735 776 778 785 725 780 727 663 629 542 541 559
-9999 -9999 -9999 -9999 -9999 -9999 -9999 -9999 -9999 -9999 -9999 -9999 -9999 -9999 -9999 -9999 -9999 -9999 -9999 -9999 -9999 -9999 -9999 -9999 -9999 -9999 -9999 -9999 -9999 655 682 702 707 710 712 716 721 720 715 714 718 723 717 720 717 710 708 709 709 703 697 691 692 705 706 704 696 706 713 722 733 738 753 750 754 756 751 771 780 797 746 738 756 761 797 813 811 820 818 817 762 582 554 590
-9999 -9999 -9999 -9999 -9999 -9999 -9999 -9999 -9999 -9999 -9999 -9999 -9999 -9999 -9999 -9999 -9999 -9999 -9999 -9999 -9999 -9999 -9999 -9999 -9999 -9999 -9999 -9999 -9999 648 697 706 715 707 721 721 727 727 722 723 724 730 726 729 718 715 709 709 707 706 699 695 692 701 699 693 692 709 724 734 738 749 762 757 759 751 755 765 795 797 753 731 773 769 749 776 784 776 793 812 701 572 562 607
-9999 -9999 -9999 -9999 -9999 -9999 -9999 -9999 -9999 -9999 -9999 -9999 -9999 -9999 -9999 -9999 -9999 -9999 -9999 -9999 -9999 -9999 -9999 -9999 -9999 -9999 -9999 -9999 -9999 671 679 716 713 711 722 727 731 735 732 733 732 734 735 737 723 722 717 712 706 704 707 700 696 691 689 692 709 713 721 730 741 751 762 757 751 747 753 773 798 798 764 729 749 765 766 757 779 798 779 821 796 622 572 575
-9999 -9999 -9999 -9999 -9999 -9999 -9999 -9999 -9999 -9999 -9999 -9999 -9999 -9999 -9999 -9999 -9999 -9999 -9999 -9999 -9999 -9999 -9999 -9999 -9999 -9999 -9999 -9999 665 701 716 719 715 713 715 732 736 739 741 743 746 743 740 735 732 730 724 719 714 706 703 702 695 688 690 705 720 728 732 738 741 747 754 761 751 746 754 771 792 797 798 749 735 768 810 864 806 788 781 833 773 631 575 565
-9999 -9999 -9999 -9999 -9999 -9999 -9999 -9999 -9999 -9999 -9999 -9999 -9999 -9999 -9999 -9999 -9999 -9999 -9999 -9999 -9999 -9999 -9999 -9999 -9999 -9999 -9999 -9999 663 719 723 725 723 721 717 721 726 725 723 736 721 751 747 750 745 742 733 722 716 714 704 703 698 688 702 712 722 728 733 730 738 739 746 762 752 743 752 776 792 806 795 747 735 749 765 765 771 776 777 834 775 593 575 560
-9999 -9999 -9999 -9999 -9999 -9999 -9999 -9999 -9999 -9999 -9999 -9999 -9999 -9999 -9999 -9999 -9999 -9999 -9999 -9999 -9999 -9999 -9999 -9999 -9999 -9999 -9999 -9999 676 724 730 731 728 729 718 719 715 714 710 714 711 734 759 756 760 743 736 723 718 711 701 704 698 685 697 714 717 726 728 723 727 729 739 754 752 738 754 774 798 807 785 783 744 744 748 769 804 828 823 830 827 594 566 560
-9999 -9999 -9999 -9999 -9999 -9999 -9999 -9999 -9999 -9999 -9999 -9999 -9999 -9999 -9999 -9999 -9999 -9999 -9999 -9999 -9999 -9999 -9999 -9999 -9999 -9999 -9999 -9999 688 731 736 732 735 739 720 721 717 712 705 704 709 719 720 724 751 758 747 731 722 716 710 697 699 684 697 705 713 719 716 711 715 727 734 746 751 738 743 756 774 790 813 815 805 795 801 804 828 828 824 710 584 578 562 556
-9999 -9999 -9999 -9999 -9999 -9999 -9999 -9999 -9999 -9999 -9999 -9999 -9999 -9999 -9999 -9999 -9999 -9999 -9999 -9999 -9999 -9999 -9999 -9999 -9999 -9999 -9999 -9999 696 740 737 737 738 744 731 730 721 720 715 710 706 717 714 717 723 729 756 746 753 738 718 706 696 694 687 705 711 714 710 701 710 719 739 740 741 737 731 753 767 778 792 816 814 824 825 825 817 763 707 640 596 579 564 561
-9999 -9999 -9999 -9999 -9999 -9999 -9999 -9999 -9999 -9999 -9999 -9999 -9999 -9999 -9999 -9999 -9999 -9999 -9999 -9999 -9999 -9999 -9999 -9999 -9999 -9999 -9999 700 713 744 746 740 741 743 739 731 727 730 722 714 706 715 710 713 711 721 727 745 780 735 730 720 701 690 680 697 706 701 703 693 703 717 727 734 737 734 729 743 755 767 776 787 800 793 792 796 750 701 773 627 766 751 598 582
-9999 -9999 -9999 -9999 -9999 -9999 -9999 -9999 -9999 -9999 -9999 -9999 -9999 -9999 -9999 -9999 -9999 -9999 -9999 -9999 -9999 -9999 -9999 -9999 -9999 -9999 -9999 706 730 753 749 745 744 746 746 742 740 736 725 718 711 708 707 710 708 710 719 743 774 762 762 762 707 691 679 710 704 690 688 682 693 708 722 729 723 726 726 734 748 753 760 773 779 778 775 783 836 822 845 766 713 803 605 601
-9999 -9999 -9999 -9999 -9999 -9999 -9999 -9999 -9999 -9999 -9999 -9999 -9999 -9999 -9999 -9999 -9999 -9999 -9999 -9999 -9999 -9999 -9999 -9999 -9999 -9999 -9999 728 734 766 758 754 751 748 747 748 744 740 731 730 729 718 714 710 701 702 716 731 794 749 727 730 715 691 676 694 698 688 680 676 685 693 716 729 715 718 721 725 735 750 754 766 767 768 766 772 834 830 846 695 677 743 642 605
-9999 -9999 -9999 -9999 -9999 -9999 -9999 -9999 -9999 -9999 -9999 -9999 -9999 -9999 -9999 -9999 -9999 -9999 -9999 -9999 -9999 -9999 -9999 -9999 -9999 -9999 -9999 739 758 763 764 759 757 754 753 756 753 747 741 735 727 719 712 722 712 703 716 726 772 742 725 713 697 688 673 694 693 680 670 665 679 687 703 712 712 718 714 720 731 733 743 749 745 748 758 777 839 838 848 792 678 663 628 606
-9999 -9999 -9999 -9999 -9999 -9999 -9999 -9999 -9999 -9999 -9999 -9999 -9999 -9999 -9999 -9999 -9999 -9999 -9999 -9999 -9999 -9999 -9999 -9999 -9999 -9999 -9999 -9999 765 762 763 763 764 754 751 755 760 762 747 739 730 718 711 715 712 698 707 721 774 790 733 721 715 697 668 684 676 674 666 658 665 686 691 699 699 702 716 723 729 724 721 736 736 731 743 743 830 846 843 844 684 639 625 609
-9999 -9999 -9999 -9999 -9999 -9999 -9999 -9999 -9999 -9999 -9999 -9999 -9999 -9999 -9999 -9999 -9999 -9999 -9999 -9999 -9999 -9999 -9999 -9999 -9999 -9999 -9999 -9999 767 763 765 765 766 760 749 759 758 763 779 735 729 722 710 706 706 698 708 736 799 776 748 736 724 700 683 662 659 657 656 648 655 670 682 688 690 699 703 713 716 713 713 723 728 727 729 732 771 832 783 685 661 645 636 609
-9999 -9999 -9999 -9999 -9999 -9999 -9999 -9999 -9999 -9999 -9999 -9999 -9999 -9999 -9999 -9999 -9999 -9999 -9999 -9999 -9999 -9999 -9999 -9999 -9999 -9999 -9999 773 777 777 767 761 769 758 750 759 752 761 761 746 728 718 713 706 702 696 709 724 717 740 781 742 721 709 695 691 689 668 645 639 651 668 666 684 704 699 691 697 697 705 698 704 704 707 713 710 716 703 709 691 775 690 677 634
-9999 -9999 -9999 -9999 -9999 -9999 -9999 -9999 -9999 -9999 -9999 -9999 -9999 -9999 -9999 -9999 -9999 -9999 -9999 -9999 -9999 -9999 -9999 -9999 -9999 -9999 -9999 -9999 791 786 775 763 772 770 758 753 749 760 757 749 739 734 729 718 708 692 697 714 703 705 738 753 716 709 707 694 687 670 653 639 643 656 673 690 699 696 686 686 690 690 688 690 698 702 707 702 701 707 712 839 850 711 719 645
-9999 -9999 -9999 -9999 -9999 -9999 -9999 -9999 -9999 -9999 -9999 -9999 -9999 -9999 -9999 -9999 -9999 -9999 -9999 -9999 -9999 -9999 -9999 -9999 -9999 -9999 -9999 -9999 803 789 777 760 771 767 759 755 745 765 764 747 741 737 725 717 703 696 690 690 693 709 748 714 721 704 692 682 677 663 656 637 642 650 669 684 690 686 684 677 686 686 685 684 689 694 697 700 704 722 745 851 840 677 646 655
-9999 -9999 -9999 -9999 -9999 -9999 -9999 -9999 -9999 -9999 -9999 -9999 -9999 -9999 -9999 -9999 -9999 -9999 -9999 -9999 -9999 -9999 -9999 -9999 -9999 -9999 -9999 -9999 813 785 778 767 777 772 751 751 742 759 761 761 744 734 729 720 719 716 698 686 685 690 687 701 717 707 688 677 667 655 647 631 638 652 671 679 689 691 687 672 675 671 672 675 683 692 710 720 726 740 763 843 868 701 635 609
-9999 -9999 -9999 -9999 -9999 -9999 -9999 -9999 -9999 -9999 -9999 -9999 -9999 -9999 -9999 -9999 -9999 -9999 -9999 -9999 -9999 -9999 -9999 -9999 -9999 792 821 827 831 793 782 771 767 767 748 744 742 750 755 755 750 746 745 737 729 727 713 697 678 673 684 691 729 698 683 667 660 645 642 630 628 660 672 671 671 686 681 671 666 666 670 671 679 691 738 737 756 831 805 822 878 648 627 600
-9999 -9999 -9999 -9999 -9999 -9999 -9999 -9999 -9999 -9999 -9999 -9999 -9999 -9999 -9999 -9999 -9999 -9999 -9999 -9999 -9999 -9999 -9999 -9999 -9999 802 829 837 841 803 787 784 770 755 747 747 736 737 748 741 746 739 751 747 736 730 725 713 694 675 672 686 688 669 671 658 648 634 629 627 628 646 665 661 663 675 682 672 663 660 659 666 670 693 706 754 772 798 868 873 869 653 628 590
-9999 -9999 -9999 -9999 -9999 -9999 -9999 -9999 -9999 -9999 -9999 -9999 -9999 -9999 -9999 -9999 -9999 -9999 -9999 -9999 -9999 -9999 -9999 -9999 -9999 764 840 845 830 804 791 771 781 772 759 738 729 724 741 730 737 730 730 740 733 725 721 702 693 670 664 680 680 665 656 651 639 623 622 617 622 649 660 653 653 668 688 680 665 657 653 655 668 677 699 764 779 870 856 871 880 792 642 589
-9999 -9999 -9999 -9999 -9999 -9999 -9999 -9999 -9999 -9999 -9999 -9999 -9999 -9999 -9999 -9999 -9999 -9999 -9999 -9999 -9999 -9999 -9999 -9999 -9999 -9999 851 840 833 816 791 767 785 782 773 758 746 741 717 713 720 723 713 727 737 719 719 708 693 677 660 667 660 671 652 643 635 624 604 622 642 642 658 647 650 654 672 684 674 652 647 646 656 669 688 710 768 821 872 876 883 837 637 614
-9999 -9999 -9999 -9999 -9999 -9999 -9999 -9999 -9999 -9999 -9999 -9999 -9999 -9999 -9999 -9999 -9999 -9999 -9999 -9999 -9999 -9999 -9999 -9999 -9999 739 842 852 848 810 787 766 753 785 776 753 741 733 711 710 706 710 706 714 731 724 711 708 688 674 664 650 643 650 654 644 624 613 605 619 628 638 652 649 633 651 660 677 674 656 645 643 649 661 681 695 777 813 875 829 884 823 671 617
-9999 -9999 -9999 -9999 -9999 -9999 -9999 -9999 -9999 -9999 -9999 -9999 -9999 -9999 -9999 -9999 -9999 -9999 -9999 -9999 -9999 -9999 -9999 -9999 783 778 868 873 817 791 785 763 742 748 752 738 714 700 -9999 -9999 -9999 -9999 690 708 726 726 718 707 700 686 681 658 647 633 636 640 617 607 595 609 635 634 640 645 627 638 650 663 664 654 644 637 641 654 666 682 786 797 838 788 847 838 638 609
-9999 -9999 -9999 -9999 -9999 -9999 -9999 -9999 -9999 -9999 -9999 -9999 -9999 -9999 -9999 -9999 -9999 -9999 -9999 -9999 -9999 -9999 -9999 -9999 815 825 879 889 846 780 769 754 744 735 713 725 -9999 -9999 -9999 -9999 -9999 -9999 -9999 681 711 707 718 723 712 698 683 664 648 625 620 619 605 598 590 600 615 624 627 633 617 632 645 657 653 649 639 635 636 641 652 664 787 748 750 689 723 783 706 595
-9999 -9999 -9999 -9999 -9999 -9999 -9999 -9999 -9999 -9999 -9999 -9999 -9999 -9999 -9999 -9999 -9999 -9999 -9999 -9999 -9999 -9999 -9999 -9999 863 857 860 894 828 752 778 739 729 -9999 -9999 -9999 -9999 -9999 -9999 -9999 -9999 -9999 -9999 -9999 698 693 695 702 706 700 697 673 654 639 624 603 598 584 582 579 606 612 615 626 615 627 637 653 649 640 634 632 627 628 636 641 656 681 646 653 664 675 609 585
-9999 -9999 -9999 -9999 -9999 -9999 -9999 -9999 -9999 -9999 -9999 -9999 -9999 -9999 -9999 -9999 -9999 -9999 -9999 -9999 -9999 -9999 -9999 -9999 893 889 811 851 799 735 -9999 -9999 -9999 -9999 -9999 -9999 -9999 -9999 -9999 -9999 -9999 -9999 -9999 -9999 -9999 -9999 679 694 699 683 670 664 659 650 623 604 588 584 591 578 592 603 606 610 619 620 633 639 650 639 633 628 623 620 620 621 620 617 622 632 631 622 597 579
-9999 -9999 -9999 -9999 -9999 -9999 -9999 -9999 -9999 -9999 -9999 -9999 -9999 -9999 -9999 -9999 -9999 -9999 -9999 -9999 -9999 -9999 -9999 -9999 799 773 762 -9999 -9999 -9999 -9999 -9999 -9999 -9999 -9999 -9999 -9999 -9999 -9999 -9999 -9999 -9999 -9999 -9999 -9999 -9999 -9999 -9999 689 676 650 637 632 648 616 597 601 610 604 596 578 592 591 602 602 607 616 631 647 648 638 634 624 620 617 612 608 605 610 613 615 621 636 597
