invasiveSpecies/multiSpecies/data/worldclim_KE/worldclim_KE_2050_BC85_Bio15.asc
ncols         347
nrows         295
xllcorner     36.068012264173
yllcorner     0.13039239511974
cellsize      0.0083333333333333
NODATA_value  -9999
[rows 228 to 265 of 295, columns 85 to 169 of 347]
67 66 68 68 68 70 71 -9999 -9999 -9999 -9999 -9999 -9999 -9999 -9999 -9999 -9999 -9999 -9999 -9999 -9999 -9999 -9999 -9999 -9999 -9999 -9999 -9999 -9999 -9999 -9999 -9999 -9999 -9999 -9999 -9999 -9999 -9999 -9999 -9999 -9999 -9999 -9999 -9999 -9999 -9999 -9999 -9999 -9999 -9999 92 91 93 92 92 92 92 92 91 90 92 90 91 92 92 92 92 92 91 92 91 91 92 93 92 93 94 93 93 93 93 94 94 93 95
65 67 67 69 68 70 71 71 71 -9999 -9999 -9999 -9999 -9999 -9999 -9999 -9999 -9999 -9999 -9999 -9999 -9999 -9999 -9999 -9999 -9999 -9999 -9999 -9999 -9999 -9999 -9999 -9999 -9999 -9999 -9999 -9999 -9999 -9999 -9999 -9999 -9999 -9999 -9999 -9999 -9999 -9999 -9999 -9999 -9999 91 91 92 91 92 92 92 91 90 91 90 91 91 90 91 91 93 91 92 91 92 91 91 93 93 92 93 92 93 93 94 95 93 94 94
65 66 66 68 68 68 70 73 70 -9999 -9999 -9999 -9999 -9999 -9999 -9999 -9999 -9999 -9999 -9999 -9999 -9999 -9999 -9999 -9999 -9999 -9999 -9999 -9999 -9999 -9999 -9999 -9999 -9999 -9999 -9999 -9999 -9999 -9999 -9999 -9999 -9999 -9999 -9999 -9999 -9999 -9999 -9999 -9999 91 92 91 92 92 91 91 92 91 91 90 90 91 91 91 91 91 90 91 91 91 90 92 92 92 93 93 93 92 92 93 93 93 94 93 93
65 66 67 68 68 69 72 73 70 70 -9999 -9999 -9999 -9999 -9999 -9999 -9999 -9999 -9999 -9999 -9999 -9999 -9999 -9999 -9999 -9999 -9999 -9999 -9999 -9999 -9999 -9999 -9999 -9999 -9999 -9999 -9999 -9999 -9999 -9999 -9999 -9999 -9999 -9999 -9999 -9999 -9999 -9999 91 91 91 92 91 91 91 91 90 92 91 92 91 91 91 90 91 90 90 91 92 91 90 91 92 92 92 93 93 92 93 93 93 93 93 94 94
64 66 67 67 67 68 68 71 70 70 70 -9999 -9999 -9999 -9999 -9999 -9999 -9999 -9999 -9999 -9999 -9999 -9999 -9999 -9999 -9999 -9999 -9999 -9999 -9999 -9999 -9999 -9999 -9999 -9999 -9999 -9999 -9999 -9999 -9999 -9999 -9999 -9999 -9999 -9999 -9999 -9999 -9999 91 92 91 91 90 91 91 90 90 91 91 92 91 90 92 91 90 90 90 90 90 90 92 91 92 92 92 93 92 92 93 92 93 94 94 95 95
65 67 67 67 67 69 69 70 73 71 74 -9999 -9999 -9999 -9999 -9999 -9999 -9999 -9999 -9999 -9999 -9999 -9999 -9999 -9999 -9999 -9999 -9999 -9999 -9999 -9999 -9999 -9999 -9999 -9999 -9999 -9999 -9999 -9999 -9999 -9999 -9999 -9999 -9999 -9999 -9999 -9999 92 92 91 90 91 91 91 91 90 92 90 91 91 90 91 92 91 90 90 90 92 91 90 91 91 92 91 91 92 91 92 92 93 92 93 93 94 94
66 66 67 66 67 70 73 74 76 71 72 75 -9999 -9999 -9999 -9999 -9999 -9999 -9999 -9999 -9999 -9999 -9999 -9999 -9999 -9999 -9999 -9999 -9999 -9999 -9999 -9999 -9999 -9999 -9999 -9999 -9999 -9999 -9999 -9999 -9999 -9999 -9999 -9999 -9999 -9999 91 91 92 91 91 90 90 91 90 90 91 90 91 91 91 91 91 90 90 91 91 91 92 91 90 91 90 91 92 92 92 92 92 92 93 93 93 94 95
65 66 66 68 68 68 74 74 77 79 76 -9999 -9999 -9999 -9999 -9999 -9999 -9999 -9999 -9999 -9999 -9999 -9999 -9999 -9999 -9999 -9999 -9999 -9999 -9999 -9999 -9999 -9999 -9999 -9999 -9999 -9999 -9999 -9999 -9999 -9999 -9999 -9999 -9999 -9999 -9999 91 91 91 89 90 89 90 90 90 90 89 91 91 91 90 90 90 90 91 90 90 90 92 90 90 90 92 91 91 91 92 92 92 92 92 91 94 94 94
66 67 67 67 68 71 75 76 78 80 77 72 -9999 -9999 -9999 -9999 -9999 -9999 -9999 -9999 -9999 -9999 -9999 -9999 -9999 -9999 -9999 -9999 -9999 -9999 -9999 -9999 -9999 -9999 -9999 -9999 -9999 -9999 -9999 -9999 -9999 -9999 -9999 -9999 -9999 91 92 91 90 89 89 90 89 90 90 90 89 90 90 90 89 90 90 91 90 90 89 90 90 91 90 91 90 92 91 91 92 93 91 91 92 93 94 93 93
65 65 67 66 67 71 72 75 77 78 79 -9999 -9999 -9999 -9999 -9999 -9999 -9999 -9999 -9999 -9999 -9999 -9999 -9999 -9999 -9999 -9999 -9999 -9999 -9999 -9999 -9999 -9999 -9999 -9999 -9999 -9999 -9999 -9999 -9999 -9999 -9999 -9999 -9999 -9999 91 91 91 90 90 89 89 89 89 90 90 90 89 90 90 90 90 89 91 89 90 91 89 90 91 91 91 91 90 91 91 91 92 92 91 93 92 93 93 95
64 64 65 65 66 70 69 75 76 80 80 -9999 -9999 -9999 -9999 -9999 -9999 -9999 -9999 -9999 -9999 -9999 -9999 -9999 -9999 -9999 -9999 -9999 -9999 -9999 -9999 -9999 -9999 -9999 -9999 -9999 94 93 92 92 91 91 -9999 92 91 91 91 90 89 89 90 90 89 89 89 89 90 89 90 90 90 90 90 90 90 89 89 89 91 91 90 90 90 90 90 91 91 92 92 92 93 93 93 93 94
64 65 65 64 66 69 69 75 78 78 80 -9999 -9999 -9999 -9999 -9999 -9999 -9999 -9999 -9999 -9999 -9999 -9999 -9999 -9999 -9999 -9999 -9999 -9999 -9999 -9999 -9999 -9999 -9999 93 94 93 92 92 92 91 91 91 91 91 90 90 90 89 89 89 89 89 89 89 88 90 89 89 90 89 90 90 89 89 90 90 89 89 91 91 91 90 91 91 91 91 91 93 91 92 93 93 93 93
62 63 64 66 66 71 74 76 76 77 79 -9999 -9999 -9999 -9999 -9999 -9999 -9999 -9999 -9999 -9999 -9999 -9999 -9999 -9999 -9999 -9999 -9999 -9999 -9999 -9999 -9999 -9999 94 93 93 93 93 92 92 91 90 90 91 91 90 90 89 90 89 88 88 88 89 88 89 88 89 90 90 90 90 90 90 89 89 89 89 89 90 91 91 90 91 91 91 91 91 93 92 92 92 93 92 94
63 63 64 65 64 69 73 75 76 76 79 -9999 -9999 -9999 -9999 -9999 -9999 -9999 -9999 -9999 -9999 -9999 -9999 -9999 -9999 -9999 -9999 -9999 -9999 -9999 -9999 -9999 -9999 92 92 91 92 92 92 91 91 91 90 90 90 89 90 90 90 89 89 89 89 89 88 89 89 89 89 90 91 89 90 90 89 90 91 90 89 91 91 90 90 90 90 92 92 91 93 93 91 93 94 94 93
63 64 65 64 66 66 74 74 75 77 78 -9999 -9999 -9999 -9999 -9999 -9999 -9999 -9999 -9999 -9999 -9999 -9999 -9999 -9999 -9999 -9999 -9999 -9999 -9999 -9999 -9999 -9999 86 83 87 91 92 91 91 91 91 90 90 90 89 90 89 89 90 89 88 89 89 89 89 89 88 90 89 90 89 89 89 90 89 89 90 90 91 90 89 90 91 90 91 92 90 93 92 92 91 93 93 93
63 63 64 66 69 71 74 73 75 76 79 78 78 77 76 77 77 76 -9999 -9999 -9999 -9999 -9999 -9999 -9999 -9999 -9999 -9999 -9999 -9999 -9999 -9999 -9999 90 80 80 90 92 88 92 91 90 90 89 89 90 89 89 89 89 88 88 89 89 88 89 88 90 89 89 88 89 88 89 90 89 90 90 90 89 89 89 89 91 91 91 90 90 90 90 91 91 93 92 94
63 64 65 68 65 66 72 69 74 75 78 77 76 78 78 77 76 76 75 75 77 76 74 75 75 74 -9999 -9999 -9999 -9999 -9999 -9999 -9999 81 77 79 89 90 79 90 90 91 90 89 89 89 90 89 90 89 89 88 88 88 88 89 89 89 88 90 90 89 88 89 89 89 89 90 89 90 90 91 90 91 91 91 91 90 91 91 91 92 92 91 93
-9999 -9999 -9999 66 65 65 67 67 72 77 76 76 76 77 77 76 76 76 75 75 75 75 75 75 75 73 73 70 69 68 70 72 77 78 71 72 77 83 79 90 91 90 90 89 89 89 90 89 89 89 89 88 88 87 88 88 88 85 85 89 90 89 88 88 89 89 89 89 88 89 89 90 90 90 91 91 90 90 90 90 92 91 93 92 93
-9999 -9999 -9999 -9999 -9999 67 66 67 68 73 77 75 75 76 75 77 75 75 74 73 74 73 74 74 75 72 72 71 69 69 69 72 77 73 72 73 75 79 80 87 90 90 89 89 90 89 89 89 89 89 88 89 88 88 88 88 88 86 84 88 89 88 89 89 88 88 89 89 88 88 89 89 89 89 90 91 89 91 90 91 91 92 93 93 91
-9999 -9999 -9999 -9999 -9999 -9999 72 69 71 72 76 76 74 75 75 75 74 74 73 72 73 73 71 73 73 72 72 71 69 69 67 70 72 72 71 71 75 82 77 80 89 89 89 89 81 89 89 88 88 88 88 87 88 88 88 87 88 84 79 83 89 88 89 89 89 88 89 88 89 88 89 90 90 91 90 90 90 91 90 90 91 90 90 91 92
-9999 -9999 -9999 -9999 -9999 -9999 73 72 73 76 -9999 76 74 73 74 75 74 74 73 72 73 71 71 71 74 72 72 69 69 68 68 68 71 71 71 72 75 73 78 77 88 89 89 88 80 89 88 88 88 87 88 89 89 88 88 87 89 81 79 87 88 89 88 88 88 89 89 88 89 88 90 90 90 90 89 88 91 91 91 90 90 91 91 92 91
-9999 -9999 -9999 -9999 -9999 -9999 -9999 -9999 74 -9999 -9999 -9999 74 74 73 74 74 73 73 72 73 73 71 71 71 71 71 68 68 69 68 67 69 70 69 70 71 71 77 79 88 88 84 81 77 83 89 88 88 88 88 87 88 88 87 87 88 -9999 -9999 89 87 89 89 87 88 87 88 88 87 87 89 90 89 88 89 89 89 90 90 90 90 90 91 90 91
-9999 -9999 -9999 -9999 -9999 -9999 -9999 -9999 -9999 -9999 -9999 -9999 76 74 73 73 74 72 73 73 73 73 72 72 70 70 71 69 70 69 67 67 67 68 70 71 70 74 78 74 83 89 85 81 75 80 88 88 87 88 88 87 89 88 87 87 -9999 -9999 -9999 -9999 87 88 87 87 88 88 89 87 88 87 89 89 90 89 89 89 89 90 89 89 90 90 91 91 91
-9999 -9999 -9999 -9999 -9999 -9999 -9999 -9999 -9999 -9999 -9999 -9999 -9999 75 74 73 74 75 75 75 74 74 73 73 70 70 70 70 71 69 67 68 67 70 72 73 74 74 80 76 79 86 84 71 75 87 88 88 88 87 87 84 88 88 -9999 -9999 -9999 -9999 -9999 -9999 -9999 87 88 88 88 88 88 89 88 88 89 89 89 89 88 88 89 89 90 90 90 90 91 90 92
-9999 -9999 -9999 -9999 -9999 -9999 -9999 -9999 -9999 -9999 -9999 -9999 -9999 75 75 74 74 73 72 72 74 73 74 71 71 71 71 71 70 70 69 68 67 68 67 69 73 76 80 78 84 84 80 76 80 87 87 87 87 87 88 87 86 -9999 -9999 -9999 -9999 -9999 -9999 -9999 -9999 -9999 87 87 88 87 88 87 87 89 89 88 88 88 89 90 88 89 90 90 89 91 90 91 91
-9999 -9999 -9999 -9999 -9999 -9999 -9999 -9999 -9999 -9999 -9999 -9999 -9999 -9999 75 74 73 73 72 71 71 72 74 72 72 71 70 71 69 69 68 67 67 68 69 71 71 77 81 78 80 81 73 79 82 82 84 87 86 87 87 86 -9999 -9999 -9999 -9999 -9999 -9999 -9999 -9999 -9999 -9999 87 87 88 88 88 88 88 87 88 89 89 88 88 89 88 89 89 90 89 89 90 90 90
-9999 -9999 -9999 -9999 -9999 -9999 -9999 -9999 -9999 -9999 -9999 -9999 -9999 -9999 74 74 73 72 72 72 71 70 -9999 72 72 70 69 69 68 68 66 66 69 69 71 73 74 76 80 76 72 76 72 74 81 75 76 80 81 85 -9999 -9999 -9999 -9999 -9999 -9999 -9999 -9999 -9999 -9999 -9999 -9999 87 88 87 87 88 88 88 88 88 87 87 88 88 88 89 88 89 89 89 90 90 90 90
-9999 -9999 -9999 -9999 -9999 -9999 -9999 -9999 -9999 -9999 -9999 -9999 -9999 -9999 73 73 71 73 72 72 72 -9999 -9999 -9999 -9999 -9999 -9999 -9999 -9999 67 65 67 68 70 73 74 75 76 76 75 72 72 73 72 74 80 71 75 75 -9999 -9999 -9999 -9999 -9999 -9999 -9999 -9999 -9999 -9999 -9999 -9999 -9999 -9999 86 86 88 86 87 88 87 88 89 87 88 89 89 89 89 88 90 90 89 90 90 89
-9999 -9999 -9999 -9999 -9999 -9999 -9999 -9999 -9999 -9999 -9999 -9999 -9999 -9999 -9999 73 73 72 72 -9999 -9999 -9999 -9999 -9999 -9999 -9999 -9999 -9999 -9999 -9999 66 66 66 66 71 74 75 77 77 76 73 71 70 70 74 79 73 71 71 -9999 -9999 -9999 -9999 -9999 -9999 -9999 -9999 -9999 -9999 -9999 -9999 -9999 -9999 87 86 87 87 87 87 88 88 88 87 89 89 88 87 88 89 89 89 89 90 90 90
-9999 -9999 -9999 -9999 -9999 -9999 -9999 -9999 -9999 -9999 -9999 -9999 -9999 -9999 -9999 73 72 72 -9999 -9999 -9999 -9999 -9999 -9999 -9999 -9999 -9999 -9999 -9999 -9999 67 66 64 67 68 71 75 74 74 73 76 76 72 70 69 76 73 71 72 -9999 -9999 -9999 -9999 -9999 -9999 -9999 -9999 -9999 -9999 -9999 -9999 -9999 -9999 86 87 86 87 87 87 88 87 89 88 88 88 88 89 88 88 89 88 89 89 91 90
-9999 -9999 -9999 -9999 -9999 -9999 -9999 -9999 -9999 -9999 -9999 -9999 -9999 -9999 -9999 -9999 -9999 -9999 -9999 -9999 -9999 -9999 -9999 -9999 -9999 -9999 -9999 -9999 -9999 -9999 -9999 66 65 66 68 69 74 71 72 70 72 73 72 71 66 67 73 71 70 -9999 -9999 -9999 -9999 -9999 -9999 -9999 -9999 -9999 -9999 -9999 -9999 -9999 -9999 87 86 87 87 87 88 87 88 88 88 88 88 88 88 88 88 89 88 88 89 89 90
-9999 -9999 -9999 -9999 -9999 -9999 -9999 -9999 -9999 -9999 -9999 -9999 -9999 -9999 -9999 -9999 -9999 -9999 -9999 -9999 -9999 -9999 -9999 -9999 -9999 -9999 -9999 -9999 -9999 -9999 -9999 -9999 63 64 68 71 73 71 68 67 68 70 70 69 67 66 71 69 69 -9999 -9999 -9999 -9999 -9999 -9999 -9999 -9999 -9999 -9999 -9999 -9999 -9999 -9999 -9999 86 86 86 87 87 87 87 87 87 87 88 87 88 88 89 88 88 89 89 90 89
-9999 -9999 -9999 -9999 -9999 -9999 -9999 -9999 -9999 -9999 -9999 -9999 -9999 -9999 -9999 -9999 -9999 -9999 -9999 -9999 -9999 -9999 -9999 -9999 -9999 -9999 -9999 -9999 -9999 -9999 -9999 -9999 64 65 67 70 73 71 67 68 68 68 68 68 67 66 70 67 67 -9999 -9999 -9999 -9999 -9999 -9999 -9999 -9999 -9999 -9999 -9999 -9999 -9999 -9999 -9999 86 87 86 86 87 87 87 87 87 88 88 88 87 87 88 88 88 88 89 90 91
-9999 -9999 -9999 -9999 -9999 -9999 -9999 -9999 -9999 -9999 -9999 -9999 -9999 -9999 -9999 -9999 -9999 -9999 -9999 -9999 -9999 -9999 -9999 -9999 -9999 -9999 -9999 -9999 -9999 -9999 -9999 -9999 64 65 70 71 73 69 68 66 67 66 67 68 68 66 68 -9999 -9999 -9999 -9999 -9999 -9999 -9999 -9999 -9999 -9999 -9999 -9999 -9999 -9999 -9999 -9999 -9999 86 86 86 87 87 87 88 88 87 87 87 88 87 87 88 89 89 89 89 90 91
-9999 -9999 -9999 -9999 -9999 -9999 -9999 -9999 -9999 -9999 -9999 -9999 -9999 -9999 -9999 -9999 -9999 -9999 -9999 -9999 -9999 -9999 -9999 -9999 -9999 -9999 -9999 -9999 -9999 -9999 -9999 -9999 -9999 67 68 69 71 69 69 67 67 68 65 68 66 -9999 -9999 -9999 -9999 -9999 -9999 -9999 -9999 -9999 -9999 -9999 -9999 -9999 -9999 -9999 -9999 -9999 -9999 -9999 86 86 86 86 87 87 88 88 87 87 87 88 88 88 88 89 88 89 89 90 92
-9999 -9999 -9999 -9999 -9999 -9999 -9999 -9999 -9999 -9999 -9999 -9999 -9999 -9999 -9999 -9999 -9999 -9999 -9999 -9999 -9999 -9999 -9999 -9999 -9999 -9999 -9999 -9999 -9999 -9999 -9999 -9999 -9999 66 65 70 69 70 69 68 69 68 67 -9999 -9999 -9999 -9999 -9999 -9999 -9999 -9999 -9999 -9999 -9999 -9999 -9999 -9999 -9999 -9999 -9999 -9999 -9999 -9999 -9999 -9999 86 86 86 86 86 87 87 86 87 87 88 88 88 88 88 89 89 89 90 91
-9999 -9999 -9999 -9999 -9999 -9999 -9999 -9999 -9999 -9999 -9999 -9999 -9999 -9999 -9999 -9999 -9999 -9999 -9999 -9999 -9999 -9999 -9999 -9999 -9999 -9999 -9999 -9999 -9999 -9999 -9999 -9999 -9999 64 66 67 68 70 70 69 68 67 66 66 -9999 -9999 -9999 -9999 -9999 -9999 -9999 -9999 -9999 -9999 -9999 -9999 -9999 -9999 -9999 -9999 -9999 -9999 -9999 -9999 -9999 86 86 86 86 86 86 87 88 87 87 87 87 87 88 88 89 88 88 90 89
-9999 -9999 -9999 -9999 -9999 -9999 -9999 -9999 -9999 -9999 -9999 -9999 -9999 -9999 -9999 -9999 -9999 -9999 -9999 -9999 -9999 -9999 -9999 -9999 -9999 -9999 -9999 -9999 -9999 -9999 -9999 -9999 -9999 64 66 66 67 69 67 67 67 67 69 -9999 -9999 -9999 -9999 -9999 -9999 -9999 -9999 -9999 -9999 -9999 -9999 -9999 -9999 -9999 -9999 -9999 -9999 -9999 -9999 -9999 -9999 84 86 86 86 86 86 86 86 87 87 87 88 88 88 89 89 88 89 88 90
