invasiveSpecies/multiSpecies/data/worldclim_KE/worldclim_KE_2050_BC26_Bio1.asc
ncols         347
nrows         295
xllcorner     36.068012264173
yllcorner     0.13039239511974
cellsize      0.0083333333333333
NODATA_value  -9999
[rows 148 to 184 of 295, columns 84 to 167 of 347]
-9999 -9999 -9999 -9999 -9999 -9999 -9999 -9999 -9999 -9999 -9999 -9999 -9999 -9999 -9999 -9999 -9999 -9999 -9999 -9999 -9999 -9999 -9999 -9999 -9999 -9999 -9999 -9999 -9999 -9999 -9999 -9999 -9999 -9999 -9999 -9999 -9999 -9999 -9999 -9999 -9999 246 245 241 239 236 230 225 219 219 223 227 223 214 203 199 188 194 209 221 228 231 234 239 241 244 246 247 248 249 249 250 250 250 250 249 250 251 251 251 250 250 252 252
-9999 -9999 -9999 -9999 -9999 -9999 -9999 -9999 -9999 -9999 -9999 -9999 -9999 -9999 -9999 -9999 -9999 -9999 -9999 -9999 -9999 -9999 -9999 -9999 -9999 -9999 -9999 -9999 -9999 -9999 -9999 -9999 -9999 -9999 -9999 -9999 -9999 -9999 -9999 -9999 -9999 245 243 241 239 232 228 223 218 214 218 226 223 217 210 208 200 205 198 214 223 231 234 236 240 243 245 246 247 249 249 249 250 249 249 249 250 250 250 251 250 251 251 251
-9999 -9999 -9999 -9999 -9999 -9999 -9999 -9999 -9999 -9999 -9999 -9999 -9999 -9999 -9999 -9999 -9999 -9999 -9999 -9999 -9999 -9999 -9999 -9999 -9999 -9999 -9999 -9999 -9999 -9999 -9999 -9999 -9999 -9999 -9999 -9999 -9999 -9999 -9999 -9999 -9999 245 238 239 236 229 224 217 217 214 220 223 225 224 220 216 215 210 201 206 218 224 225 225 232 230 240 245 248 249 249 248 248 248 248 248 249 249 249 250 250 250 250 250
-9999 -9999 -9999 -9999 -9999 -9999 -9999 -9999 -9999 -9999 -9999 -9999 -9999 -9999 -9999 -9999 -9999 -9999 -9999 -9999 -9999 -9999 -9999 -9999 -9999 -9999 -9999 -9999 -9999 -9999 -9999 -9999 -9999 -9999 -9999 -9999 -9999 -9999 -9999 -9999 -9999 245 237 237 232 228 228 212 214 210 216 223 222 219 221 219 213 208 201 194 213 211 214 215 226 224 235 244 247 248 248 247 247 248 247 248 248 248 249 249 249 250 250 250
-9999 -9999 -9999 -9999 -9999 -9999 -9999 -9999 -9999 -9999 -9999 -9999 -9999 -9999 -9999 -9999 -9999 -9999 -9999 -9999 -9999 -9999 -9999 -9999 -9999 -9999 -9999 -9999 -9999 -9999 -9999 -9999 -9999 -9999 -9999 -9999 -9999 -9999 -9999 -9999 -9999 245 238 238 229 224 221 217 218 215 213 218 220 218 212 207 213 190 189 182 205 196 203 207 218 216 229 241 246 247 247 247 247 246 246 248 248 248 248 248 249 250 250 251
-9999 -9999 -9999 -9999 -9999 -9999 -9999 -9999 -9999 -9999 -9999 -9999 -9999 -9999 -9999 -9999 -9999 -9999 -9999 -9999 -9999 -9999 -9999 -9999 -9999 -9999 -9999 -9999 -9999 -9999 -9999 -9999 -9999 -9999 -9999 -9999 -9999 -9999 -9999 -9999 -9999 244 243 240 232 224 213 214 217 211 206 213 205 214 207 200 204 194 178 168 183 178 195 193 205 209 221 237 244 246 245 246 246 243 244 247 247 248 248 249 249 250 250 251
-9999 -9999 -9999 -9999 -9999 -9999 -9999 -9999 -9999 -9999 -9999 -9999 -9999 -9999 -9999 -9999 -9999 -9999 -9999 -9999 -9999 -9999 -9999 -9999 -9999 -9999 -9999 -9999 -9999 -9999 -9999 -9999 -9999 -9999 -9999 -9999 -9999 -9999 -9999 -9999 -9999 -9999 242 241 235 225 219 215 215 209 203 207 214 215 209 195 191 169 168 170 182 183 172 177 191 212 231 239 243 244 244 244 243 243 245 246 246 247 247 248 249 250 251 251
-9999 -9999 -9999 -9999 -9999 -9999 -9999 -9999 -9999 -9999 -9999 -9999 -9999 -9999 -9999 -9999 -9999 -9999 -9999 -9999 -9999 -9999 -9999 -9999 -9999 -9999 -9999 -9999 -9999 -9999 -9999 -9999 -9999 -9999 -9999 -9999 -9999 -9999 -9999 -9999 -9999 -9999 242 240 238 221 212 213 213 213 196 197 205 200 206 201 180 166 164 175 194 194 183 197 212 220 229 235 240 243 242 239 242 243 244 244 245 245 247 248 249 250 250 251
-9999 -9999 -9999 -9999 -9999 -9999 -9999 -9999 -9999 -9999 -9999 -9999 -9999 -9999 -9999 -9999 -9999 -9999 -9999 -9999 -9999 -9999 -9999 -9999 -9999 -9999 -9999 -9999 -9999 -9999 -9999 -9999 -9999 -9999 -9999 -9999 -9999 -9999 -9999 -9999 -9999 -9999 242 239 235 223 211 215 215 211 201 196 203 195 198 189 175 165 163 177 190 202 188 185 189 212 221 230 235 240 238 236 240 238 240 240 243 244 246 248 248 249 250 250
-9999 -9999 -9999 -9999 -9999 -9999 -9999 -9999 -9999 -9999 -9999 -9999 -9999 -9999 -9999 -9999 -9999 -9999 -9999 -9999 -9999 -9999 -9999 -9999 -9999 -9999 -9999 -9999 -9999 -9999 -9999 -9999 -9999 -9999 -9999 -9999 -9999 -9999 -9999 -9999 -9999 -9999 243 238 231 220 211 217 217 210 207 202 208 201 194 172 164 165 163 163 179 202 203 192 173 196 214 223 231 233 233 229 226 217 227 236 238 238 244 247 248 249 249 249
-9999 -9999 -9999 -9999 -9999 -9999 -9999 -9999 -9999 -9999 -9999 -9999 -9999 -9999 -9999 -9999 -9999 -9999 -9999 -9999 -9999 -9999 -9999 -9999 -9999 -9999 -9999 -9999 -9999 -9999 -9999 -9999 -9999 -9999 -9999 -9999 -9999 -9999 -9999 -9999 -9999 243 243 234 231 219 212 218 217 216 215 212 212 206 190 173 163 163 161 164 178 200 206 195 180 174 202 214 226 227 229 223 223 220 217 220 219 229 244 247 247 249 248 249
-9999 -9999 -9999 -9999 -9999 -9999 -9999 -9999 -9999 -9999 -9999 -9999 -9999 -9999 -9999 -9999 -9999 -9999 -9999 -9999 -9999 -9999 -9999 -9999 -9999 -9999 -9999 -9999 -9999 -9999 -9999 -9999 -9999 -9999 -9999 -9999 -9999 -9999 -9999 -9999 -9999 243 242 235 232 222 214 220 219 220 220 216 213 205 186 173 162 170 164 163 174 203 209 204 196 185 194 203 217 220 222 213 220 233 238 240 227 239 243 246 247 247 248 249
-9999 -9999 -9999 -9999 -9999 -9999 -9999 -9999 -9999 -9999 -9999 -9999 -9999 -9999 -9999 -9999 -9999 -9999 -9999 -9999 -9999 -9999 -9999 -9999 -9999 -9999 -9999 -9999 -9999 -9999 -9999 -9999 -9999 -9999 -9999 -9999 -9999 -9999 -9999 -9999 243 242 241 236 230 223 226 224 225 220 217 212 206 204 189 174 168 177 176 163 173 191 208 207 195 182 170 173 191 205 207 216 225 234 240 241 239 242 245 247 247 248 248 249
-9999 -9999 -9999 -9999 -9999 -9999 -9999 -9999 -9999 -9999 -9999 -9999 -9999 -9999 -9999 -9999 -9999 -9999 -9999 -9999 -9999 -9999 -9999 -9999 -9999 -9999 -9999 -9999 -9999 -9999 -9999 -9999 -9999 -9999 -9999 -9999 -9999 -9999 -9999 -9999 242 241 241 236 232 226 229 225 225 218 215 213 205 202 185 179 171 175 182 170 171 176 205 212 200 184 172 177 190 202 218 227 228 238 242 243 244 245 246 247 247 248 248 249
-9999 -9999 -9999 -9999 -9999 -9999 -9999 -9999 -9999 -9999 -9999 -9999 -9999 -9999 -9999 -9999 -9999 -9999 -9999 -9999 -9999 -9999 -9999 -9999 -9999 -9999 -9999 -9999 -9999 -9999 -9999 -9999 -9999 -9999 -9999 -9999 -9999 -9999 -9999 -9999 242 240 240 239 233 228 225 220 220 219 217 214 209 204 199 182 178 183 192 180 174 194 204 212 206 194 183 185 188 213 224 228 237 240 242 243 244 245 246 246 247 247 248 248
-9999 -9999 -9999 -9999 -9999 -9999 -9999 -9999 -9999 -9999 -9999 -9999 -9999 -9999 -9999 -9999 -9999 -9999 -9999 -9999 -9999 -9999 -9999 -9999 -9999 -9999 -9999 -9999 -9999 -9999 -9999 -9999 -9999 -9999 -9999 -9999 -9999 -9999 -9999 -9999 -9999 240 238 235 232 222 210 216 218 217 216 213 202 199 194 183 190 182 196 186 179 186 201 214 209 200 198 190 189 213 225 225 232 235 240 242 243 244 245 245 246 247 247 248
-9999 -9999 -9999 -9999 -9999 -9999 -9999 -9999 -9999 -9999 -9999 -9999 -9999 -9999 -9999 -9999 -9999 -9999 -9999 -9999 -9999 -9999 -9999 -9999 -9999 -9999 -9999 -9999 -9999 -9999 -9999 -9999 -9999 -9999 -9999 -9999 -9999 -9999 -9999 -9999 -9999 236 236 232 225 222 207 214 216 214 211 207 194 205 203 185 197 191 191 198 180 188 200 213 216 211 204 199 196 197 211 216 225 231 238 239 242 243 244 246 246 247 247 248
-9999 -9999 -9999 -9999 -9999 -9999 -9999 -9999 -9999 -9999 -9999 -9999 -9999 -9999 -9999 -9999 -9999 -9999 -9999 -9999 -9999 -9999 -9999 -9999 -9999 -9999 -9999 -9999 -9999 -9999 -9999 -9999 -9999 -9999 -9999 -9999 -9999 -9999 -9999 -9999 -9999 241 236 232 224 219 219 217 216 215 212 202 193 204 208 195 206 201 197 208 196 187 200 209 216 212 205 204 201 203 213 220 217 234 240 241 242 241 243 245 246 246 247 247
-9999 -9999 -9999 -9999 -9999 -9999 -9999 -9999 -9999 -9999 -9999 -9999 -9999 -9999 -9999 -9999 -9999 -9999 -9999 -9999 -9999 -9999 -9999 -9999 -9999 -9999 -9999 -9999 -9999 -9999 -9999 -9999 -9999 -9999 -9999 -9999 -9999 -9999 -9999 -9999 -9999 239 237 236 228 224 223 221 219 216 214 210 196 208 212 205 201 208 203 211 197 194 195 207 217 217 211 206 202 200 215 228 236 236 237 236 237 241 242 245 246 246 247 247
-9999 -9999 -9999 -9999 -9999 -9999 -9999 -9999 -9999 -9999 -9999 -9999 -9999 -9999 -9999 -9999 -9999 -9999 -9999 -9999 -9999 -9999 -9999 -9999 -9999 -9999 -9999 -9999 -9999 -9999 -9999 -9999 -9999 -9999 -9999 -9999 -9999 -9999 -9999 -9999 -9999 240 238 236 227 223 219 217 218 215 213 210 203 209 212 213 207 213 208 216 216 207 204 208 217 217 207 199 194 206 218 220 234 232 239 239 242 243 242 243 244 245 246 246
-9999 -9999 -9999 -9999 -9999 -9999 -9999 -9999 -9999 -9999 -9999 -9999 -9999 -9999 -9999 -9999 -9999 -9999 -9999 -9999 -9999 -9999 -9999 -9999 -9999 -9999 -9999 -9999 -9999 -9999 -9999 -9999 -9999 -9999 -9999 -9999 -9999 -9999 -9999 -9999 -9999 -9999 236 235 225 220 219 214 215 215 214 212 210 208 213 215 204 211 214 215 217 215 214 211 217 216 208 204 205 210 210 220 224 232 238 237 239 231 224 231 241 243 244 245
-9999 -9999 -9999 -9999 -9999 -9999 -9999 -9999 -9999 -9999 -9999 -9999 -9999 -9999 -9999 -9999 -9999 -9999 -9999 -9999 -9999 -9999 -9999 -9999 -9999 -9999 -9999 -9999 -9999 -9999 -9999 -9999 -9999 -9999 -9999 -9999 -9999 -9999 -9999 -9999 -9999 -9999 235 232 226 219 218 219 217 215 215 213 211 207 211 216 208 215 215 216 218 217 219 219 218 216 216 212 213 212 214 216 212 221 230 228 231 225 221 220 228 233 242 244
-9999 -9999 -9999 -9999 -9999 -9999 -9999 -9999 -9999 -9999 -9999 -9999 -9999 -9999 -9999 -9999 -9999 -9999 -9999 -9999 -9999 -9999 -9999 -9999 -9999 -9999 -9999 -9999 -9999 -9999 -9999 -9999 -9999 -9999 -9999 -9999 -9999 -9999 -9999 -9999 -9999 238 237 233 229 223 221 218 215 213 213 213 211 213 213 217 215 214 217 218 219 219 218 215 207 210 211 210 212 208 203 200 189 206 221 217 217 209 213 232 232 232 239 242
-9999 -9999 -9999 -9999 -9999 -9999 -9999 -9999 -9999 -9999 -9999 -9999 -9999 -9999 -9999 -9999 -9999 -9999 -9999 -9999 -9999 -9999 -9999 -9999 -9999 -9999 -9999 -9999 -9999 -9999 -9999 -9999 -9999 -9999 -9999 -9999 -9999 -9999 -9999 -9999 -9999 234 232 231 225 222 221 219 211 211 211 213 216 214 216 218 217 217 218 219 219 218 215 209 201 201 203 201 208 195 186 195 183 190 194 200 208 208 215 223 222 219 223 240
-9999 -9999 -9999 -9999 -9999 -9999 -9999 -9999 -9999 -9999 -9999 -9999 -9999 -9999 -9999 -9999 -9999 -9999 -9999 -9999 -9999 -9999 -9999 -9999 -9999 -9999 -9999 -9999 -9999 -9999 -9999 -9999 -9999 -9999 -9999 -9999 -9999 -9999 -9999 -9999 -9999 234 232 231 224 221 220 217 215 205 212 214 217 216 217 219 221 221 220 220 218 217 214 207 196 188 196 188 202 199 182 190 183 194 211 212 210 223 216 210 208 213 216 239
-9999 -9999 -9999 -9999 -9999 -9999 -9999 -9999 -9999 -9999 -9999 -9999 -9999 -9999 -9999 -9999 -9999 -9999 -9999 -9999 -9999 -9999 -9999 -9999 -9999 -9999 -9999 -9999 -9999 -9999 -9999 -9999 -9999 -9999 -9999 -9999 -9999 -9999 -9999 -9999 234 234 231 230 227 221 220 218 218 215 215 216 218 221 218 221 220 219 215 216 218 216 212 206 181 184 189 184 185 193 178 186 186 203 216 224 221 236 235 229 220 216 222 237
-9999 -9999 -9999 -9999 -9999 -9999 -9999 -9999 -9999 -9999 -9999 -9999 -9999 -9999 -9999 -9999 -9999 -9999 -9999 -9999 -9999 -9999 -9999 -9999 -9999 -9999 -9999 -9999 -9999 -9999 -9999 -9999 -9999 -9999 -9999 -9999 -9999 -9999 -9999 -9999 232 233 232 230 228 224 222 221 220 219 217 217 218 221 222 223 220 218 216 211 215 216 211 205 195 179 178 178 175 187 177 182 192 211 227 232 231 238 239 237 219 204 207 230
-9999 -9999 -9999 -9999 -9999 -9999 -9999 -9999 -9999 -9999 -9999 -9999 -9999 -9999 -9999 -9999 -9999 -9999 -9999 -9999 -9999 -9999 -9999 -9999 -9999 -9999 -9999 -9999 -9999 -9999 -9999 -9999 -9999 -9999 -9999 -9999 -9999 -9999 -9999 -9999 231 232 232 230 226 222 224 223 221 223 220 218 219 220 222 220 219 217 209 202 208 213 213 205 197 189 181 178 170 181 194 190 204 216 227 235 239 240 242 241 232 215 232 243
-9999 -9999 -9999 -9999 -9999 -9999 -9999 -9999 -9999 -9999 -9999 -9999 -9999 -9999 -9999 -9999 -9999 -9999 -9999 -9999 -9999 -9999 -9999 -9999 -9999 -9999 -9999 -9999 -9999 -9999 -9999 -9999 -9999 -9999 -9999 -9999 -9999 -9999 -9999 -9999 -9999 230 233 230 226 225 226 225 223 224 223 222 223 222 223 218 215 216 210 197 208 207 211 208 205 201 190 176 175 194 205 209 209 214 226 237 240 240 243 244 243 238 238 244
-9999 -9999 -9999 -9999 -9999 -9999 -9999 -9999 -9999 -9999 -9999 -9999 -9999 -9999 -9999 -9999 -9999 -9999 -9999 -9999 -9999 -9999 -9999 -9999 -9999 -9999 -9999 -9999 -9999 -9999 -9999 -9999 -9999 -9999 -9999 -9999 -9999 -9999 -9999 -9999 -9999 229 231 230 230 229 227 226 225 226 224 226 224 224 223 220 218 217 215 210 202 202 206 211 207 202 194 188 177 193 206 220 223 217 225 235 242 243 244 244 245 245 245 246
-9999 -9999 -9999 -9999 -9999 -9999 -9999 -9999 -9999 -9999 -9999 -9999 -9999 -9999 -9999 -9999 -9999 -9999 -9999 -9999 -9999 -9999 -9999 -9999 -9999 -9999 -9999 -9999 -9999 -9999 -9999 -9999 -9999 -9999 232 230 -9999 -9999 -9999 -9999 -9999 227 227 230 229 231 231 230 227 228 227 226 223 223 222 220 219 218 216 214 210 209 207 197 202 204 203 195 184 202 213 221 231 235 221 229 240 244 245 245 246 247 247 248
-9999 -9999 -9999 -9999 -9999 -9999 -9999 -9999 -9999 -9999 -9999 -9999 -9999 -9999 -9999 -9999 -9999 -9999 -9999 -9999 -9999 -9999 -9999 -9999 -9999 -9999 -9999 -9999 -9999 -9999 -9999 -9999 -9999 231 230 229 227 -9999 -9999 -9999 -9999 225 227 226 227 230 230 228 226 226 224 224 223 221 221 221 220 218 217 216 214 214 211 205 199 202 200 196 198 212 217 222 233 239 240 228 242 243 245 246 246 247 248 249
-9999 -9999 -9999 -9999 -9999 -9999 -9999 -9999 -9999 -9999 -9999 -9999 -9999 -9999 -9999 -9999 -9999 -9999 -9999 -9999 -9999 -9999 -9999 -9999 -9999 -9999 -9999 -9999 -9999 -9999 -9999 -9999 -9999 229 227 227 226 224 -9999 -9999 -9999 224 225 225 226 227 227 227 225 224 223 223 222 220 220 221 219 219 218 217 216 216 214 207 202 197 198 198 216 217 227 226 239 241 239 229 240 244 246 246 246 247 248 249
-9999 -9999 -9999 -9999 -9999 -9999 -9999 -9999 -9999 -9999 -9999 -9999 -9999 -9999 -9999 -9999 -9999 -9999 -9999 -9999 -9999 -9999 -9999 -9999 -9999 -9999 -9999 -9999 -9999 -9999 -9999 -9999 -9999 229 224 226 226 224 -9999 -9999 224 223 223 223 224 226 226 225 224 224 222 220 220 218 219 218 218 217 217 216 215 213 214 210 202 196 197 207 220 227 235 236 239 242 242 227 241 244 246 246 247 247 248 248
-9999 -9999 -9999 -9999 -9999 -9999 -9999 -9999 -9999 -9999 -9999 -9999 -9999 -9999 -9999 -9999 -9999 -9999 -9999 -9999 -9999 -9999 -9999 -9999 -9999 -9999 -9999 -9999 -9999 -9999 -9999 -9999 -9999 228 226 223 225 224 221 -9999 -9999 222 221 222 223 222 225 224 223 223 221 218 218 218 217 216 217 216 216 215 208 207 204 203 208 194 190 205 216 230 238 240 241 243 243 243 245 245 246 247 247 248 248 248
-9999 -9999 -9999 -9999 -9999 -9999 -9999 -9999 -9999 -9999 -9999 -9999 -9999 -9999 -9999 -9999 -9999 -9999 -9999 -9999 -9999 -9999 -9999 -9999 -9999 -9999 -9999 -9999 -9999 -9999 -9999 -9999 -9999 230 224 225 223 223 222 -9999 223 222 221 221 220 220 223 223 221 222 222 220 217 217 216 216 217 216 217 216 212 213 213 204 205 201 191 200 215 235 239 241 242 243 244 245 245 246 246 247 247 247 248 247
-9999 -9999 -9999 -9999 -9999 -9999 -9999 -9999 -9999 -9999 -9999 -9999 -9999 -9999 -9999 -9999 -9999 -9999 -9999 -9999 -9999 -9999 -9999 -9999 -9999 -9999 -9999 -9999 -9999 -9999 -9999 -9999 -9999 228 226 224 222 220 221 220 222 223 221 220 218 220 221 222 221 220 221 220 217 218 217 216 217 216 217 218 216 215 215 216 215 215 205 200 216 221 238 241 242 243 244 245 246 246 246 246 247 247 247 247
