invasiveSpecies/multiSpecies/data/worldclim_KE/worldclim_KE_2050_BC26_Bio10.asc
ncols         347
nrows         295
xllcorner     36.068012264173
yllcorner     0.13039239511974
cellsize      0.0083333333333333
NODATA_value  -9999
[rows 37 to 73 of 295, columns 168 to 251 of 347]
-9999 -9999 -9999 -9999 -9999 -9999 -9999 -9999 -9999 -9999 -9999 -9999 -9999 -9999 -9999 -9999 -9999 -9999 -9999 -9999 -9999 -9999 -9999 -9999 -9999 -9999 -9999 -9999 -9999 -9999 -9999 -9999 -9999 -9999 -9999 -9999 259 257 256 255 255 255 261 268 250 250 248 247 243 241 239 235 -9999 -9999 -9999 -9999 -9999 -9999 -9999 -9999 -9999 -9999 -9999 -9999 -9999 -9999 -9999 -9999 246 249 250 253 255 256 260 262 264 264 267 268 270 271 271 273
-9999 -9999 -9999 -9999 -9999 -9999 -9999 -9999 -9999 -9999 -9999 -9999 -9999 -9999 -9999 -9999 -9999 -9999 -9999 -9999 -9999 -9999 -9999 -9999 -9999 -9999 -9999 -9999 -9999 -9999 -9999 -9999 -9999 -9999 -9999 -9999 259 257 256 255 254 253 251 256 249 248 245 244 243 240 238 236 233 -9999 -9999 -9999 -9999 -9999 -9999 -9999 -9999 -9999 -9999 -9999 -9999 -9999 -9999 246 248 250 252 254 256 259 262 264 264 266 268 269 270 272 272 273
-9999 -9999 -9999 -9999 -9999 -9999 -9999 -9999 -9999 -9999 -9999 -9999 -9999 -9999 -9999 -9999 -9999 -9999 -9999 -9999 -9999 -9999 -9999 -9999 -9999 -9999 -9999 -9999 -9999 -9999 -9999 -9999 -9999 -9999 -9999 259 258 257 256 254 253 253 252 250 248 245 245 243 240 238 238 237 229 226 223 -9999 -9999 -9999 -9999 -9999 -9999 -9999 -9999 -9999 -9999 -9999 -9999 247 250 252 253 255 257 260 264 264 266 267 268 269 270 272 273 274
-9999 -9999 -9999 -9999 -9999 -9999 -9999 -9999 -9999 -9999 -9999 -9999 -9999 -9999 -9999 -9999 -9999 -9999 -9999 -9999 -9999 -9999 -9999 -9999 -9999 -9999 -9999 -9999 -9999 -9999 -9999 -9999 -9999 -9999 -9999 -9999 258 256 255 254 254 253 251 250 247 245 244 242 237 237 235 233 230 228 224 224 224 -9999 -9999 -9999 -9999 -9999 -9999 -9999 -9999 248 248 249 250 253 254 254 257 263 265 265 268 269 269 271 271 272 273 274
-9999 -9999 -9999 -9999 -9999 -9999 -9999 -9999 -9999 -9999 -9999 -9999 -9999 -9999 -9999 -9999 -9999 -9999 -9999 -9999 -9999 -9999 -9999 -9999 -9999 -9999 -9999 -9999 -9999 -9999 -9999 -9999 -9999 -9999 -9999 -9999 258 256 256 254 253 252 251 249 246 245 244 242 241 238 237 235 231 230 232 233 231 -9999 -9999 -9999 -9999 -9999 -9999 -9999 248 249 251 251 251 254 256 257 263 265 266 267 269 270 271 270 271 273 274 275
-9999 -9999 -9999 -9999 -9999 -9999 -9999 -9999 -9999 -9999 -9999 -9999 -9999 -9999 -9999 -9999 -9999 -9999 -9999 -9999 -9999 -9999 -9999 -9999 -9999 -9999 -9999 -9999 -9999 -9999 -9999 -9999 -9999 -9999 -9999 -9999 258 257 256 254 252 252 250 248 247 245 243 243 242 240 237 237 236 236 237 236 234 -9999 -9999 -9999 -9999 -9999 -9999 -9999 251 250 250 254 254 257 259 262 264 266 268 268 269 270 271 272 273 274 276 276
-9999 -9999 -9999 -9999 -9999 -9999 -9999 -9999 -9999 -9999 -9999 -9999 -9999 -9999 -9999 -9999 -9999 -9999 -9999 -9999 -9999 -9999 -9999 -9999 -9999 -9999 -9999 -9999 -9999 -9999 -9999 -9999 -9999 -9999 -9999 -9999 258 257 255 253 251 251 250 249 247 246 244 243 243 239 238 237 237 237 238 239 240 -9999 -9999 -9999 -9999 -9999 249 249 252 254 251 254 257 260 262 263 265 266 269 269 270 271 272 273 274 275 277 276
-9999 -9999 -9999 -9999 -9999 -9999 -9999 -9999 -9999 -9999 -9999 -9999 -9999 -9999 -9999 -9999 -9999 -9999 -9999 -9999 -9999 -9999 -9999 -9999 -9999 -9999 -9999 -9999 -9999 -9999 -9999 -9999 -9999 -9999 -9999 -9999 258 256 256 254 251 251 250 250 248 247 247 244 244 240 241 241 238 241 239 239 241 244 245 246 247 249 251 253 254 255 255 255 260 261 263 265 266 266 269 270 270 271 272 274 275 277 277 278
-9999 -9999 -9999 -9999 -9999 -9999 -9999 -9999 -9999 -9999 -9999 -9999 -9999 -9999 -9999 -9999 -9999 -9999 -9999 -9999 -9999 -9999 -9999 -9999 -9999 -9999 -9999 -9999 -9999 -9999 -9999 -9999 -9999 -9999 -9999 -9999 259 256 256 255 253 250 250 250 248 247 246 246 245 242 242 243 242 242 246 259 247 246 247 249 250 250 253 254 256 258 258 259 261 262 263 265 267 269 268 269 270 271 273 275 275 277 278 279
-9999 -9999 -9999 -9999 -9999 -9999 -9999 -9999 -9999 -9999 -9999 -9999 -9999 -9999 -9999 -9999 -9999 -9999 -9999 -9999 -9999 -9999 -9999 -9999 -9999 -9999 -9999 -9999 -9999 -9999 -9999 -9999 -9999 -9999 -9999 260 259 257 256 254 253 252 250 249 248 247 247 246 246 244 243 243 244 245 258 259 251 248 249 251 252 252 255 256 257 260 259 260 262 263 265 266 267 270 268 269 271 271 274 274 275 278 278 280
-9999 -9999 -9999 -9999 -9999 -9999 -9999 -9999 -9999 -9999 -9999 -9999 -9999 -9999 -9999 -9999 -9999 -9999 -9999 -9999 -9999 -9999 -9999 -9999 -9999 -9999 -9999 -9999 -9999 -9999 -9999 -9999 -9999 -9999 -9999 261 260 259 257 256 254 252 251 250 249 247 247 247 247 245 243 244 245 247 249 250 248 251 251 253 255 256 257 259 260 261 262 262 264 266 266 268 270 270 273 273 272 274 275 276 278 279 279 280
-9999 -9999 -9999 -9999 -9999 -9999 -9999 -9999 -9999 -9999 -9999 -9999 -9999 -9999 -9999 -9999 -9999 -9999 -9999 -9999 -9999 -9999 -9999 -9999 -9999 -9999 -9999 -9999 -9999 -9999 -9999 -9999 -9999 -9999 -9999 262 270 270 256 255 255 253 251 250 250 248 247 247 247 246 245 246 247 248 249 250 251 252 254 255 254 257 259 261 262 261 263 264 266 267 268 269 270 271 273 274 274 275 276 277 278 279 280 281
-9999 -9999 -9999 -9999 -9999 -9999 -9999 -9999 -9999 -9999 -9999 -9999 -9999 -9999 -9999 -9999 -9999 -9999 -9999 -9999 -9999 -9999 -9999 -9999 -9999 -9999 -9999 -9999 -9999 -9999 -9999 -9999 -9999 -9999 -9999 262 265 261 256 255 255 253 252 251 250 249 249 248 247 248 248 249 250 250 252 251 253 254 255 256 256 257 260 262 263 265 266 266 267 268 269 269 272 272 273 275 275 276 277 278 279 279 280 281
-9999 -9999 -9999 -9999 -9999 -9999 -9999 -9999 -9999 -9999 -9999 -9999 -9999 -9999 -9999 -9999 -9999 -9999 -9999 -9999 -9999 -9999 -9999 -9999 -9999 -9999 -9999 -9999 -9999 -9999 -9999 -9999 -9999 -9999 -9999 261 260 259 258 257 255 254 254 252 250 250 248 248 248 250 249 251 252 252 254 255 254 257 257 257 258 259 260 263 266 269 267 268 269 268 269 270 271 273 274 275 277 278 278 279 279 280 281 281
-9999 -9999 -9999 -9999 -9999 -9999 -9999 -9999 -9999 -9999 -9999 -9999 -9999 -9999 -9999 -9999 -9999 -9999 -9999 -9999 -9999 -9999 -9999 -9999 -9999 -9999 -9999 -9999 -9999 -9999 -9999 -9999 -9999 -9999 -9999 261 260 260 258 257 256 255 255 253 252 252 250 249 250 251 253 254 254 255 254 256 256 257 258 260 260 262 262 264 266 270 268 269 269 270 270 271 272 274 275 276 276 278 279 280 281 282 282 281
-9999 -9999 -9999 -9999 -9999 -9999 -9999 -9999 -9999 -9999 -9999 -9999 -9999 -9999 -9999 -9999 -9999 -9999 -9999 -9999 -9999 -9999 -9999 -9999 -9999 -9999 -9999 -9999 -9999 -9999 -9999 -9999 -9999 -9999 -9999 262 261 260 258 258 257 256 256 255 253 252 250 251 251 252 254 255 255 256 255 257 258 258 260 260 262 263 264 265 266 269 269 270 271 272 271 272 273 275 276 277 278 279 279 280 282 283 283 283
-9999 -9999 -9999 -9999 -9999 -9999 -9999 -9999 -9999 -9999 -9999 -9999 -9999 -9999 -9999 -9999 -9999 -9999 -9999 -9999 -9999 -9999 -9999 -9999 -9999 -9999 -9999 -9999 -9999 -9999 -9999 -9999 -9999 -9999 -9999 261 261 260 260 258 258 257 257 256 255 254 251 253 254 255 256 257 258 257 257 258 259 260 261 263 265 265 267 266 268 268 272 270 271 271 273 273 273 274 276 277 278 281 280 281 282 283 284 284
-9999 -9999 -9999 -9999 -9999 -9999 -9999 -9999 -9999 -9999 -9999 -9999 -9999 -9999 -9999 -9999 -9999 -9999 -9999 -9999 -9999 -9999 -9999 -9999 -9999 -9999 -9999 -9999 -9999 -9999 -9999 -9999 -9999 -9999 -9999 261 261 261 259 259 258 258 258 256 255 256 255 256 257 256 258 259 259 259 260 260 260 261 262 264 265 265 268 268 268 269 271 271 273 273 273 274 274 275 277 278 279 282 283 282 283 284 284 285
-9999 -9999 -9999 -9999 -9999 -9999 -9999 -9999 -9999 -9999 -9999 -9999 -9999 -9999 -9999 -9999 -9999 -9999 -9999 -9999 -9999 -9999 -9999 -9999 -9999 -9999 -9999 -9999 -9999 -9999 -9999 -9999 -9999 -9999 -9999 261 263 262 260 261 260 259 259 258 256 256 257 258 259 257 259 260 261 262 261 262 262 261 263 264 266 267 268 269 269 270 272 272 273 274 275 274 275 275 277 278 279 280 281 284 284 284 285 285
-9999 -9999 -9999 -9999 -9999 -9999 -9999 -9999 -9999 -9999 -9999 -9999 -9999 -9999 -9999 -9999 -9999 -9999 -9999 -9999 -9999 -9999 -9999 -9999 -9999 -9999 -9999 -9999 -9999 -9999 -9999 -9999 -9999 -9999 -9999 262 262 261 262 260 260 260 259 259 258 259 257 259 260 260 261 261 262 263 263 263 264 264 264 267 267 270 276 270 270 271 273 274 274 280 276 276 276 277 279 280 280 280 280 283 285 285 285 286
-9999 -9999 -9999 -9999 -9999 -9999 -9999 -9999 -9999 -9999 -9999 -9999 -9999 -9999 -9999 -9999 -9999 -9999 -9999 -9999 -9999 -9999 -9999 -9999 -9999 -9999 -9999 -9999 -9999 -9999 -9999 -9999 -9999 -9999 264 264 264 262 262 261 262 260 261 260 259 259 259 260 260 261 261 262 262 263 266 265 265 265 266 267 268 268 270 270 272 273 272 275 278 277 282 279 278 279 280 281 282 282 282 283 284 286 285 286
-9999 -9999 -9999 -9999 -9999 -9999 -9999 -9999 -9999 -9999 -9999 -9999 -9999 -9999 -9999 -9999 -9999 -9999 -9999 -9999 -9999 -9999 -9999 -9999 -9999 -9999 -9999 -9999 -9999 -9999 -9999 -9999 -9999 -9999 265 266 265 264 263 263 263 261 260 260 261 261 261 262 262 261 261 262 263 265 265 268 267 267 267 268 267 269 270 271 272 272 279 275 282 278 280 281 280 279 280 281 282 282 283 283 285 285 286 287
-9999 -9999 -9999 -9999 -9999 -9999 -9999 -9999 -9999 -9999 -9999 -9999 -9999 -9999 -9999 -9999 -9999 -9999 -9999 -9999 -9999 -9999 -9999 -9999 -9999 -9999 -9999 -9999 -9999 -9999 -9999 -9999 -9999 -9999 268 267 266 265 265 264 262 262 263 263 263 263 263 262 263 262 262 263 263 267 268 268 268 268 268 269 269 270 271 271 272 273 277 282 283 282 283 283 279 280 280 282 282 283 284 284 285 285 286 286
-9999 -9999 -9999 -9999 -9999 -9999 -9999 -9999 -9999 -9999 -9999 -9999 -9999 -9999 -9999 -9999 -9999 -9999 -9999 -9999 -9999 -9999 -9999 -9999 -9999 -9999 -9999 -9999 -9999 -9999 -9999 -9999 -9999 -9999 268 268 268 266 266 266 264 264 264 263 264 264 264 265 263 264 264 265 265 267 268 270 269 270 270 270 270 270 271 272 272 272 274 282 282 284 283 283 283 281 283 282 282 283 285 285 285 285 286 286
-9999 -9999 -9999 -9999 -9999 -9999 -9999 -9999 -9999 -9999 -9999 -9999 -9999 -9999 -9999 -9999 -9999 -9999 -9999 -9999 -9999 -9999 -9999 -9999 -9999 -9999 -9999 -9999 -9999 -9999 -9999 -9999 -9999 269 270 269 269 267 267 266 265 264 264 265 264 265 266 266 266 266 267 266 267 268 270 269 270 273 270 270 271 271 272 272 276 274 281 282 284 284 284 284 285 280 283 284 283 283 284 285 286 286 286 287
-9999 -9999 -9999 -9999 -9999 -9999 -9999 -9999 -9999 -9999 -9999 -9999 -9999 -9999 -9999 -9999 -9999 -9999 -9999 -9999 -9999 -9999 -9999 -9999 -9999 -9999 -9999 -9999 -9999 -9999 -9999 -9999 -9999 270 271 269 270 268 269 267 266 266 266 265 266 266 267 268 266 267 268 267 268 270 271 272 272 274 274 271 271 272 272 272 281 282 282 284 285 284 285 285 285 285 284 284 284 284 284 285 286 286 287 287
-9999 -9999 -9999 -9999 -9999 -9999 -9999 -9999 -9999 -9999 -9999 -9999 -9999 -9999 -9999 -9999 -9999 -9999 -9999 -9999 -9999 -9999 -9999 -9999 -9999 -9999 -9999 -9999 -9999 -9999 -9999 -9999 -9999 271 270 271 270 271 271 269 268 267 268 268 267 267 268 269 270 269 269 270 269 274 273 273 274 274 278 273 274 279 280 284 285 284 284 284 284 285 285 285 285 285 285 285 284 284 285 285 286 287 288 288
-9999 -9999 -9999 -9999 -9999 -9999 -9999 -9999 -9999 -9999 -9999 -9999 -9999 -9999 -9999 -9999 -9999 -9999 -9999 -9999 -9999 -9999 -9999 -9999 -9999 -9999 -9999 -9999 -9999 -9999 -9999 -9999 -9999 272 272 271 272 271 272 271 270 269 269 268 269 268 270 271 271 271 271 272 272 275 275 274 275 274 275 274 279 283 284 284 285 285 285 285 285 285 285 285 285 285 285 283 283 283 285 285 286 287 287 288
-9999 -9999 -9999 -9999 -9999 -9999 -9999 -9999 -9999 -9999 -9999 -9999 -9999 -9999 -9999 -9999 -9999 -9999 -9999 -9999 -9999 -9999 -9999 -9999 -9999 -9999 -9999 -9999 -9999 -9999 -9999 -9999 -9999 273 274 273 273 274 274 272 272 270 271 271 272 272 272 271 272 272 272 276 273 273 274 276 277 276 277 280 283 283 284 285 285 285 285 285 285 285 285 285 285 285 285 281 282 283 284 285 286 287 288 288
-9999 -9999 -9999 -9999 -9999 -9999 -9999 -9999 -9999 -9999 -9999 -9999 -9999 -9999 -9999 -9999 -9999 -9999 -9999 -9999 -9999 -9999 -9999 -9999 -9999 -9999 -9999 -9999 -9999 -9999 -9999 -9999 -9999 274 274 274 274 275 274 274 273 273 272 272 273 273 274 274 274 273 274 276 275 276 276 277 278 278 279 281 283 284 284 285 285 285 285 285 285 285 285 286 285 285 285 281 281 283 284 286 287 288 288 289
-9999 -9999 -9999 -9999 -9999 -9999 -9999 -9999 -9999 -9999 -9999 -9999 -9999 -9999 -9999 -9999 -9999 -9999 -9999 -9999 -9999 -9999 -9999 -9999 -9999 -9999 -9999 -9999 -9999 -9999 -9999 -9999 274 275 275 276 276 274 276 276 274 274 275 273 275 275 276 276 276 275 275 277 277 277 277 278 279 278 280 282 283 284 284 284 285 285 285 285 285 285 286 286 286 285 284 279 279 282 284 286 286 287 288 288
-9999 -9999 -9999 -9999 -9999 -9999 -9999 -9999 -9999 -9999 -9999 -9999 -9999 -9999 -9999 -9999 -9999 -9999 -9999 -9999 -9999 -9999 -9999 -9999 -9999 -9999 -9999 -9999 -9999 -9999 -9999 -9999 276 275 275 275 276 276 276 275 276 276 276 277 277 277 277 277 275 277 277 278 279 278 279 280 280 280 281 283 284 284 285 285 285 285 286 286 286 285 285 286 286 286 283 278 279 281 283 286 286 287 288 288
-9999 -9999 -9999 -9999 -9999 -9999 -9999 -9999 -9999 -9999 -9999 -9999 -9999 -9999 -9999 -9999 -9999 -9999 -9999 -9999 -9999 -9999 -9999 -9999 -9999 -9999 -9999 -9999 -9999 -9999 -9999 -9999 277 276 276 276 277 277 277 277 277 277 278 278 278 278 278 278 279 279 279 279 280 280 280 281 279 280 282 283 284 284 285 285 285 285 286 286 286 285 285 286 286 286 285 277 280 281 284 285 286 287 289 289
-9999 -9999 -9999 -9999 -9999 -9999 -9999 -9999 -9999 -9999 -9999 -9999 -9999 -9999 -9999 -9999 -9999 -9999 -9999 -9999 -9999 -9999 -9999 -9999 -9999 -9999 -9999 -9999 -9999 -9999 -9999 276 276 277 277 277 277 278 277 277 277 277 278 278 279 279 279 279 280 280 280 281 280 282 282 281 281 282 283 283 284 285 285 286 286 286 286 286 286 286 286 286 286 286 282 279 282 283 284 286 286 287 288 289
-9999 -9999 -9999 -9999 -9999 -9999 -9999 -9999 -9999 -9999 -9999 -9999 -9999 -9999 -9999 -9999 -9999 -9999 -9999 -9999 -9999 -9999 -9999 -9999 -9999 -9999 -9999 -9999 -9999 -9999 -9999 276 276 276 276 277 277 278 278 277 278 278 278 278 279 280 280 281 281 282 282 282 282 282 283 282 282 282 283 283 284 284 285 285 286 286 286 286 286 286 286 286 286 286 278 279 282 283 285 286 287 288 288 288
-9999 -9999 -9999 -9999 -9999 -9999 -9999 -9999 -9999 -9999 -9999 -9999 -9999 -9999 -9999 -9999 -9999 -9999 -9999 -9999 -9999 -9999 -9999 -9999 -9999 -9999 -9999 -9999 -9999 -9999 277 277 276 276 277 277 278 278 278 279 278 278 279 280 280 281 281 282 282 282 283 283 284 283 283 283 283 283 283 283 284 284 285 285 286 286 286 286 286 286 286 286 286 277 277 281 282 283 285 286 287 288 288 288
-9999 -9999 -9999 -9999 -9999 -9999 -9999 -9999 -9999 -9999 -9999 -9999 -9999 -9999 -9999 -9999 -9999 -9999 -9999 -9999 -9999 -9999 -9999 -9999 -9999 -9999 -9999 -9999 -9999 -9999 278 278 278 278 277 278 278 279 279 279 279 279 279 280 280 281 282 283 283 283 283 284 284 284 283 283 283 283 284 284 284 284 285 285 286 286 286 286 286 286 286 286 286 286 284 284 282 283 284 286 287 288 288 288
