invasiveSpecies/multiSpecies/data/worldclim_KE/worldclim_KE_2050_BC26_Bio18.asc
ncols         347
nrows         295
xllcorner     36.068012264173
yllcorner     0.13039239511974
cellsize      0.0083333333333333
NODATA_value  -9999
[rows 37 to 73 of 295, columns 252 to 335 of 347]
207 202 200 199 195 194 193 191 189 189 187 186 186 186 186 183 182 182 182 180 180 180 180 180 180 180 180 181 180 180 180 180 180 180 178 178 175 174 174 174 174 175 174 175 174 174 174 172 172 171 172 172 172 172 172 170 170 170 170 170 171 59 59 58 56 167 167 167 167 167 56 56 56 56 56 166 56 56 165 165 166 166 165 165
203 202 202 198 195 194 194 190 189 188 185 185 184 182 183 182 182 182 182 180 179 179 180 179 179 179 180 180 180 178 180 179 180 178 178 176 175 174 174 174 174 175 174 174 174 172 172 172 172 171 171 171 172 171 171 171 170 170 170 169 168 59 170 168 168 167 167 167 167 56 56 56 56 166 166 166 166 165 165 165 166 165 165 165
203 202 199 199 197 194 191 189 187 185 185 184 182 182 182 182 181 179 180 179 179 177 179 177 179 179 178 180 179 178 177 178 178 178 176 175 175 174 174 173 173 174 174 174 172 172 171 171 171 170 170 170 170 170 171 170 170 170 170 57 57 59 170 56 56 167 166 166 166 166 56 166 166 166 166 166 165 165 165 165 165 165 165 165
202 202 200 200 195 192 190 189 186 184 184 182 182 182 182 181 179 179 178 177 178 177 177 177 177 177 177 179 177 176 175 175 176 177 175 175 174 174 172 173 173 172 174 172 171 171 171 171 171 170 170 170 170 170 170 170 170 170 168 57 167 170 56 56 56 166 166 166 166 166 166 166 166 166 166 56 165 165 165 165 165 165 165 165
201 201 199 197 193 190 189 188 186 183 183 183 183 182 181 181 179 178 177 176 176 177 175 175 175 175 176 177 177 176 175 175 175 175 175 174 173 172 172 172 172 172 172 172 172 172 172 172 171 171 171 171 171 170 170 170 170 169 57 167 167 167 56 167 167 166 166 166 166 166 167 167 167 166 166 166 166 166 165 165 165 165 165 164
199 198 196 194 192 190 188 187 185 183 182 183 183 182 181 179 178 177 175 175 176 175 175 174 174 175 175 175 175 175 175 174 174 174 174 173 173 171 171 171 172 172 172 172 172 172 172 171 171 171 171 171 170 170 170 170 170 169 168 167 167 166 167 167 167 166 166 166 166 166 56 166 166 166 166 166 166 166 165 165 165 165 164 164
197 194 193 192 190 189 187 184 183 182 181 182 182 182 181 179 179 177 176 174 175 175 174 174 173 174 174 174 175 174 174 174 174 174 173 173 171 171 170 170 171 172 172 172 172 172 171 171 171 171 170 170 170 170 170 170 170 169 167 167 167 166 166 166 166 166 166 166 166 165 166 166 166 166 166 166 166 165 165 165 165 165 55 55
195 193 189 189 189 188 184 182 181 181 181 181 182 181 181 179 179 178 178 174 174 174 174 173 173 173 173 174 174 174 174 174 174 173 173 171 171 170 170 170 171 172 172 172 172 171 171 171 171 170 170 170 170 170 170 169 169 169 167 167 167 166 166 166 166 165 165 165 165 165 166 166 166 166 166 166 165 165 165 165 165 164 164 55
189 189 189 189 189 187 184 184 181 179 178 178 181 181 181 179 178 178 177 177 173 173 173 173 172 173 173 173 174 174 174 173 173 171 171 171 170 171 170 170 171 171 172 171 171 171 171 171 170 170 170 170 170 169 169 169 168 168 167 167 167 167 166 166 165 165 165 165 165 165 166 166 166 165 166 165 165 165 165 165 164 164 164 55
188 187 187 187 187 186 182 182 181 180 178 178 179 181 180 179 178 177 176 176 174 173 173 172 172 172 173 173 173 173 173 171 171 170 170 170 170 170 170 170 171 171 171 171 171 171 171 171 170 171 170 170 169 168 168 168 168 168 167 167 167 166 166 166 165 165 165 165 165 165 166 166 165 165 165 165 165 165 165 164 164 164 164 54
188 186 186 186 185 182 182 181 180 178 177 177 178 179 179 179 178 177 174 174 173 172 173 172 172 172 172 173 172 171 170 170 170 170 170 170 170 170 170 170 170 171 170 170 170 170 170 171 170 170 170 170 168 168 168 167 167 167 167 167 167 166 166 165 165 165 165 165 165 165 166 165 165 165 165 165 165 165 164 164 164 164 163 54
187 186 185 183 181 181 178 177 178 177 176 176 177 177 178 177 177 174 173 172 172 172 172 170 170 171 171 171 170 170 170 170 170 170 170 170 170 168 168 169 170 170 170 170 170 170 170 170 170 170 170 168 168 167 167 166 166 166 166 166 166 166 165 165 165 165 165 165 165 164 165 165 165 165 165 165 165 164 164 164 164 163 162 162
186 185 184 181 179 178 177 176 177 176 176 176 176 177 177 177 175 173 173 172 172 170 170 171 170 170 170 170 169 169 170 169 169 169 169 170 170 168 168 168 168 168 168 170 168 168 168 170 170 168 168 168 168 166 166 166 166 166 166 166 166 166 165 165 165 165 164 164 164 164 165 165 165 165 165 165 164 164 164 163 163 162 162 162
185 184 181 179 177 176 176 176 175 176 174 176 175 173 174 175 173 172 172 171 172 171 170 171 170 169 169 169 169 169 169 169 168 168 169 169 170 170 168 168 167 168 168 168 167 167 166 166 167 168 168 168 166 166 166 166 166 166 166 166 166 165 165 165 165 164 164 164 164 164 165 165 165 165 165 164 164 163 163 163 163 162 162 162
185 181 180 179 176 175 176 176 175 173 173 173 173 173 173 173 173 172 171 171 171 171 171 171 171 170 169 169 167 167 168 167 167 167 168 168 168 168 168 168 167 167 167 166 166 166 166 166 166 168 167 167 166 166 166 166 165 165 165 165 166 166 166 166 165 165 165 165 165 165 165 165 165 164 164 164 163 163 163 163 163 163 163 163
181 181 179 179 176 175 174 175 174 174 173 173 173 173 172 172 172 170 170 170 170 170 170 170 170 170 169 169 167 167 167 167 167 167 167 167 167 168 168 168 168 167 166 166 166 166 166 166 166 166 166 166 166 166 166 166 165 165 165 165 166 166 166 166 165 165 165 165 165 165 165 164 164 163 163 163 163 163 162 162 163 163 163 163
181 180 179 176 175 175 172 172 172 173 172 172 172 171 172 172 170 170 170 170 170 169 170 170 170 169 169 169 167 167 167 167 167 166 166 167 167 167 167 168 167 166 165 165 165 165 165 165 165 165 165 167 166 166 166 166 165 165 165 165 166 166 166 166 165 165 165 165 165 165 165 163 163 163 163 163 163 163 162 162 163 163 163 162
180 180 177 177 175 174 173 172 172 172 172 171 170 170 170 170 170 169 169 169 169 169 169 169 168 169 169 167 167 167 167 166 166 166 166 165 165 167 167 167 167 165 165 165 165 165 165 165 165 165 165 166 166 166 166 165 165 165 165 165 166 166 166 165 165 165 165 165 164 163 163 163 163 163 163 163 163 162 162 162 163 163 162 162
178 175 176 175 174 173 171 171 171 171 171 170 170 170 169 169 169 169 168 169 169 169 168 167 167 167 168 167 166 166 166 166 166 166 166 166 165 166 166 165 167 166 165 165 165 165 164 165 165 165 164 164 166 165 165 165 165 165 165 165 166 166 166 165 165 165 165 163 163 163 163 163 163 163 163 162 162 162 162 162 163 162 162 162
175 174 173 173 171 171 171 171 171 171 171 170 169 169 169 169 169 168 168 168 168 168 168 166 166 166 166 167 167 166 166 166 166 166 166 166 165 165 164 164 166 166 165 164 164 164 164 164 164 164 164 164 165 165 165 165 165 165 165 165 166 166 165 165 165 164 163 163 163 163 163 163 163 163 163 162 162 162 162 162 162 162 162 162
173 173 172 171 171 170 170 171 169 169 171 169 169 169 169 169 168 168 168 168 168 168 167 166 166 166 166 167 167 166 166 166 166 166 166 166 165 165 164 164 164 164 165 164 164 164 163 163 164 163 163 163 163 165 165 165 165 165 165 165 166 165 165 165 165 163 163 163 163 163 163 163 163 162 162 162 162 162 162 161 162 162 162 162
173 172 171 171 170 170 169 169 169 169 169 169 169 169 169 168 168 168 168 167 166 166 166 166 166 166 166 166 166 166 166 166 166 166 166 165 164 164 164 164 164 164 164 164 164 164 163 163 162 162 163 163 163 165 165 165 165 165 165 165 165 165 165 165 165 163 163 163 163 163 163 162 162 162 162 162 162 162 161 161 162 162 162 162
172 172 171 170 170 170 169 169 169 169 169 168 169 168 168 168 168 168 168 168 166 166 166 166 166 166 166 165 165 165 165 165 165 165 165 165 164 164 164 164 164 164 164 164 163 163 162 162 162 162 163 163 163 164 164 164 165 164 164 164 165 165 165 165 165 163 163 163 163 163 162 162 162 162 162 162 162 162 161 161 162 162 162 161
172 172 171 170 170 169 169 168 168 168 168 168 168 168 168 168 168 168 167 166 166 166 166 166 166 166 165 165 165 165 165 165 165 165 165 164 164 164 164 164 164 163 163 162 162 162 162 162 162 162 163 163 163 164 164 164 164 164 164 164 165 165 165 165 163 163 163 162 162 162 162 162 162 162 162 162 161 161 161 161 162 162 161 161
172 171 170 170 169 168 168 168 168 168 168 168 168 168 168 168 167 167 167 166 166 166 166 166 166 165 165 165 165 165 165 165 165 165 165 164 164 164 163 162 163 163 163 163 163 163 163 163 163 163 163 163 162 165 165 165 165 165 165 165 165 165 165 165 163 163 163 162 162 162 163 163 163 163 163 162 162 162 162 162 162 162 161 161
171 170 169 169 168 168 168 168 168 168 168 168 168 168 168 167 167 166 166 166 166 166 165 165 165 165 165 165 165 165 165 165 165 165 165 164 164 163 162 162 163 163 163 163 163 163 163 163 163 163 163 163 163 162 163 165 165 165 165 165 165 165 165 165 163 163 163 162 162 162 163 163 163 163 162 162 162 162 162 162 162 161 161 161
168 168 168 168 168 168 168 168 168 167 167 167 167 167 167 167 167 166 166 166 166 165 165 165 165 165 165 165 165 165 165 165 165 164 163 163 163 163 162 162 163 163 163 163 163 163 163 163 163 163 163 162 162 162 163 165 165 165 165 165 165 165 164 163 163 163 162 162 162 162 163 163 163 162 162 162 162 162 162 162 161 161 161 161
167 167 167 167 167 167 167 167 167 167 167 167 167 167 167 167 167 165 165 165 165 165 165 165 165 165 165 165 165 164 164 164 164 164 164 163 163 162 162 162 163 163 163 163 163 163 163 163 163 163 162 162 162 162 163 163 163 163 163 163 163 163 163 163 163 163 162 162 162 162 163 162 162 162 162 162 162 162 162 161 161 161 161 161
167 167 167 167 167 167 167 167 167 167 167 167 167 167 166 167 165 165 165 165 165 165 165 165 165 165 164 164 164 164 164 164 164 164 164 163 162 162 162 162 163 163 163 163 163 163 163 163 163 162 162 162 162 162 162 163 163 163 163 163 163 163 163 163 163 162 162 162 162 162 163 162 162 162 162 162 162 161 161 161 161 161 161 161
166 166 167 167 166 167 167 167 167 166 167 167 166 166 166 165 165 165 165 165 165 165 165 165 165 165 164 164 164 164 164 164 164 164 162 162 162 162 162 162 162 163 163 163 163 163 163 163 162 162 162 162 162 161 161 162 161 163 163 163 163 163 163 163 162 162 162 162 161 161 162 162 162 162 162 162 161 161 161 161 161 161 161 160
166 166 166 166 166 166 166 166 166 166 166 166 166 165 165 165 165 165 165 165 165 165 165 165 164 164 164 164 164 164 164 164 164 163 163 162 162 162 162 162 162 162 162 162 162 162 162 162 162 162 162 162 162 162 162 161 161 161 162 163 163 163 163 162 162 162 162 161 161 161 162 162 162 162 162 161 161 161 161 161 161 161 -9999 -9999
166 166 166 166 166 166 166 166 166 166 166 166 166 165 165 165 165 165 165 165 164 164 164 164 164 164 164 164 164 164 164 164 164 163 162 162 162 162 162 162 162 162 162 162 162 162 162 162 162 162 162 162 162 162 162 161 161 161 161 161 161 162 161 162 161 161 161 161 161 161 162 162 162 162 161 161 161 161 161 161 161 -9999 -9999 -9999
166 166 166 166 166 166 166 166 166 166 166 165 165 165 165 165 165 165 164 164 164 164 164 164 164 164 164 164 164 164 164 164 163 163 163 162 162 162 162 162 162 162 162 162 162 162 162 162 162 162 162 162 162 162 162 161 161 161 161 161 161 161 161 161 161 161 161 161 161 161 162 162 162 161 161 161 161 161 161 -9999 -9999 -9999 -9999 -9999
165 165 165 165 166 166 166 166 166 166 166 165 165 164 164 164 164 164 164 164 164 164 164 164 164 164 164 164 164 164 164 163 163 163 163 162 162 162 162 162 162 162 162 162 162 162 162 162 162 162 162 162 161 161 161 161 161 161 161 161 161 161 161 161 161 161 161 161 161 161 162 161 161 161 161 161 161 -9999 -9999 -9999 -9999 -9999 -9999 -9999
165 165 165 165 165 166 166 166 166 166 166 165 165 165 165 165 165 165 165 165 165 165 165 165 165 165 165 165 165 164 163 163 163 163 163 163 162 162 162 162 162 162 162 162 162 162 161 161 162 162 161 161 161 161 161 161 161 161 161 161 162 162 162 162 162 162 162 162 162 162 161 161 161 161 161 -9999 -9999 -9999 -9999 -9999 -9999 -9999 -9999 -9999
165 165 165 165 166 166 165 165 166 166 167 166 165 165 165 165 165 165 165 165 165 165 165 165 165 164 164 165 164 164 163 163 163 163 163 163 163 162 162 162 162 162 161 161 161 161 161 161 161 161 161 161 161 161 161 161 161 161 161 161 162 162 162 162 162 162 162 162 161 161 161 161 161 161 -9999 -9999 -9999 -9999 -9999 -9999 -9999 -9999 -9999 -9999
165 165 165 165 165 165 165 166 166 166 167 167 166 165 165 165 165 165 165 165 165 165 165 164 164 164 164 164 164 164 164 163 163 163 163 163 162 162 162 162 161 161 161 161 161 161 161 161 161 161 161 161 161 161 161 161 161 161 161 161 162 162 162 162 162 161 161 161 161 161 161 161 -9999 -9999 -9999 -9999 -9999 -9999 -9999 -9999 -9999 -9999 -9999 -9999
