invasiveSpecies/multiSpecies/data/worldclim_KE/worldclim_KE_2050_BC85_Bio6.asc
ncols         347
nrows         295
xllcorner     36.068012264173
yllcorner     0.13039239511974
cellsize      0.0083333333333333
NODATA_value  -9999
[rows 185 to 221 of 295, columns 84 to 167 of 347]
-9999 -9999 -9999 -9999 -9999 -9999 -9999 -9999 -9999 -9999 -9999 -9999 -9999 -9999 -9999 -9999 -9999 -9999 -9999 -9999 -9999 -9999 -9999 -9999 -9999 -9999 -9999 -9999 -9999 -9999 -9999 -9999 143 136 139 141 139 137 134 135 136 137 136 136 132 134 135 136 136 134 134 133 134 134 133 132 133 134 133 134 133 132 134 133 133 132 120 114 129 136 151 158 160 161 161 162 162 163 163 163 163 164 164 165
-9999 -9999 -9999 -9999 -9999 -9999 -9999 -9999 -9999 -9999 -9999 -9999 -9999 -9999 -9999 -9999 -9999 -9999 -9999 -9999 -9999 -9999 -9999 -9999 -9999 -9999 -9999 -9999 -9999 -9999 -9999 -9999 141 136 138 138 136 135 134 134 135 135 137 135 133 132 133 134 135 134 134 134 134 134 133 133 133 134 134 134 134 134 135 134 134 133 127 116 128 144 156 158 160 160 161 162 162 162 162 163 163 163 163 163
-9999 -9999 -9999 -9999 -9999 -9999 -9999 -9999 -9999 -9999 -9999 -9999 -9999 -9999 -9999 -9999 -9999 -9999 -9999 -9999 -9999 -9999 -9999 -9999 -9999 -9999 -9999 -9999 -9999 -9999 -9999 140 143 136 135 138 134 134 132 133 133 134 136 134 134 132 133 134 134 132 134 135 135 134 133 134 134 135 134 135 135 135 135 134 135 134 133 130 137 150 155 157 159 159 161 161 161 162 161 162 162 163 163 163
-9999 -9999 -9999 -9999 -9999 -9999 -9999 -9999 -9999 -9999 -9999 -9999 -9999 -9999 -9999 -9999 -9999 -9999 -9999 -9999 -9999 -9999 -9999 -9999 -9999 -9999 -9999 -9999 -9999 -9999 -9999 142 139 133 134 135 134 134 132 131 132 133 133 135 134 133 132 132 133 134 135 136 134 134 134 135 135 136 136 136 136 135 135 136 135 134 134 133 131 139 144 155 158 158 160 160 161 161 161 162 162 162 162 162
-9999 -9999 -9999 -9999 -9999 -9999 -9999 -9999 -9999 -9999 -9999 -9999 -9999 -9999 -9999 -9999 -9999 -9999 -9999 -9999 -9999 -9999 -9999 -9999 -9999 -9999 -9999 -9999 -9999 -9999 -9999 141 137 135 129 129 133 133 131 132 132 132 133 135 135 132 133 133 135 135 135 136 136 134 135 135 136 137 137 137 136 137 136 137 135 136 135 135 134 135 127 137 154 152 157 159 159 160 160 161 161 161 161 161
-9999 -9999 -9999 -9999 -9999 -9999 -9999 -9999 -9999 -9999 -9999 -9999 -9999 -9999 -9999 -9999 -9999 -9999 -9999 -9999 -9999 -9999 -9999 -9999 -9999 -9999 -9999 -9999 -9999 -9999 -9999 139 137 133 122 122 122 130 131 131 131 132 132 134 133 132 132 135 134 136 134 136 136 135 135 136 137 138 136 136 137 136 136 136 136 135 135 134 131 132 122 120 129 142 154 155 157 158 159 160 160 160 161 160
-9999 -9999 -9999 -9999 -9999 -9999 -9999 -9999 -9999 -9999 -9999 -9999 -9999 -9999 -9999 -9999 -9999 -9999 -9999 -9999 -9999 -9999 -9999 -9999 -9999 -9999 -9999 -9999 -9999 -9999 140 136 129 121 121 124 125 128 129 130 130 131 133 133 133 132 133 133 135 136 137 137 136 136 135 136 137 138 137 135 135 135 136 135 136 135 134 134 133 122 118 105 131 132 142 149 154 156 153 157 159 160 160 159
-9999 -9999 -9999 -9999 -9999 -9999 -9999 -9999 -9999 -9999 -9999 -9999 -9999 -9999 -9999 -9999 -9999 -9999 -9999 -9999 -9999 -9999 -9999 -9999 -9999 -9999 -9999 -9999 -9999 -9999 139 134 121 121 121 125 126 127 128 130 131 132 132 132 132 132 133 134 135 136 137 137 137 136 135 137 138 138 137 135 134 135 134 134 135 135 134 133 133 126 116 107 120 129 133 142 148 147 152 154 156 159 159 156
-9999 -9999 -9999 -9999 -9999 -9999 -9999 -9999 -9999 -9999 -9999 -9999 -9999 -9999 -9999 -9999 -9999 -9999 -9999 -9999 -9999 -9999 -9999 -9999 -9999 -9999 -9999 -9999 -9999 -9999 137 125 121 121 121 121 125 129 129 130 131 131 132 131 132 133 133 134 135 136 137 138 138 136 136 137 138 138 138 136 135 133 133 135 134 133 134 133 132 126 113 99 104 115 133 133 140 135 140 146 149 158 158 157
-9999 -9999 -9999 -9999 -9999 -9999 -9999 -9999 -9999 -9999 -9999 -9999 -9999 -9999 -9999 -9999 -9999 -9999 -9999 -9999 -9999 -9999 -9999 -9999 -9999 -9999 -9999 -9999 -9999 136 131 121 121 121 121 121 122 122 129 130 130 130 131 131 132 133 134 134 135 136 137 138 139 137 137 138 139 138 137 136 135 135 133 133 133 133 134 132 131 124 112 98 93 94 117 127 127 125 120 129 137 155 157 154
-9999 -9999 -9999 -9999 -9999 -9999 -9999 -9999 -9999 -9999 -9999 -9999 -9999 -9999 -9999 -9999 -9999 -9999 -9999 -9999 -9999 -9999 -9999 -9999 -9999 -9999 -9999 -9999 -9999 138 128 121 125 129 123 121 122 122 127 129 130 129 130 130 132 133 135 135 136 136 137 138 139 138 138 139 139 138 136 135 135 133 131 132 132 135 134 133 126 122 113 103 89 92 104 113 113 100 112 131 143 156 157 153
-9999 -9999 -9999 -9999 -9999 -9999 -9999 -9999 -9999 -9999 -9999 -9999 -9999 -9999 -9999 -9999 -9999 -9999 -9999 -9999 -9999 -9999 -9999 -9999 -9999 -9999 -9999 -9999 -9999 134 132 122 128 130 127 123 123 125 127 128 129 129 130 129 132 133 135 135 136 137 137 138 139 140 140 140 138 138 137 136 134 133 132 134 135 135 134 133 124 121 113 107 96 93 94 104 95 89 102 118 134 151 156 156
-9999 -9999 -9999 -9999 -9999 -9999 -9999 -9999 -9999 -9999 -9999 -9999 -9999 -9999 -9999 -9999 -9999 -9999 -9999 -9999 -9999 -9999 -9999 -9999 -9999 -9999 -9999 -9999 136 129 123 121 129 131 130 125 123 124 123 122 123 128 130 131 132 132 134 134 135 137 138 138 139 141 140 139 137 136 136 135 135 134 133 134 134 135 134 133 130 121 120 111 104 92 82 75 86 94 102 122 137 150 156 157
-9999 -9999 -9999 -9999 -9999 -9999 -9999 -9999 -9999 -9999 -9999 -9999 -9999 -9999 -9999 -9999 -9999 -9999 -9999 -9999 -9999 -9999 -9999 -9999 -9999 -9999 -9999 -9999 137 122 122 122 129 130 131 131 131 132 132 130 133 123 128 129 130 131 134 135 135 137 139 139 139 141 139 138 137 137 136 137 136 136 135 134 135 137 136 133 130 124 118 110 105 100 95 100 99 110 104 125 137 153 156 157
-9999 -9999 -9999 -9999 -9999 -9999 -9999 -9999 -9999 -9999 -9999 -9999 -9999 -9999 -9999 -9999 -9999 -9999 -9999 -9999 -9999 -9999 -9999 -9999 -9999 -9999 -9999 -9999 136 121 124 126 128 129 132 133 134 134 135 134 135 132 126 128 128 132 133 135 137 138 139 139 140 141 140 138 138 137 137 138 137 137 136 135 135 137 136 134 130 125 117 116 109 103 106 110 116 121 118 128 129 154 157 156
-9999 -9999 -9999 -9999 -9999 -9999 -9999 -9999 -9999 -9999 -9999 -9999 -9999 -9999 -9999 -9999 -9999 -9999 -9999 -9999 -9999 -9999 -9999 -9999 -9999 -9999 -9999 -9999 135 121 125 128 129 129 132 133 134 135 136 136 136 135 135 135 131 130 132 135 136 137 139 140 140 142 140 140 139 138 139 139 139 139 138 136 136 138 137 136 134 132 123 123 119 116 116 117 122 129 130 143 155 155 157 157
-9999 -9999 -9999 -9999 -9999 -9999 -9999 -9999 -9999 -9999 -9999 -9999 -9999 -9999 -9999 -9999 -9999 -9999 -9999 -9999 -9999 -9999 -9999 -9999 -9999 -9999 -9999 -9999 135 126 128 129 130 129 132 133 134 135 135 136 137 136 136 136 136 135 132 133 133 134 138 140 141 141 142 140 139 139 140 142 140 140 137 138 137 138 139 137 136 134 132 127 128 124 126 127 131 138 144 149 153 155 156 157
-9999 -9999 -9999 -9999 -9999 -9999 -9999 -9999 -9999 -9999 -9999 -9999 -9999 -9999 -9999 -9999 -9999 -9999 -9999 -9999 -9999 -9999 -9999 -9999 -9999 -9999 -9999 133 132 121 127 129 131 130 132 133 134 134 135 136 137 137 138 137 137 137 136 135 127 136 136 139 141 142 143 141 140 141 141 143 142 140 139 138 139 139 140 138 137 136 135 134 132 133 134 134 139 144 138 151 139 140 153 155
-9999 -9999 -9999 -9999 -9999 -9999 -9999 -9999 -9999 -9999 -9999 -9999 -9999 -9999 -9999 -9999 -9999 -9999 -9999 -9999 -9999 -9999 -9999 -9999 -9999 -9999 -9999 134 131 121 128 129 130 132 131 133 133 134 136 137 137 138 138 138 139 138 138 135 131 133 133 134 140 142 143 140 141 142 143 143 142 142 140 139 140 140 140 139 138 138 137 136 135 135 136 136 123 117 125 139 144 135 153 153
-9999 -9999 -9999 -9999 -9999 -9999 -9999 -9999 -9999 -9999 -9999 -9999 -9999 -9999 -9999 -9999 -9999 -9999 -9999 -9999 -9999 -9999 -9999 -9999 -9999 -9999 -9999 132 131 124 128 129 130 132 133 133 134 134 136 136 136 137 138 139 139 140 138 138 127 135 137 138 140 142 144 142 142 143 144 144 144 142 141 140 141 141 141 141 140 139 138 137 137 137 138 137 128 118 125 145 147 141 150 153
-9999 -9999 -9999 -9999 -9999 -9999 -9999 -9999 -9999 -9999 -9999 -9999 -9999 -9999 -9999 -9999 -9999 -9999 -9999 -9999 -9999 -9999 -9999 -9999 -9999 -9999 -9999 131 128 128 128 130 130 131 132 132 133 134 135 136 137 138 139 138 139 141 140 139 132 136 139 141 142 143 145 142 143 145 146 145 145 144 142 141 141 141 142 141 140 140 139 139 139 139 138 136 122 119 122 135 147 148 151 153
-9999 -9999 -9999 -9999 -9999 -9999 -9999 -9999 -9999 -9999 -9999 -9999 -9999 -9999 -9999 -9999 -9999 -9999 -9999 -9999 -9999 -9999 -9999 -9999 -9999 -9999 -9999 -9999 128 129 131 130 131 133 134 133 133 133 135 136 137 139 139 139 140 141 140 139 133 131 138 140 141 142 145 144 145 145 145 147 146 145 143 144 143 143 142 141 141 142 142 140 140 141 140 140 130 122 129 129 146 150 151 152
-9999 -9999 -9999 -9999 -9999 -9999 -9999 -9999 -9999 -9999 -9999 -9999 -9999 -9999 -9999 -9999 -9999 -9999 -9999 -9999 -9999 -9999 -9999 -9999 -9999 -9999 -9999 -9999 129 130 131 131 131 133 135 134 134 134 132 137 138 139 140 141 142 141 140 137 130 133 138 138 140 142 144 146 146 147 146 148 147 146 144 145 144 144 143 143 143 143 143 142 141 142 141 141 138 131 137 146 148 150 150 153
-9999 -9999 -9999 -9999 -9999 -9999 -9999 -9999 -9999 -9999 -9999 -9999 -9999 -9999 -9999 -9999 -9999 -9999 -9999 -9999 -9999 -9999 -9999 -9999 -9999 -9999 -9999 129 129 130 132 133 133 134 135 135 135 134 135 136 138 139 140 141 141 143 142 140 141 138 133 139 141 142 143 144 144 146 148 149 148 147 147 145 143 144 144 144 144 144 144 143 144 143 143 143 144 145 145 146 139 146 147 151
-9999 -9999 -9999 -9999 -9999 -9999 -9999 -9999 -9999 -9999 -9999 -9999 -9999 -9999 -9999 -9999 -9999 -9999 -9999 -9999 -9999 -9999 -9999 -9999 -9999 -9999 -9999 -9999 128 129 131 133 132 133 134 136 136 135 136 137 138 138 139 140 141 144 143 141 142 142 139 138 142 142 142 144 144 146 149 149 149 147 147 145 144 144 145 145 145 145 145 145 144 144 144 144 144 145 144 131 130 145 144 150
-9999 -9999 -9999 -9999 -9999 -9999 -9999 -9999 -9999 -9999 -9999 -9999 -9999 -9999 -9999 -9999 -9999 -9999 -9999 -9999 -9999 -9999 -9999 -9999 -9999 -9999 -9999 -9999 128 130 132 134 134 135 136 136 137 135 136 137 138 139 140 141 143 144 144 144 144 142 139 142 141 143 144 145 145 148 148 149 150 149 147 145 145 145 146 146 146 146 146 146 145 145 145 145 145 143 141 130 132 148 150 149
-9999 -9999 -9999 -9999 -9999 -9999 -9999 -9999 -9999 -9999 -9999 -9999 -9999 -9999 -9999 -9999 -9999 -9999 -9999 -9999 -9999 -9999 -9999 -9999 -9999 -9999 -9999 -9999 127 131 134 134 133 135 137 137 138 136 137 137 139 139 140 141 141 142 143 145 145 145 145 144 142 143 145 146 147 149 148 151 149 149 147 146 146 145 146 147 147 147 147 147 146 145 144 143 144 141 139 132 127 146 151 153
-9999 -9999 -9999 -9999 -9999 -9999 -9999 -9999 -9999 -9999 -9999 -9999 -9999 -9999 -9999 -9999 -9999 -9999 -9999 -9999 -9999 -9999 -9999 -9999 -9999 119 124 125 124 131 134 135 136 136 138 139 139 138 138 138 138 139 139 140 141 141 142 144 146 147 145 145 141 144 146 147 148 150 149 151 151 148 147 148 147 146 146 147 148 148 148 147 146 146 142 142 140 133 137 134 123 150 152 154
-9999 -9999 -9999 -9999 -9999 -9999 -9999 -9999 -9999 -9999 -9999 -9999 -9999 -9999 -9999 -9999 -9999 -9999 -9999 -9999 -9999 -9999 -9999 -9999 -9999 119 123 125 125 131 134 134 136 138 138 139 140 140 139 140 139 140 139 139 140 141 141 144 145 146 147 146 145 147 147 148 150 151 151 152 151 150 147 149 149 147 146 148 148 149 148 148 148 146 144 141 139 136 125 124 118 150 152 155
-9999 -9999 -9999 -9999 -9999 -9999 -9999 -9999 -9999 -9999 -9999 -9999 -9999 -9999 -9999 -9999 -9999 -9999 -9999 -9999 -9999 -9999 -9999 -9999 -9999 116 123 125 129 132 133 136 135 136 138 140 141 141 140 141 140 141 141 140 142 142 143 145 145 147 148 146 147 148 148 149 150 152 151 153 152 149 149 149 149 148 146 147 148 149 149 149 148 147 145 140 138 123 116 121 121 139 151 155
-9999 -9999 -9999 -9999 -9999 -9999 -9999 -9999 -9999 -9999 -9999 -9999 -9999 -9999 -9999 -9999 -9999 -9999 -9999 -9999 -9999 -9999 -9999 -9999 -9999 -9999 125 128 129 131 134 137 135 136 137 138 140 140 142 143 142 142 143 142 142 142 143 144 146 147 148 148 148 147 149 150 151 152 154 152 151 151 149 150 150 149 148 147 148 149 150 150 149 148 146 145 140 134 121 126 121 134 151 153
-9999 -9999 -9999 -9999 -9999 -9999 -9999 -9999 -9999 -9999 -9999 -9999 -9999 -9999 -9999 -9999 -9999 -9999 -9999 -9999 -9999 -9999 -9999 -9999 -9999 114 121 128 129 133 135 137 139 136 136 139 141 141 143 143 144 145 144 143 142 142 144 145 146 148 148 150 150 150 149 150 152 153 154 153 151 150 150 150 151 150 149 147 148 149 150 150 150 149 148 146 139 137 126 135 125 136 149 153
-9999 -9999 -9999 -9999 -9999 -9999 -9999 -9999 -9999 -9999 -9999 -9999 -9999 -9999 -9999 -9999 -9999 -9999 -9999 -9999 -9999 -9999 -9999 -9999 117 116 123 126 132 135 136 138 140 140 140 141 143 144 -9999 -9999 -9999 -9999 147 145 143 143 143 145 145 147 147 149 150 151 151 152 153 154 155 154 152 152 151 151 152 151 150 149 149 150 151 151 151 150 149 147 138 137 134 140 133 135 152 154
-9999 -9999 -9999 -9999 -9999 -9999 -9999 -9999 -9999 -9999 -9999 -9999 -9999 -9999 -9999 -9999 -9999 -9999 -9999 -9999 -9999 -9999 -9999 -9999 118 119 123 125 130 137 138 140 141 142 143 142 -9999 -9999 -9999 -9999 -9999 -9999 -9999 148 145 145 145 143 145 146 147 149 150 152 153 153 154 155 156 155 154 153 153 152 153 152 151 150 150 150 151 151 151 151 150 149 139 142 142 148 145 140 147 155
-9999 -9999 -9999 -9999 -9999 -9999 -9999 -9999 -9999 -9999 -9999 -9999 -9999 -9999 -9999 -9999 -9999 -9999 -9999 -9999 -9999 -9999 -9999 -9999 121 129 129 123 133 140 137 141 142 -9999 -9999 -9999 -9999 -9999 -9999 -9999 -9999 -9999 -9999 -9999 147 146 147 146 146 146 146 148 150 151 152 154 155 157 157 157 155 154 154 153 154 153 152 150 150 151 152 152 152 152 151 151 151 148 150 151 150 149 154 156
-9999 -9999 -9999 -9999 -9999 -9999 -9999 -9999 -9999 -9999 -9999 -9999 -9999 -9999 -9999 -9999 -9999 -9999 -9999 -9999 -9999 -9999 -9999 -9999 125 122 134 131 135 142 -9999 -9999 -9999 -9999 -9999 -9999 -9999 -9999 -9999 -9999 -9999 -9999 -9999 -9999 -9999 -9999 148 147 146 148 149 149 150 150 154 154 157 157 156 157 156 155 155 154 154 153 152 152 151 151 152 152 153 153 153 154 154 154 152 151 152 153 155 156
-9999 -9999 -9999 -9999 -9999 -9999 -9999 -9999 -9999 -9999 -9999 -9999 -9999 -9999 -9999 -9999 -9999 -9999 -9999 -9999 -9999 -9999 -9999 -9999 135 138 139 -9999 -9999 -9999 -9999 -9999 -9999 -9999 -9999 -9999 -9999 -9999 -9999 -9999 -9999 -9999 -9999 -9999 -9999 -9999 -9999 -9999 148 149 151 152 152 151 153 156 156 154 155 156 158 156 156 155 155 155 154 152 151 151 152 152 153 153 153 153 155 155 153 154 154 153 152 155
