invasiveSpecies/multiSpecies/data/worldclim_KE/worldclim_KE_2050_BC26_Bio4.asc
ncols         347
nrows         295
xllcorner     36.068012264173
yllcorner     0.13039239511974
cellsize      0.0083333333333333
NODATA_value  -9999
[rows 148 to 184 of 295, columns 168 to 251 of 347]
791 757 775 759 779 762 759 769 785 765 762 775 774 794 791 771 775 765 765 776 759 769 754 786 769 786 775 781 776 771 780 780 759 780 789 788 786 786 791 786 774 796 787 787 799 771 794 783 777 801 795 791 806 769 794 809 817 801 801 801 799 785 804 795 799 823 828 798 802 799 816 816 828 821 801 802 802 810 818 815 821 814 806 814
751 787 798 759 765 762 745 769 757 776 770 770 764 769 778 768 773 776 768 775 767 778 783 762 769 765 778 791 785 791 791 757 770 751 770 777 791 786 788 786 781 778 782 787 784 794 794 805 785 794 791 789 797 797 796 789 806 800 814 776 773 801 803 786 798 809 813 813 804 828 821 805 816 804 809 817 817 806 815 814 808 814 811 801
751 798 761 779 762 751 776 755 745 762 754 761 769 772 765 770 761 758 780 778 751 762 765 765 766 775 783 772 768 769 780 780 777 783 784 794 778 809 788 786 786 789 781 776 778 796 781 783 791 777 780 791 797 797 795 783 805 776 776 789 791 794 776 807 798 805 813 812 805 817 814 814 778 778 804 828 817 823 816 825 812 822 835 825
786 775 795 793 779 755 773 754 773 754 760 779 776 772 770 761 779 768 786 780 762 762 766 765 766 769 776 795 779 769 792 781 781 779 781 780 774 779 796 784 787 789 791 796 778 791 787 781 783 794 790 780 800 791 795 801 793 793 798 806 793 793 801 813 774 811 782 809 806 812 818 827 815 820 810 793 801 795 814 823 825 835 787 814
755 753 761 787 768 767 779 764 745 755 748 773 776 776 768 789 764 770 767 769 764 770 770 764 764 772 786 787 779 779 780 783 791 785 784 781 775 785 801 787 801 766 788 779 784 794 775 786 786 777 768 780 768 788 798 801 809 793 793 783 780 823 796 783 825 816 796 811 822 825 818 795 827 817 817 820 805 787 817 814 839 845 796 790
779 755 771 787 755 777 774 755 769 769 775 754 764 758 778 757 770 761 794 771 767 741 767 767 767 766 786 787 791 791 777 771 771 784 790 794 768 792 795 779 784 766 784 774 784 784 798 764 768 794 781 799 791 802 792 801 793 788 786 805 793 777 786 796 818 828 813 801 809 809 814 801 806 801 814 817 815 809 822 794 842 794 805 838
755 791 777 768 768 771 774 755 766 755 753 749 764 755 763 764 764 770 754 792 770 782 762 773 741 783 762 787 801 752 791 766 771 797 746 783 790 776 792 783 788 791 783 803 769 785 784 782 786 785 786 797 794 794 791 802 794 806 793 793 786 793 793 783 773 773 777 818 798 772 828 813 809 814 800 820 808 816 806 804 812 790 805 805
760 767 771 775 768 777 767 755 771 766 755 748 748 771 748 780 770 764 761 770 759 767 764 758 780 759 759 771 750 810 749 791 791 783 800 793 783 783 779 789 779 791 781 795 782 769 786 786 782 794 781 766 794 794 779 802 800 783 794 794 793 798 793 783 769 808 812 772 803 794 813 796 783 815 827 793 812 802 816 828 797 819 800 789
748 762 757 765 778 768 748 755 747 765 770 756 762 745 762 761 771 764 770 775 776 784 759 753 752 777 799 787 772 807 785 785 746 746 797 793 779 775 771 785 779 778 780 782 790 775 761 778 778 781 783 794 794 794 785 802 800 800 783 793 793 786 807 793 769 793 784 769 812 796 782 798 803 809 807 787 789 816 825 814 797 812 819 809
758 745 766 767 761 757 772 768 769 770 765 759 749 762 746 762 771 773 771 770 764 780 751 787 790 762 799 792 761 761 761 780 797 757 744 790 790 774 787 759 775 778 789 795 792 790 790 800 800 766 778 783 791 790 793 793 802 805 798 795 793 794 805 791 817 814 793 790 798 792 794 794 803 793 793 812 805 816 816 791 812 817 805 805
766 765 763 766 767 765 767 762 743 747 760 762 760 742 762 765 764 749 770 785 752 762 761 771 768 769 799 770 779 794 770 745 755 773 755 790 807 790 790 802 751 779 777 776 777 764 774 777 792 800 794 777 803 777 801 796 792 794 796 771 786 801 801 793 784 826 809 790 790 797 766 807 789 814 801 835 815 803 792 812 792 831 821 812
742 760 759 753 752 766 761 769 767 759 764 750 759 759 765 762 752 754 749 764 753 779 759 777 774 753 761 770 760 770 755 787 772 761 775 749 791 799 751 774 784 786 783 761 774 762 777 787 786 787 775 774 774 785 793 797 772 794 796 809 794 785 786 788 795 806 804 826 808 824 776 791 822 780 791 819 805 798 812 812 813 813 831 826
736 756 759 770 774 751 780 765 764 762 763 769 737 737 759 762 755 773 757 760 759 761 768 772 792 772 777 770 770 770 770 763 795 777 773 785 799 807 786 807 778 775 786 777 800 786 799 787 787 787 789 784 766 781 775 776 778 806 779 788 774 797 780 785 797 796 804 798 806 771 798 797 804 810 810 828 815 808 809 825 817 813 799 819
748 748 759 760 770 732 771 765 762 771 760 759 722 759 758 755 771 763 760 767 764 774 774 766 764 778 772 762 763 750 772 766 754 753 786 786 745 762 768 749 750 779 753 792 770 786 769 770 765 769 753 765 785 753 784 771 775 774 783 804 800 778 785 776 804 798 816 803 778 798 802 797 769 796 798 818 805 786 822 810 797 797 793 791
732 753 732 768 750 757 774 770 734 771 758 770 734 743 759 758 755 774 774 743 764 761 766 761 764 775 764 765 765 762 758 753 753 774 764 772 774 762 746 747 792 792 792 750 786 773 759 786 778 773 778 792 778 773 765 771 788 791 806 778 800 790 790 791 804 806 763 797 771 797 762 808 810 807 798 805 805 790 818 812 790 811 822 798
768 730 747 734 764 742 774 774 751 760 732 749 768 735 745 759 750 758 764 773 760 749 757 763 761 757 775 762 767 753 758 775 772 753 743 743 762 785 762 755 797 782 755 755 774 779 773 786 746 746 761 792 765 773 770 774 788 792 782 782 764 778 778 804 795 785 790 771 780 803 757 789 789 808 783 786 805 789 790 772 811 823 807 791
753 744 756 748 764 768 742 749 774 755 744 756 768 750 762 734 764 768 743 755 762 774 771 754 769 775 753 764 772 764 776 753 760 772 769 745 765 790 760 745 773 784 792 793 774 779 792 774 753 784 786 778 778 765 766 791 779 779 782 800 800 792 783 804 794 784 771 765 798 789 772 791 775 804 803 778 800 789 809 794 804 803 778 823
757 748 760 753 745 760 760 768 768 749 755 760 763 751 747 747 743 764 752 755 749 757 754 750 758 775 773 753 763 754 762 753 768 768 753 771 765 753 765 753 761 770 793 793 741 741 753 754 774 755 765 784 759 753 776 788 782 792 792 791 792 783 785 806 763 784 784 777 803 763 811 784 804 796 780 805 786 809 798 794 764 811 778 823
743 757 730 756 748 749 738 746 764 747 766 744 756 735 740 744 752 754 757 769 747 760 771 747 775 775 753 773 768 758 753 762 753 740 762 763 745 759 756 761 760 785 785 782 736 792 792 762 740 788 768 779 761 792 759 779 753 791 791 779 767 783 797 766 780 785 790 789 792 754 790 785 800 803 792 789 800 804 789 795 804 798 791 791
738 733 733 737 738 748 740 737 774 746 738 766 749 756 749 761 759 755 744 743 747 765 754 738 759 763 778 753 753 776 762 748 762 755 762 762 779 765 791 749 761 769 759 782 741 762 788 784 769 779 748 755 806 779 792 783 779 776 764 760 767 753 804 784 771 782 798 802 809 777 784 790 796 798 780 779 791 777 792 794 782 807 809 791
768 768 730 738 733 768 768 737 743 746 778 761 738 735 761 759 759 735 755 743 741 761 760 753 750 778 757 768 776 753 753 762 778 746 761 763 763 771 784 751 760 751 759 767 741 743 740 779 745 784 784 797 793 735 753 775 779 787 779 779 790 784 784 771 792 787 791 798 791 790 794 784 784 800 796 807 791 803 791 782 791 809 790 793
747 742 756 738 741 737 728 747 752 746 770 747 739 738 733 737 764 735 737 752 761 764 763 747 770 771 759 766 758 766 758 748 778 771 761 753 758 755 755 751 764 757 765 774 782 785 768 759 788 754 774 735 793 779 792 774 778 787 779 774 784 765 796 784 799 794 787 777 768 790 796 786 794 787 797 787 785 817 798 796 787 793 795 809
748 748 730 747 743 728 740 746 771 766 760 748 739 729 737 731 735 735 746 759 746 737 770 753 759 779 779 765 758 774 758 745 759 775 761 753 771 758 752 771 761 751 770 773 741 741 778 778 768 784 779 768 736 768 806 786 765 760 780 778 785 771 784 785 792 785 782 780 792 787 782 795 790 813 767 777 817 782 803 794 790 796 790 791
752 744 742 740 733 735 747 742 746 740 755 740 732 748 761 746 744 750 757 758 753 751 747 761 765 731 757 755 767 758 755 782 746 760 752 741 729 736 763 763 747 748 748 779 737 769 751 788 777 746 786 731 789 735 772 760 775 764 768 775 754 786 787 779 789 782 790 777 765 780 775 771 794 771 802 809 787 794 813 793 783 778 793 800
752 745 744 733 735 737 746 744 743 742 742 735 748 735 746 773 740 744 753 746 765 755 747 745 733 751 733 751 767 771 763 776 749 759 762 748 741 733 748 759 735 748 733 765 783 751 776 776 783 760 792 752 767 775 801 801 743 801 783 788 768 775 790 788 777 776 782 776 773 778 762 779 789 773 796 802 813 812 799 764 764 778 787 800
750 743 731 733 737 744 748 749 762 742 733 733 759 763 733 742 744 758 762 737 742 764 733 762 751 745 758 751 759 768 767 758 749 762 774 731 720 734 722 740 750 736 734 752 744 751 766 768 775 723 792 764 752 764 745 748 801 755 743 753 779 743 790 764 752 787 789 790 777 778 775 763 776 784 792 788 780 798 810 797 790 786 783 793
736 742 738 730 737 737 737 762 742 742 762 735 733 759 773 768 735 744 740 740 740 742 751 751 720 720 729 758 751 758 766 761 764 780 766 745 733 740 727 743 761 741 761 734 760 744 766 743 753 783 758 778 778 790 800 778 747 776 813 752 793 740 775 788 761 802 786 774 796 807 790 788 780 782 783 800 810 791 810 813 774 780 786 793
740 738 738 735 735 736 734 746 771 733 733 755 735 739 775 768 746 740 764 747 740 738 740 740 706 719 730 763 771 747 766 780 743 777 771 757 735 755 733 743 720 749 749 741 761 761 749 765 765 755 775 758 748 777 753 803 749 747 753 787 764 801 780 799 803 787 775 773 773 788 768 776 777 785 793 799 802 801 770 813 788 780 794 787
749 738 738 738 740 744 740 744 745 758 722 735 737 732 737 739 785 746 775 752 776 768 736 759 731 717 740 728 721 784 775 772 750 753 752 773 733 745 742 755 761 744 759 749 753 749 773 773 775 753 758 768 769 790 763 757 792 792 751 788 783 737 763 750 787 789 761 775 790 777 774 791 776 781 769 797 798 799 770 789 782 790 780 787
742 730 734 727 746 740 750 735 744 735 735 750 733 737 757 734 774 746 736 746 746 739 761 735 712 747 745 732 767 754 771 754 786 747 768 752 771 757 744 741 757 749 741 750 742 771 749 771 756 766 765 783 777 750 763 767 754 759 778 738 765 797 790 740 777 765 765 785 782 771 774 774 774 767 784 793 809 799 809 810 779 786 775 780
730 731 734 727 744 743 749 742 741 745 740 730 738 734 746 758 786 747 768 763 745 738 749 738 745 738 716 725 786 749 732 774 763 758 743 762 773 733 733 767 745 741 741 749 765 760 736 754 754 753 761 764 760 775 787 760 794 784 763 753 771 728 763 804 802 789 811 812 767 797 778 768 780 780 793 809 805 803 770 809 785 766 773 780
715 739 732 717 746 741 726 741 737 735 731 742 735 733 745 746 738 747 738 758 737 743 750 752 731 731 708 743 737 786 774 774 765 760 743 756 766 748 752 743 752 759 741 729 762 767 759 758 757 754 751 773 768 777 776 776 767 767 738 778 780 728 770 790 764 790 802 802 777 802 788 779 785 793 793 793 814 793 809 807 770 785 785 780
733 719 735 742 739 730 725 730 742 735 742 735 727 737 756 758 745 749 749 743 757 750 740 752 751 719 731 743 740 746 751 749 755 760 755 759 759 760 727 750 775 761 747 752 744 726 765 737 754 742 773 761 755 760 772 778 790 767 756 766 778 762 778 791 754 811 774 765 777 776 788 779 785 780 793 800 800 780 790 809 806 777 773 817
729 722 738 708 722 730 734 751 754 735 751 742 736 740 731 738 748 734 747 756 744 746 735 722 737 721 743 731 730 743 753 744 745 747 743 741 745 754 751 763 756 737 763 757 726 772 751 755 759 771 749 757 758 764 770 778 773 765 765 763 738 760 755 741 791 765 787 775 777 774 741 755 768 785 788 799 792 788 784 805 813 810 790 778
726 740 727 712 727 743 750 743 722 743 734 743 737 742 740 737 740 732 741 756 743 743 743 753 737 755 721 760 715 743 736 764 750 730 731 731 736 760 760 760 754 749 729 755 755 774 753 744 742 754 734 757 758 781 773 760 774 770 760 783 752 767 777 751 789 765 750 778 790 766 797 798 741 783 770 777 795 792 810 812 801 817 788 797
743 744 739 729 740 756 745 745 743 727 745 736 745 734 716 729 743 742 745 759 744 751 725 741 730 731 706 726 749 754 758 744 734 743 755 737 760 751 755 755 746 755 759 761 765 778 767 767 760 769 759 761 761 780 764 771 784 792 784 769 752 755 760 778 776 790 799 799 777 811 762 754 751 791 795 770 794 812 796 826 801 793 790 772
733 739 722 712 735 741 733 726 743 721 742 721 728 732 729 712 729 731 743 755 756 751 748 746 758 730 720 735 726 724 735 727 724 760 748 737 712 708 755 747 733 763 746 761 771 764 768 736 767 735 774 775 757 752 795 764 769 781 761 754 770 774 747 778 770 775 787 775 799 777 783 778 780 778 801 788 802 794 803 780 797 782 793 786
