invasiveSpecies/multiSpecies/data/worldclim_KE/worldclim_KE_2050_BC26_Bio5.asc
ncols         347
nrows         295
xllcorner     36.068012264173
yllcorner     0.13039239511974
cellsize      0.0083333333333333
NODATA_value  -9999
[rows 222 to 258 of 295, columns 168 to 251 of 347]
337 338 340 341 342 342 342 340 340 339 341 339 342 343 344 345 346 346 346 346 345 345 346 346 345 345 345 345 344 344 343 342 340 338 335 332 338 342 341 343 344 345 347 347 348 347 348 348 349 349 349 348 344 342 344 346 348 349 349 348 348 349 349 349 349 348 348 347 348 348 348 349 349 349 349 348 348 349 349 348 349 350 350 351
331 340 340 341 341 342 342 338 337 337 337 323 331 342 343 344 345 346 346 346 345 347 346 346 345 346 346 345 344 344 343 339 340 338 327 331 338 341 341 341 343 345 347 348 347 347 348 349 349 348 349 349 348 343 336 341 348 348 348 348 348 348 349 349 349 348 348 347 348 348 348 349 348 349 348 348 347 348 348 348 349 350 350 350
326 339 340 340 341 341 342 333 334 335 337 336 327 339 342 344 345 345 346 346 346 347 346 347 346 346 346 346 345 344 343 341 339 338 323 332 332 339 340 327 338 341 346 348 348 348 348 349 348 348 348 349 349 348 348 348 348 348 348 347 347 348 348 348 348 348 347 348 348 348 348 348 348 348 348 348 348 347 348 349 347 349 349 350
328 335 339 340 341 341 341 339 331 329 336 338 338 341 343 344 345 346 346 346 345 345 346 346 346 346 346 346 343 344 344 342 341 340 337 337 336 336 327 323 326 333 343 346 348 348 349 347 348 348 348 348 349 349 349 348 348 348 348 347 347 347 348 348 348 347 347 347 348 347 347 348 348 348 348 347 347 347 348 348 348 349 349 349
335 337 339 338 340 341 342 339 337 338 340 342 342 343 344 344 345 345 346 346 345 345 345 346 345 346 346 347 346 345 344 343 342 341 340 332 329 322 331 331 326 327 343 348 347 348 347 347 348 348 348 348 349 349 349 348 348 347 347 347 347 347 347 347 347 347 346 347 347 347 347 347 348 347 347 347 346 346 348 348 348 348 348 347
337 336 338 336 338 341 342 342 340 340 342 342 343 344 344 345 345 345 345 346 346 345 345 345 345 346 347 347 346 344 344 346 341 344 343 340 338 328 334 339 342 341 346 348 348 348 346 346 348 348 348 348 349 349 349 348 348 347 347 347 346 346 347 347 347 347 347 347 346 347 347 346 347 347 347 347 346 347 347 347 348 347 346 342
337 338 339 337 338 341 342 343 343 342 342 344 344 344 344 344 345 345 345 346 346 345 346 346 346 346 347 347 347 346 345 347 348 347 346 345 345 328 327 338 345 346 347 348 348 348 347 347 348 348 348 348 348 348 349 347 347 347 347 346 346 346 346 346 347 347 347 346 346 346 346 346 347 347 346 346 347 346 347 348 347 346 345 346
335 335 339 338 339 341 342 342 343 344 344 344 343 344 344 345 345 345 346 346 345 347 346 346 346 346 347 347 347 346 347 348 347 349 348 347 346 348 347 335 347 347 348 349 348 347 346 348 348 347 348 348 348 348 347 348 347 348 346 346 346 345 345 346 346 346 346 347 345 346 345 345 346 346 346 346 346 347 346 347 346 346 346 346
334 333 340 338 337 341 341 341 342 343 344 344 343 344 344 345 345 346 346 346 346 346 347 346 346 347 347 347 348 347 348 348 349 348 348 348 347 347 347 347 347 347 347 348 348 348 347 347 347 347 348 347 348 347 347 348 348 346 346 346 345 345 345 345 346 345 345 344 344 345 344 344 345 346 345 346 346 346 345 346 345 346 346 -9999
340 341 342 340 340 341 341 342 343 343 344 344 344 345 343 344 344 343 344 345 346 346 346 346 346 346 347 348 348 348 347 348 348 348 347 348 347 347 347 347 347 347 348 348 348 347 347 347 347 347 347 347 347 347 347 346 347 346 346 345 345 344 344 345 345 345 345 344 345 343 -9999 -9999 345 345 344 345 346 345 346 346 345 346 346 -9999
342 342 342 341 339 341 341 342 343 343 343 344 344 345 343 344 343 342 345 345 345 345 345 346 345 347 347 347 347 348 348 348 348 347 347 347 347 347 347 347 347 347 348 348 348 348 347 347 347 347 347 347 347 346 346 347 346 346 346 345 344 344 344 344 344 344 344 343 -9999 -9999 -9999 -9999 344 344 345 344 345 345 345 345 344 346 -9999 -9999
343 343 343 343 340 340 341 342 343 343 342 344 345 345 343 343 342 345 345 345 345 346 346 345 346 347 347 347 345 347 346 346 346 345 346 346 345 347 346 346 346 347 347 347 348 347 348 347 346 347 347 346 345 345 346 345 345 345 345 344 344 344 343 343 343 344 -9999 -9999 -9999 -9999 -9999 -9999 -9999 344 344 343 344 345 345 345 344 344 -9999 -9999
344 344 344 343 336 342 341 341 344 344 344 345 345 344 342 342 343 345 344 345 346 347 346 346 347 347 347 345 345 343 347 346 345 345 345 345 345 345 344 344 345 345 347 347 348 347 346 347 346 346 345 345 345 345 345 345 344 344 344 343 342 344 343 -9999 -9999 -9999 -9999 -9999 -9999 -9999 -9999 -9999 -9999 -9999 344 343 344 344 345 344 -9999 -9999 -9999 -9999
344 344 344 344 343 343 338 339 344 345 345 345 346 346 343 342 344 345 346 346 347 347 346 347 347 346 346 345 345 344 345 345 345 344 345 345 345 344 345 345 344 345 346 347 347 347 346 347 347 345 345 344 344 344 344 344 344 344 343 342 342 -9999 -9999 -9999 -9999 -9999 -9999 -9999 -9999 -9999 -9999 -9999 -9999 -9999 -9999 -9999 343 343 -9999 -9999 -9999 -9999 -9999 -9999
344 345 345 345 343 344 343 343 344 345 345 346 347 344 345 345 344 346 346 347 347 347 347 346 347 346 345 344 344 344 343 344 345 344 344 345 345 345 343 345 344 344 345 346 347 346 346 346 346 345 345 344 343 343 344 344 343 343 343 -9999 -9999 -9999 -9999 -9999 -9999 -9999 -9999 -9999 -9999 -9999 -9999 -9999 -9999 -9999 -9999 -9999 -9999 -9999 -9999 -9999 -9999 -9999 -9999 -9999
345 346 346 345 344 344 344 343 344 345 344 341 347 347 344 346 346 347 347 347 347 347 347 347 346 344 344 344 344 344 343 344 344 344 344 344 344 344 343 343 343 343 343 346 346 346 346 346 344 344 345 344 343 343 343 344 343 -9999 -9999 -9999 -9999 -9999 -9999 -9999 -9999 -9999 -9999 -9999 -9999 -9999 -9999 -9999 -9999 -9999 -9999 -9999 -9999 -9999 -9999 -9999 -9999 -9999 -9999 -9999
347 346 347 346 345 345 344 343 344 346 345 346 347 347 346 347 347 347 347 345 347 347 346 345 346 345 345 345 344 344 344 344 344 344 344 344 344 344 344 344 343 341 333 344 346 345 345 345 345 344 343 344 343 342 343 -9999 -9999 -9999 -9999 -9999 -9999 -9999 -9999 -9999 -9999 -9999 -9999 -9999 -9999 -9999 -9999 -9999 -9999 -9999 -9999 -9999 -9999 -9999 -9999 -9999 -9999 -9999 -9999 -9999
347 347 347 347 346 345 344 343 347 347 346 347 348 348 347 347 347 347 347 347 347 346 346 346 345 345 345 345 344 344 344 344 344 343 343 344 344 343 343 342 328 309 325 343 345 345 344 345 344 344 344 343 -9999 -9999 -9999 -9999 -9999 -9999 -9999 -9999 -9999 -9999 -9999 -9999 -9999 -9999 -9999 -9999 -9999 -9999 -9999 -9999 -9999 -9999 -9999 -9999 -9999 -9999 -9999 -9999 -9999 -9999 -9999 -9999
348 348 348 347 347 345 345 344 348 348 348 348 348 348 347 347 348 348 347 347 346 346 346 345 345 345 344 344 344 344 344 344 344 343 343 343 343 343 343 341 326 316 340 340 343 344 344 344 343 343 -9999 -9999 -9999 -9999 -9999 -9999 -9999 -9999 -9999 -9999 -9999 -9999 -9999 -9999 -9999 -9999 -9999 -9999 -9999 -9999 -9999 -9999 -9999 -9999 -9999 -9999 -9999 -9999 -9999 -9999 -9999 -9999 -9999 -9999
347 348 348 348 347 346 345 347 348 348 347 348 348 348 348 346 347 347 347 346 346 346 345 345 345 345 344 344 344 343 343 344 343 343 343 343 343 343 342 341 336 334 329 341 330 342 342 343 -9999 -9999 -9999 -9999 -9999 -9999 -9999 -9999 -9999 -9999 -9999 -9999 -9999 -9999 -9999 -9999 -9999 -9999 -9999 -9999 -9999 -9999 -9999 -9999 -9999 -9999 -9999 -9999 -9999 -9999 -9999 -9999 -9999 -9999 -9999 -9999
344 344 347 348 348 348 348 348 348 347 347 347 347 348 347 346 347 347 346 346 346 346 345 345 345 345 345 344 344 344 343 344 343 343 343 343 343 343 342 341 337 335 319 322 323 342 -9999 -9999 -9999 -9999 -9999 -9999 -9999 -9999 -9999 -9999 -9999 -9999 -9999 -9999 -9999 -9999 -9999 -9999 -9999 -9999 -9999 -9999 -9999 -9999 -9999 -9999 -9999 -9999 -9999 -9999 -9999 -9999 -9999 -9999 -9999 -9999 -9999 -9999
344 345 346 346 346 348 347 348 348 348 348 348 348 347 347 347 346 346 346 346 345 345 345 345 345 345 345 344 343 343 344 344 343 343 343 343 343 342 342 341 339 328 313 317 -9999 -9999 -9999 -9999 -9999 -9999 -9999 -9999 -9999 -9999 -9999 -9999 -9999 -9999 -9999 -9999 -9999 -9999 -9999 -9999 -9999 -9999 -9999 -9999 -9999 -9999 -9999 -9999 -9999 -9999 -9999 -9999 -9999 -9999 -9999 -9999 -9999 -9999 -9999 -9999
344 345 345 347 345 346 347 347 347 347 348 348 348 347 346 347 346 346 346 345 345 345 345 345 345 345 345 344 344 344 343 343 343 343 343 343 342 342 342 341 339 -9999 -9999 -9999 -9999 -9999 -9999 -9999 -9999 -9999 -9999 -9999 -9999 -9999 -9999 -9999 -9999 -9999 -9999 -9999 -9999 -9999 -9999 -9999 -9999 -9999 -9999 -9999 -9999 -9999 -9999 -9999 -9999 -9999 -9999 -9999 -9999 -9999 -9999 -9999 -9999 -9999 -9999 -9999
345 346 345 346 346 346 346 347 345 346 347 347 348 347 347 346 346 346 345 345 345 345 345 345 345 345 345 345 344 344 344 343 343 343 343 342 342 342 -9999 -9999 -9999 -9999 -9999 -9999 -9999 -9999 -9999 -9999 -9999 -9999 -9999 -9999 -9999 -9999 -9999 -9999 -9999 -9999 -9999 -9999 -9999 -9999 -9999 -9999 -9999 -9999 -9999 -9999 -9999 -9999 -9999 -9999 -9999 -9999 -9999 -9999 -9999 -9999 -9999 -9999 -9999 -9999 -9999 -9999
345 345 346 345 345 345 345 345 345 346 346 347 346 347 346 346 346 346 345 345 345 345 345 344 345 345 344 344 344 343 344 344 344 343 342 -9999 -9999 -9999 -9999 -9999 -9999 -9999 -9999 -9999 -9999 -9999 -9999 -9999 -9999 -9999 -9999 -9999 -9999 -9999 -9999 -9999 -9999 -9999 -9999 -9999 -9999 -9999 -9999 -9999 -9999 -9999 -9999 -9999 -9999 -9999 -9999 -9999 -9999 -9999 -9999 -9999 -9999 -9999 -9999 -9999 -9999 -9999 -9999 -9999
344 345 345 346 345 345 345 345 346 346 346 346 346 346 346 347 345 345 345 345 345 345 345 345 344 344 344 344 344 343 343 343 -9999 -9999 -9999 -9999 -9999 -9999 -9999 -9999 -9999 -9999 -9999 -9999 -9999 -9999 -9999 -9999 -9999 -9999 -9999 -9999 -9999 -9999 -9999 -9999 -9999 -9999 -9999 -9999 -9999 -9999 -9999 -9999 -9999 -9999 -9999 -9999 -9999 -9999 -9999 -9999 -9999 -9999 -9999 -9999 -9999 -9999 -9999 -9999 -9999 -9999 -9999 -9999
345 345 346 346 345 345 344 345 346 345 346 346 346 346 346 346 345 346 346 345 345 345 345 344 344 344 344 344 344 -9999 -9999 -9999 -9999 -9999 -9999 -9999 -9999 -9999 -9999 -9999 -9999 -9999 -9999 -9999 -9999 -9999 -9999 -9999 -9999 -9999 -9999 -9999 -9999 -9999 -9999 -9999 -9999 -9999 -9999 -9999 -9999 -9999 -9999 -9999 -9999 -9999 -9999 -9999 -9999 -9999 -9999 -9999 -9999 -9999 -9999 -9999 -9999 -9999 -9999 -9999 -9999 -9999 -9999 -9999
345 345 345 345 345 344 345 345 345 345 346 346 346 346 346 346 346 346 345 345 345 345 345 344 344 344 -9999 -9999 -9999 -9999 -9999 -9999 -9999 -9999 -9999 -9999 -9999 -9999 -9999 -9999 -9999 -9999 -9999 -9999 -9999 -9999 -9999 -9999 -9999 -9999 -9999 -9999 -9999 -9999 -9999 -9999 -9999 -9999 -9999 -9999 -9999 -9999 -9999 -9999 -9999 -9999 -9999 -9999 -9999 -9999 -9999 -9999 -9999 -9999 -9999 -9999 -9999 -9999 -9999 -9999 -9999 -9999 -9999 -9999
345 344 342 344 344 343 343 345 345 346 346 346 346 346 346 346 346 346 346 346 346 345 345 -9999 -9999 -9999 -9999 -9999 -9999 -9999 -9999 -9999 -9999 -9999 -9999 -9999 -9999 -9999 -9999 -9999 -9999 -9999 -9999 -9999 -9999 -9999 -9999 -9999 -9999 -9999 -9999 -9999 -9999 -9999 -9999 -9999 -9999 -9999 -9999 -9999 -9999 -9999 -9999 -9999 -9999 -9999 -9999 -9999 -9999 -9999 -9999 -9999 -9999 -9999 -9999 -9999 -9999 -9999 -9999 -9999 -9999 -9999 -9999 -9999
343 342 341 341 343 343 342 344 345 345 346 346 346 346 346 346 346 345 346 345 345 -9999 -9999 -9999 -9999 -9999 -9999 -9999 -9999 -9999 -9999 -9999 -9999 -9999 -9999 -9999 -9999 -9999 -9999 -9999 -9999 -9999 -9999 -9999 -9999 -9999 -9999 -9999 -9999 -9999 -9999 -9999 -9999 -9999 -9999 -9999 -9999 -9999 -9999 -9999 -9999 -9999 -9999 -9999 -9999 -9999 -9999 -9999 -9999 -9999 -9999 -9999 -9999 -9999 -9999 -9999 -9999 -9999 -9999 -9999 -9999 -9999 -9999 -9999
342 339 340 340 341 341 341 344 344 345 346 346 346 346 346 346 346 346 -9999 -9999 -9999 -9999 -9999 -9999 -9999 -9999 -9999 -9999 -9999 -9999 -9999 -9999 -9999 -9999 -9999 -9999 -9999 -9999 -9999 -9999 -9999 -9999 -9999 -9999 -9999 -9999 -9999 -9999 -9999 -9999 -9999 -9999 -9999 -9999 -9999 -9999 -9999 -9999 -9999 -9999 -9999 -9999 -9999 -9999 -9999 -9999 -9999 -9999 -9999 -9999 -9999 -9999 -9999 -9999 -9999 -9999 -9999 -9999 -9999 -9999 -9999 -9999 -9999 -9999
341 333 329 327 339 340 335 342 344 345 345 346 346 346 346 -9999 -9999 -9999 -9999 -9999 -9999 -9999 -9999 -9999 -9999 -9999 -9999 -9999 -9999 -9999 -9999 -9999 -9999 -9999 -9999 -9999 -9999 -9999 -9999 -9999 -9999 -9999 -9999 -9999 -9999 -9999 -9999 -9999 -9999 -9999 -9999 -9999 -9999 -9999 -9999 -9999 -9999 -9999 -9999 -9999 -9999 -9999 -9999 -9999 -9999 -9999 -9999 -9999 -9999 -9999 -9999 -9999 -9999 -9999 -9999 -9999 -9999 -9999 -9999 -9999 -9999 -9999 -9999 -9999
339 336 314 318 330 334 332 341 343 343 345 346 346 346 -9999 -9999 -9999 -9999 -9999 -9999 -9999 -9999 -9999 -9999 -9999 -9999 -9999 -9999 -9999 -9999 -9999 -9999 -9999 -9999 -9999 -9999 -9999 -9999 -9999 -9999 -9999 -9999 -9999 -9999 -9999 -9999 -9999 -9999 -9999 -9999 -9999 -9999 -9999 -9999 -9999 -9999 -9999 -9999 -9999 -9999 -9999 -9999 -9999 -9999 -9999 -9999 -9999 -9999 -9999 -9999 -9999 -9999 -9999 -9999 -9999 -9999 -9999 -9999 -9999 -9999 -9999 -9999 -9999 -9999
339 337 323 321 329 337 338 341 343 344 345 346 346 346 -9999 -9999 -9999 -9999 -9999 -9999 -9999 -9999 -9999 -9999 -9999 -9999 -9999 -9999 -9999 -9999 -9999 -9999 -9999 -9999 -9999 -9999 -9999 -9999 -9999 -9999 -9999 -9999 -9999 -9999 -9999 -9999 -9999 -9999 -9999 -9999 -9999 -9999 -9999 -9999 -9999 -9999 -9999 -9999 -9999 -9999 -9999 -9999 -9999 -9999 -9999 -9999 -9999 -9999 -9999 -9999 -9999 -9999 -9999 -9999 -9999 -9999 -9999 -9999 -9999 -9999 -9999 -9999 -9999 -9999
338 338 331 315 325 319 318 325 339 345 345 345 345 346 -9999 -9999 -9999 -9999 -9999 -9999 -9999 -9999 -9999 -9999 -9999 -9999 -9999 -9999 -9999 -9999 -9999 -9999 -9999 -9999 -9999 -9999 -9999 -9999 -9999 -9999 -9999 -9999 -9999 -9999 -9999 -9999 -9999 -9999 -9999 -9999 -9999 -9999 -9999 -9999 -9999 -9999 -9999 -9999 -9999 -9999 -9999 -9999 -9999 -9999 -9999 -9999 -9999 -9999 -9999 -9999 -9999 -9999 -9999 -9999 -9999 -9999 -9999 -9999 -9999 -9999 -9999 -9999 -9999 -9999
321 337 335 317 321 309 312 312 320 344 346 345 345 346 -9999 -9999 -9999 -9999 -9999 -9999 -9999 -9999 -9999 -9999 -9999 -9999 -9999 -9999 -9999 -9999 -9999 -9999 -9999 -9999 -9999 -9999 -9999 -9999 -9999 -9999 -9999 -9999 -9999 -9999 -9999 -9999 -9999 -9999 -9999 -9999 -9999 -9999 -9999 -9999 -9999 -9999 -9999 -9999 -9999 -9999 -9999 -9999 -9999 -9999 -9999 -9999 -9999 -9999 -9999 -9999 -9999 -9999 -9999 -9999 -9999 -9999 -9999 -9999 -9999 -9999 -9999 -9999 -9999 -9999
336 334 334 322 316 318 335 338 337 344 344 345 345 345 -9999 -9999 -9999 -9999 -9999 -9999 -9999 -9999 -9999 -9999 -9999 -9999 -9999 -9999 -9999 -9999 -9999 -9999 -9999 -9999 -9999 -9999 -9999 -9999 -9999 -9999 -9999 -9999 -9999 -9999 -9999 -9999 -9999 -9999 -9999 -9999 -9999 -9999 -9999 -9999 -9999 -9999 -9999 -9999 -9999 -9999 -9999 -9999 -9999 -9999 -9999 -9999 -9999 -9999 -9999 -9999 -9999 -9999 -9999 -9999 -9999 -9999 -9999 -9999 -9999 -9999 -9999 -9999 -9999 -9999
