invasiveSpecies/multiSpecies/data/worldclim_KE/worldclim_KE_2050_BC85_Bio19.asc
ncols         347
nrows         295
xllcorner     36.068012264173
yllcorner     0.13039239511974
cellsize      0.0083333333333333
NODATA_value  -9999
[rows 164 to 204 of 295, columns 92 to 183 of 347]
-9999 -9999 -9999 -9999 -9999 -9999 -9999 -9999 -9999 -9999 -9999 -9999 -9999 -9999 -9999 -9999 -9999 -9999 -9999 -9999 -9999 -9999 -9999 -9999 -9999 -9999 -9999 -9999 -9999 -9999 -9999 -9999 -9999 25 23 24 24 24 29 26 25 27 27 29 38 29 31 50 34 41 41 33 55 43 30 23 21 22 26 30 31 30 21 20 16 16 14 14 14 13 12 12 12 12 12 12 12 12 12 12 11 11 11 9 9 9 9 9 9 9 9 9
-9999 -9999 -9999 -9999 -9999 -9999 -9999 -9999 -9999 -9999 -9999 -9999 -9999 -9999 -9999 -9999 -9999 -9999 -9999 -9999 -9999 -9999 -9999 -9999 -9999 -9999 -9999 -9999 -9999 -9999 -9999 -9999 -9999 24 23 24 24 25 24 26 25 26 27 32 39 29 26 35 27 31 34 26 33 43 30 24 21 22 25 26 27 26 21 17 17 16 14 14 14 13 13 12 12 12 12 12 12 12 12 12 11 11 11 11 9 9 9 9 9 9 9 9
-9999 -9999 -9999 -9999 -9999 -9999 -9999 -9999 -9999 -9999 -9999 -9999 -9999 -9999 -9999 -9999 -9999 -9999 -9999 -9999 -9999 -9999 -9999 -9999 -9999 -9999 -9999 -9999 -9999 -9999 -9999 -9999 -9999 24 23 23 24 24 24 24 25 25 26 27 36 27 26 29 31 26 28 24 33 35 34 25 21 21 22 24 27 27 20 16 16 16 14 14 14 13 13 12 12 12 12 12 12 12 12 12 12 11 11 11 9 9 9 9 9 9 9 9
-9999 -9999 -9999 -9999 -9999 -9999 -9999 -9999 -9999 -9999 -9999 -9999 -9999 -9999 -9999 -9999 -9999 -9999 -9999 -9999 -9999 -9999 -9999 -9999 -9999 -9999 -9999 -9999 -9999 -9999 -9999 -9999 -9999 24 24 23 24 24 25 25 25 25 27 27 32 27 24 23 26 23 26 22 22 26 27 24 21 21 24 30 33 24 17 17 16 16 14 14 14 13 13 13 12 12 12 12 12 12 12 12 13 11 11 11 9 9 9 9 9 9 9 9
-9999 -9999 -9999 -9999 -9999 -9999 -9999 -9999 -9999 -9999 -9999 -9999 -9999 -9999 -9999 -9999 -9999 -9999 -9999 -9999 -9999 -9999 -9999 -9999 -9999 -9999 -9999 -9999 -9999 -9999 -9999 -9999 -9999 -9999 25 24 24 25 25 26 27 27 27 27 27 27 24 23 29 24 23 23 22 22 22 23 21 21 24 25 25 22 21 17 16 16 14 14 14 16 17 14 13 12 12 12 12 12 12 12 13 11 12 11 9 9 9 9 9 9 9 9
-9999 -9999 -9999 -9999 -9999 -9999 -9999 -9999 -9999 -9999 -9999 -9999 -9999 -9999 -9999 -9999 -9999 -9999 -9999 -9999 -9999 -9999 -9999 -9999 -9999 -9999 -9999 -9999 -9999 -9999 -9999 -9999 -9999 -9999 25 24 24 25 25 25 26 27 27 27 27 27 26 23 26 22 23 23 22 21 21 21 21 21 21 21 21 21 21 20 20 17 16 16 16 16 17 17 14 13 12 12 12 12 12 12 13 12 12 11 9 9 9 9 9 9 9 9
-9999 -9999 -9999 -9999 -9999 -9999 -9999 -9999 -9999 -9999 -9999 -9999 -9999 -9999 -9999 -9999 -9999 -9999 -9999 -9999 -9999 -9999 -9999 -9999 -9999 -9999 -9999 -9999 -9999 -9999 -9999 -9999 -9999 26 25 24 24 25 25 25 27 27 27 27 27 24 23 22 23 22 23 22 21 21 21 21 25 23 22 22 21 23 25 27 36 23 16 17 16 20 20 13 13 13 13 12 12 12 12 12 13 13 12 11 9 9 9 9 9 9 9 9
-9999 -9999 -9999 -9999 -9999 -9999 -9999 -9999 -9999 -9999 -9999 -9999 -9999 -9999 -9999 -9999 -9999 -9999 -9999 -9999 -9999 -9999 -9999 -9999 -9999 -9999 -9999 -9999 -9999 -9999 -9999 -9999 -9999 26 25 24 25 25 25 25 27 27 27 27 23 23 23 22 22 22 21 21 20 20 21 24 28 27 25 27 23 31 40 30 44 35 30 26 21 20 18 15 15 17 14 12 12 12 12 12 13 13 12 11 9 9 9 9 9 9 9 9
-9999 -9999 -9999 -9999 -9999 -9999 -9999 -9999 -9999 -9999 -9999 -9999 -9999 -9999 -9999 -9999 -9999 -9999 -9999 -9999 -9999 -9999 -9999 -9999 -9999 -9999 -9999 -9999 -9999 -9999 -9999 -9999 -9999 26 25 24 25 25 25 25 27 30 27 27 23 23 23 22 22 21 21 21 21 21 21 25 31 38 31 38 25 28 46 35 44 30 20 20 20 16 17 20 20 18 17 13 12 12 12 12 13 13 11 11 9 9 9 9 9 9 9 9
-9999 -9999 -9999 -9999 -9999 -9999 -9999 -9999 -9999 -9999 -9999 -9999 -9999 -9999 -9999 -9999 -9999 -9999 -9999 -9999 -9999 -9999 -9999 -9999 -9999 -9999 -9999 -9999 -9999 -9999 -9999 -9999 27 26 26 24 25 25 25 26 26 27 27 23 23 23 23 22 22 22 23 21 21 21 23 25 49 43 37 43 42 33 51 39 39 24 17 16 16 14 13 14 17 17 15 13 12 12 12 12 13 13 11 11 9 9 9 9 9 9 9 9
-9999 -9999 -9999 -9999 -9999 -9999 -9999 -9999 -9999 -9999 -9999 -9999 -9999 -9999 -9999 -9999 -9999 -9999 -9999 -9999 -9999 -9999 -9999 -9999 -9999 -9999 -9999 -9999 -9999 -9999 -9999 -9999 27 27 26 26 25 25 25 25 26 25 25 23 23 23 22 22 22 22 23 24 23 21 23 25 33 51 54 51 56 39 53 44 32 20 16 16 16 14 13 13 17 22 20 13 12 12 12 12 13 13 11 11 9 9 9 9 9 9 9 9
-9999 -9999 -9999 -9999 -9999 -9999 -9999 -9999 -9999 -9999 -9999 -9999 -9999 -9999 -9999 -9999 -9999 -9999 -9999 -9999 -9999 -9999 -9999 -9999 -9999 -9999 -9999 -9999 -9999 -9999 -9999 -9999 27 27 27 27 25 25 25 25 26 25 23 23 23 23 22 22 22 22 26 29 26 23 21 25 31 37 49 54 66 47 31 34 24 18 16 16 14 14 13 13 13 17 13 12 12 12 12 12 13 13 11 11 9 9 9 9 9 9 9 9
-9999 -9999 -9999 -9999 -9999 -9999 -9999 -9999 -9999 -9999 -9999 -9999 -9999 -9999 -9999 -9999 -9999 -9999 -9999 -9999 -9999 -9999 -9999 -9999 -9999 -9999 -9999 -9999 -9999 -9999 -9999 -9999 -9999 27 26 27 26 25 25 24 25 25 23 23 23 23 22 23 23 22 26 33 26 26 23 24 25 27 36 56 56 31 24 22 21 18 16 15 14 14 13 13 13 13 13 12 12 12 12 12 13 13 11 11 9 9 9 9 9 9 9 9
-9999 -9999 -9999 -9999 -9999 -9999 -9999 -9999 -9999 -9999 -9999 -9999 -9999 -9999 -9999 -9999 -9999 -9999 -9999 -9999 -9999 -9999 -9999 -9999 -9999 -9999 -9999 -9999 -9999 -9999 -9999 -9999 -9999 27 27 27 26 24 24 24 25 25 23 23 23 22 22 22 22 22 23 25 29 28 25 23 25 27 32 37 53 32 23 17 17 17 16 16 14 14 13 13 12 12 12 12 12 12 12 12 13 13 11 11 9 9 9 9 9 9 9 9
-9999 -9999 -9999 -9999 -9999 -9999 -9999 -9999 -9999 -9999 -9999 -9999 -9999 -9999 -9999 -9999 -9999 -9999 -9999 -9999 -9999 -9999 -9999 -9999 -9999 -9999 30 28 -9999 -9999 -9999 -9999 -9999 28 27 27 27 24 24 24 25 25 23 23 23 23 23 23 22 22 23 23 24 24 25 31 27 25 26 30 43 27 21 17 16 16 16 16 14 14 13 13 12 12 12 12 12 12 12 12 13 12 11 11 9 9 9 9 9 9 9 9
-9999 -9999 -9999 -9999 -9999 -9999 -9999 -9999 -9999 -9999 -9999 -9999 -9999 -9999 -9999 -9999 -9999 -9999 -9999 -9999 -9999 -9999 -9999 -9999 -9999 30 30 30 28 -9999 -9999 -9999 -9999 28 27 27 27 26 24 24 25 25 25 23 23 23 23 23 22 22 23 23 23 23 23 25 29 27 28 30 28 21 18 17 16 16 15 16 14 14 13 13 12 12 12 12 12 12 12 12 13 13 11 11 9 9 9 9 9 9 9 9
-9999 -9999 -9999 -9999 -9999 -9999 -9999 -9999 -9999 -9999 -9999 -9999 -9999 -9999 -9999 -9999 -9999 -9999 -9999 -9999 -9999 -9999 -9999 -9999 -9999 30 30 29 29 29 -9999 -9999 -9999 28 28 28 27 26 26 25 26 25 25 23 23 23 23 23 23 22 23 23 23 21 21 25 27 31 28 28 21 19 17 17 16 16 16 16 14 14 15 13 13 12 12 12 12 12 12 12 13 13 12 11 11 9 9 9 9 9 9 9
-9999 -9999 -9999 -9999 -9999 -9999 -9999 -9999 -9999 -9999 -9999 -9999 -9999 -9999 -9999 -9999 -9999 -9999 -9999 -9999 -9999 -9999 -9999 -9999 -9999 31 30 29 29 29 -9999 -9999 28 28 28 28 28 26 26 26 25 25 25 25 23 23 23 23 23 23 23 23 23 23 23 24 27 31 30 24 17 17 16 16 16 16 15 16 14 14 15 13 12 12 12 12 12 12 12 12 12 12 12 11 10 9 9 9 9 9 9 9
-9999 -9999 -9999 -9999 -9999 -9999 -9999 -9999 -9999 -9999 -9999 -9999 -9999 -9999 -9999 -9999 -9999 -9999 -9999 -9999 -9999 -9999 -9999 -9999 -9999 30 32 30 30 29 29 -9999 -9999 28 28 28 28 28 26 26 26 25 25 26 25 23 23 23 23 23 24 23 26 26 27 28 24 32 35 25 21 17 16 16 16 16 14 14 14 14 15 13 12 12 12 12 12 12 12 12 12 12 12 12 11 9 9 9 9 9 9 9
-9999 -9999 -9999 -9999 -9999 -9999 -9999 -9999 -9999 -9999 -9999 -9999 -9999 -9999 -9999 -9999 -9999 -9999 -9999 -9999 -9999 -9999 -9999 -9999 -9999 31 31 30 29 31 29 -9999 29 28 28 28 28 28 26 26 26 26 25 26 26 25 24 23 23 23 24 23 25 23 23 27 25 28 35 28 21 17 16 16 16 15 15 14 14 14 15 13 13 12 12 12 12 12 12 12 12 12 12 12 11 10 9 9 9 9 9 9
-9999 -9999 -9999 -9999 -9999 -9999 -9999 -9999 -9999 -9999 -9999 -9999 -9999 -9999 -9999 -9999 -9999 -9999 -9999 -9999 -9999 -9999 -9999 -9999 -9999 32 31 31 30 30 30 29 29 28 28 28 28 28 27 26 26 26 26 26 26 25 24 24 23 23 24 23 23 23 23 21 21 20 25 28 21 17 16 16 16 16 15 14 14 14 15 13 13 12 12 12 12 12 12 12 12 12 12 12 11 10 9 9 9 9 9 9
-9999 -9999 -9999 -9999 -9999 -9999 -9999 -9999 -9999 -9999 -9999 -9999 -9999 -9999 -9999 -9999 -9999 -9999 -9999 -9999 -9999 -9999 -9999 -9999 33 31 32 31 31 30 31 30 29 28 28 28 28 28 28 27 26 26 26 26 26 26 24 24 23 23 24 23 23 21 21 21 21 20 26 30 21 18 17 16 16 16 15 14 14 14 15 15 13 13 12 12 12 12 12 12 12 12 12 12 11 10 9 9 9 9 9 9
-9999 -9999 -9999 -9999 -9999 -9999 -9999 -9999 -9999 -9999 -9999 -9999 -9999 -9999 -9999 -9999 -9999 -9999 -9999 -9999 -9999 -9999 -9999 -9999 32 32 31 31 31 30 31 31 30 29 28 28 28 28 28 27 27 27 26 26 26 26 25 24 23 23 24 23 21 21 21 21 21 20 24 28 21 17 16 16 16 16 15 15 14 14 15 15 13 13 12 12 12 12 12 12 12 12 12 12 12 11 11 9 9 9 9 9
-9999 -9999 -9999 -9999 -9999 -9999 -9999 -9999 -9999 -9999 -9999 -9999 -9999 -9999 -9999 -9999 -9999 -9999 -9999 -9999 -9999 -9999 -9999 35 33 32 33 31 31 31 31 31 31 30 28 28 28 28 28 28 27 27 26 26 26 26 25 23 23 23 24 23 23 21 21 21 21 20 20 20 19 17 16 16 16 16 16 15 15 14 15 15 13 13 13 12 12 12 12 12 12 12 12 12 12 11 11 11 9 9 9 9
-9999 -9999 -9999 -9999 -9999 -9999 -9999 -9999 -9999 -9999 -9999 -9999 -9999 -9999 -9999 -9999 -9999 -9999 -9999 -9999 -9999 -9999 -9999 35 34 33 32 32 32 31 31 31 31 30 30 28 28 28 28 28 27 27 26 26 26 26 25 24 23 23 24 23 23 21 21 21 21 20 20 20 21 18 17 16 16 16 16 15 15 14 15 15 15 13 13 13 12 12 12 12 12 12 12 12 12 11 11 11 9 9 9 9
-9999 -9999 -9999 -9999 -9999 -9999 -9999 -9999 -9999 -9999 -9999 -9999 -9999 -9999 -9999 -9999 -9999 -9999 -9999 -9999 -9999 -9999 -9999 34 34 36 35 33 32 32 34 31 31 31 30 29 28 28 28 28 29 27 27 26 26 26 26 24 23 23 24 23 23 21 21 21 21 20 20 20 21 19 22 18 16 16 16 16 15 15 15 15 15 13 13 13 13 13 12 12 12 12 12 12 12 12 11 11 10 9 9 9
-9999 -9999 -9999 -9999 -9999 -9999 -9999 -9999 -9999 -9999 -9999 -9999 -9999 -9999 -9999 -9999 -9999 -9999 -9999 -9999 -9999 -9999 -9999 34 36 35 37 36 36 33 34 31 31 31 31 30 29 29 28 28 29 27 27 26 26 26 26 24 23 23 24 24 23 21 21 21 21 20 20 20 21 21 24 25 21 17 16 16 16 15 16 15 15 15 13 13 13 13 14 13 13 12 12 12 12 12 11 11 11 10 9 9
-9999 -9999 -9999 -9999 -9999 -9999 -9999 -9999 -9999 -9999 -9999 -9999 -9999 -9999 -9999 -9999 -9999 -9999 -9999 -9999 -9999 -9999 36 36 37 38 38 35 35 33 33 32 30 30 30 29 28 28 28 27 29 27 27 26 26 26 26 24 24 23 24 24 24 23 21 21 21 21 20 20 21 25 27 37 21 18 17 16 16 16 17 16 16 15 13 13 13 13 14 18 12 12 12 12 12 12 12 11 11 10 10 9
-9999 -9999 -9999 -9999 -9999 -9999 -9999 -9999 -9999 -9999 -9999 -9999 -9999 -9999 -9999 -9999 -9999 -9999 -9999 -9999 -9999 -9999 36 35 39 38 38 35 35 35 33 32 31 30 30 30 29 28 28 28 29 27 27 26 26 26 26 25 24 23 24 24 24 23 23 21 21 21 20 20 21 23 27 35 24 21 18 17 16 16 17 17 16 15 13 14 14 13 13 14 14 12 12 12 12 12 12 11 11 11 10 10
-9999 -9999 -9999 -9999 -9999 -9999 -9999 -9999 -9999 -9999 -9999 -9999 -9999 -9999 -9999 -9999 -9999 -9999 -9999 -9999 -9999 -9999 37 39 40 38 38 38 35 34 33 33 32 30 30 30 30 28 28 28 29 29 27 26 26 26 26 25 24 24 25 25 24 25 23 21 21 21 21 20 21 23 30 49 39 28 18 18 17 18 17 17 17 16 15 14 14 14 14 13 12 12 12 12 12 12 12 12 11 11 10 10
-9999 -9999 -9999 -9999 -9999 -9999 -9999 -9999 -9999 -9999 -9999 -9999 -9999 -9999 -9999 -9999 -9999 -9999 -9999 -9999 -9999 39 38 41 41 38 38 38 38 36 34 33 33 33 30 30 30 28 28 28 31 29 27 27 26 26 26 26 24 24 25 25 25 25 25 23 21 21 21 21 21 25 30 52 64 61 26 23 20 22 23 20 17 16 16 14 18 14 14 14 12 12 12 12 12 12 12 12 12 11 12 10
-9999 -9999 -9999 -9999 -9999 -9999 -9999 -9999 -9999 -9999 -9999 -9999 -9999 -9999 -9999 -9999 -9999 -9999 -9999 -9999 -9999 38 39 40 39 38 38 38 38 37 34 33 33 33 31 30 30 30 28 28 31 29 27 27 26 26 26 26 24 24 25 25 25 25 25 24 24 21 21 21 24 25 30 43 73 66 41 29 28 47 27 19 17 16 16 16 15 18 14 14 12 12 12 12 12 12 12 12 12 11 12 10
-9999 -9999 -9999 -9999 -9999 -9999 -9999 -9999 -9999 -9999 -9999 -9999 -9999 -9999 -9999 -9999 -9999 -9999 -9999 -9999 -9999 39 38 41 39 38 38 38 38 37 36 34 33 33 33 32 30 30 28 28 31 30 29 27 26 26 26 26 26 24 25 25 25 25 25 24 21 21 21 21 25 27 29 34 58 64 61 39 59 70 44 25 18 17 16 16 15 19 15 14 12 12 12 12 12 12 12 12 12 12 12 12
-9999 -9999 -9999 -9999 -9999 -9999 -9999 -9999 -9999 -9999 -9999 -9999 -9999 -9999 -9999 -9999 -9999 -9999 -9999 -9999 40 40 42 41 39 38 37 38 38 37 38 37 37 33 33 32 30 30 30 28 31 30 30 27 27 26 26 26 26 25 25 25 25 25 25 25 24 21 21 21 24 27 27 31 38 66 88 105 79 61 45 23 18 17 16 16 16 14 14 13 12 12 12 12 12 12 12 12 12 12 12 12
-9999 -9999 -9999 -9999 -9999 -9999 -9999 -9999 -9999 -9999 -9999 -9999 -9999 -9999 -9999 -9999 -9999 -9999 -9999 -9999 40 43 43 42 39 38 38 37 37 35 34 34 33 37 33 33 32 30 30 28 31 31 30 29 27 26 26 26 26 26 26 25 25 25 25 25 24 21 21 22 24 25 27 31 37 48 59 49 49 30 39 22 18 17 16 16 16 14 13 13 12 12 12 12 12 12 12 12 12 12 12 12
-9999 -9999 -9999 -9999 -9999 -9999 -9999 -9999 -9999 -9999 -9999 -9999 -9999 -9999 -9999 -9999 -9999 -9999 -9999 -9999 41 44 41 42 39 39 38 37 37 35 34 34 33 33 34 33 33 31 30 28 31 31 30 30 27 26 26 26 26 26 26 25 25 25 25 25 24 21 21 22 24 25 27 28 32 41 34 30 27 25 26 21 20 17 16 16 16 16 13 13 12 13 12 12 12 12 12 12 12 12 12 12
-9999 -9999 -9999 -9999 -9999 -9999 -9999 -9999 -9999 -9999 -9999 -9999 -9999 -9999 -9999 -9999 -9999 -9999 -9999 -9999 41 45 41 42 41 39 38 37 36 35 36 34 33 33 33 32 32 32 31 30 31 31 31 30 28 26 26 26 26 26 26 25 25 25 25 25 24 22 21 21 23 23 25 26 27 27 27 27 25 21 21 18 17 17 16 16 16 16 14 14 14 14 13 12 12 12 12 12 12 12 13 12
-9999 -9999 -9999 -9999 -9999 -9999 -9999 -9999 -9999 -9999 -9999 -9999 -9999 -9999 -9999 -9999 -9999 -9999 -9999 -9999 41 42 42 42 42 40 39 38 37 37 35 34 33 33 33 32 31 31 31 30 32 30 30 29 29 27 26 26 26 26 27 24 24 24 24 24 23 23 21 22 22 22 21 24 23 24 23 23 21 18 18 16 16 16 15 15 15 17 15 14 14 14 14 12 12 12 12 12 12 12 13 12
-9999 -9999 -9999 -9999 -9999 -9999 -9999 -9999 -9999 -9999 -9999 -9999 -9999 -9999 -9999 -9999 -9999 -9999 -9999 42 42 46 41 41 42 40 39 38 37 37 36 35 33 33 33 33 31 31 31 31 32 30 30 30 29 28 26 26 26 26 27 24 24 24 24 24 23 23 22 22 22 22 21 21 21 20 20 20 18 18 18 16 18 17 16 15 16 17 15 15 14 16 14 12 12 12 12 12 12 12 13 12
-9999 -9999 -9999 -9999 -9999 -9999 -9999 -9999 -9999 -9999 -9999 -9999 -9999 -9999 -9999 -9999 -9999 -9999 -9999 44 45 47 41 41 41 41 40 38 37 37 37 36 34 33 33 33 31 31 31 31 32 32 30 30 29 29 27 27 26 26 26 24 24 24 24 24 23 23 23 22 22 21 20 20 20 20 20 20 25 27 24 18 17 18 16 16 16 15 15 15 16 14 14 12 12 12 12 12 12 12 13 12
-9999 -9999 -9999 -9999 -9999 -9999 -9999 -9999 -9999 -9999 -9999 -9999 -9999 -9999 -9999 -9999 -9999 -9999 -9999 44 45 45 43 41 41 42 40 40 37 36 37 36 36 34 33 33 31 31 31 31 34 32 30 30 29 29 27 27 26 26 26 26 24 24 24 24 23 23 23 22 22 22 20 20 20 20 20 20 23 27 24 18 17 17 16 16 15 15 15 15 16 14 14 14 14 12 12 12 12 12 13 13
