invasiveSpecies/multiSpecies/data/worldclim_KE/worldclim_KE_2050_BC85_Bio4.asc
ncols         347
nrows         295
xllcorner     36.068012264173
yllcorner     0.13039239511974
cellsize      0.0083333333333333
NODATA_value  -9999
[rows 185 to 221 of 295, columns 168 to 251 of 347]
700 704 704 693 696 752 749 733 713 734 751 719 726 717 720 726 719 721 736 758 760 729 744 745 756 758 745 735 735 747 769 762 747 751 759 759 756 757 766 756 762 770 776 775 758 786 786 791 777 795 785 799 796 795 782 794 813 788 799 811 796 809 803 810 812 823 812 813 831 820 828 836 837 830 802 805 829 829 841 851 840 828 807 826
698 707 696 696 758 748 745 709 759 762 742 723 733 712 753 728 712 751 751 711 716 712 730 748 757 770 748 753 766 758 762 755 735 768 757 761 768 762 771 769 754 770 770 773 758 777 775 790 788 785 774 811 796 800 799 795 795 797 799 809 806 807 796 817 813 793 830 820 813 832 815 831 838 824 807 819 795 839 841 833 853 835 840 842
717 715 705 704 705 756 701 754 764 712 727 710 712 747 713 745 747 738 730 715 726 740 740 734 732 754 761 743 757 747 750 766 747 746 756 773 760 762 763 761 762 775 777 773 758 783 798 773 789 795 780 783 813 796 802 802 780 797 803 809 792 803 809 796 820 813 808 830 812 813 830 810 836 813 810 821 797 822 823 838 835 853 835 835
723 704 720 717 722 729 737 735 712 731 726 754 735 703 703 747 727 738 744 722 742 728 729 735 745 766 758 762 753 776 766 748 765 749 763 754 761 758 770 769 771 778 778 781 794 800 765 795 782 790 809 795 783 813 802 802 780 806 795 798 809 792 807 809 802 802 813 800 812 815 810 838 810 827 797 810 799 808 822 797 839 846 835 830
692 729 695 699 712 733 708 722 710 710 726 736 726 738 736 731 744 730 752 716 741 727 719 748 721 755 764 748 767 747 738 757 763 763 758 758 766 748 758 771 754 778 762 772 774 789 762 803 779 768 780 785 779 802 799 782 799 783 788 799 809 792 798 807 820 820 823 822 823 810 823 813 830 846 810 812 808 799 826 796 851 843 853 853
689 721 689 717 728 743 704 739 714 727 722 723 718 740 731 727 720 730 726 734 753 745 756 707 709 752 755 748 747 747 756 760 757 748 769 761 758 737 740 758 766 769 770 777 778 787 790 796 798 774 776 774 802 783 799 794 799 790 815 798 796 805 798 809 807 805 803 811 808 822 812 820 810 810 833 781 800 821 830 831 827 821 851 844
723 723 690 707 730 745 712 712 734 734 727 736 708 724 719 742 722 740 721 740 716 739 736 720 717 755 755 747 761 764 759 733 758 759 758 758 758 765 757 743 764 788 764 776 787 789 774 774 787 774 788 792 807 804 786 807 800 792 815 798 794 809 809 798 820 801 792 807 822 800 808 829 829 816 799 815 807 817 817 835 844 858 848 832
703 711 714 691 693 725 731 731 722 722 720 720 734 724 705 734 710 718 729 730 727 726 701 698 729 732 718 761 752 764 753 767 761 747 766 761 753 758 757 757 779 764 779 769 776 790 793 794 782 787 787 783 796 810 788 812 785 802 790 815 798 805 793 809 798 805 794 791 822 818 821 817 819 816 814 815 787 833 840 846 829 832 845 818
686 694 697 686 725 717 741 712 722 720 710 734 710 732 723 706 723 717 716 718 718 731 726 729 741 719 740 727 764 762 743 755 767 764 772 760 760 761 755 764 764 779 786 775 786 774 788 778 788 783 795 786 783 788 782 812 786 799 790 813 790 791 813 809 800 820 800 814 798 815 821 808 818 829 811 811 826 789 808 836 847 831 827 859
680 706 708 708 728 740 705 726 715 748 710 744 746 724 688 737 731 736 708 730 714 720 746 728 712 733 706 724 757 768 744 744 749 754 779 740 748 767 746 757 785 782 781 763 792 786 777 776 783 798 782 782 782 794 794 795 785 804 791 788 788 820 820 794 809 814 798 810 791 821 814 829 818 826 806 793 827 808 837 810 860 823 818 818
685 686 715 675 708 738 710 711 715 716 704 745 705 722 725 708 721 730 734 715 719 720 712 712 724 718 732 739 720 750 735 752 744 753 757 762 741 778 761 757 777 754 790 769 789 792 790 792 772 798 779 768 782 795 784 782 800 791 805 790 820 803 787 798 809 798 798 813 807 821 817 828 822 815 807 811 825 845 847 837 840 864 858 839
699 674 712 678 739 740 723 721 733 733 732 720 709 726 709 733 723 709 723 719 722 700 744 717 707 748 723 739 749 749 735 725 741 725 751 759 763 752 750 779 777 781 775 769 764 779 788 781 792 774 777 783 782 802 784 806 798 786 791 811 803 799 820 820 800 809 802 814 812 820 819 826 821 815 807 813 825 789 837 840 820 850 831 822
673 715 683 691 681 724 713 714 705 714 722 703 723 732 711 700 699 740 723 718 729 713 713 722 704 718 737 721 737 740 724 729 724 734 758 753 740 758 753 753 761 777 746 789 796 783 793 764 798 792 799 783 782 785 794 793 798 810 791 802 802 800 821 790 809 809 794 802 812 818 819 821 822 818 811 826 825 833 834 833 856 850 818 827
704 707 694 689 698 730 681 735 739 730 731 693 709 735 699 721 741 710 744 748 729 724 724 735 704 739 748 708 711 711 725 718 738 721 774 768 736 772 758 755 753 760 767 775 764 789 788 791 774 787 759 783 783 783 791 794 788 790 791 817 803 791 821 798 799 806 809 798 810 821 825 821 825 813 818 824 817 811 811 834 837 864 846 817
674 686 673 687 708 708 695 734 714 735 686 714 720 714 717 725 731 716 748 732 714 718 730 727 730 704 717 740 717 746 768 721 738 737 743 754 781 757 772 757 757 762 766 751 786 783 768 788 793 788 765 762 778 803 777 793 788 790 798 810 799 790 791 826 806 816 823 798 798 818 818 805 827 816 807 810 820 826 811 832 821 864 864 811
686 664 660 672 680 682 691 697 697 714 710 720 696 734 708 721 736 715 720 727 730 714 727 717 748 736 719 723 746 727 708 721 714 725 743 732 771 771 752 775 743 753 764 764 782 786 775 775 776 795 765 776 787 777 784 805 779 785 796 802 810 791 826 826 809 811 816 798 798 826 805 809 831 814 815 843 830 818 826 833 829 833 810 826
715 689 697 696 719 702 695 700 736 709 717 716 714 713 693 707 714 722 724 713 697 730 711 723 725 727 717 739 714 718 728 738 715 735 747 743 745 747 761 744 770 762 745 753 764 783 783 755 778 782 782 749 782 763 805 784 802 822 798 802 790 802 807 811 788 803 816 816 809 816 805 821 806 820 802 814 816 811 824 834 828 843 856 859
665 687 687 709 684 687 722 723 714 730 724 723 723 723 708 712 707 697 711 714 710 710 714 708 726 722 723 717 724 721 746 724 721 720 759 742 747 751 763 754 755 733 751 753 762 768 753 779 779 784 770 786 774 788 791 782 821 793 796 792 800 791 791 799 787 787 798 805 816 825 816 818 812 821 808 819 812 820 811 824 845 843 824 850
676 674 711 696 690 687 697 696 704 720 720 716 739 707 712 716 709 707 712 712 716 703 709 724 711 740 729 746 733 715 727 722 715 735 748 773 749 762 743 737 744 764 741 762 759 778 783 777 779 779 778 791 802 788 791 782 821 782 788 799 817 819 803 791 801 787 798 812 794 812 816 805 805 816 822 800 808 824 811 834 828 828 820 810
702 690 696 682 698 691 688 700 711 714 720 729 707 720 722 708 707 710 723 723 723 727 725 726 710 710 715 714 756 727 750 737 725 736 752 730 737 738 755 763 762 776 748 762 770 760 776 777 796 793 759 788 802 756 802 792 788 802 782 779 779 819 809 823 787 808 800 812 812 816 816 809 816 823 813 817 815 824 811 828 857 842 828 850
698 697 682 680 695 709 682 691 660 708 720 721 679 686 700 709 707 700 712 718 716 712 734 712 729 740 719 719 714 743 737 751 741 762 737 736 734 729 758 733 764 757 770 747 755 762 774 777 784 771 793 770 794 791 792 792 789 786 777 821 778 817 803 808 799 798 800 791 829 805 816 816 816 805 819 805 814 816 811 832 843 836 826 852
691 697 708 708 695 690 700 678 687 697 679 719 711 696 702 723 704 701 712 725 720 741 719 725 708 721 735 753 733 728 751 708 733 731 742 736 738 726 754 742 772 771 764 765 775 762 767 772 784 786 799 792 781 794 799 799 787 787 787 821 783 778 809 802 786 793 807 802 808 814 810 819 826 826 819 800 823 824 832 834 828 822 829 790
686 690 674 701 687 707 701 685 656 680 721 700 695 723 699 731 723 719 720 725 698 736 758 703 723 732 729 729 739 712 741 754 737 732 746 719 753 732 755 746 749 770 763 750 737 799 749 779 755 789 777 785 770 790 781 805 788 789 789 821 803 795 817 811 819 807 786 787 787 816 799 816 816 830 818 807 821 828 824 833 826 838 810 842
707 694 706 690 699 668 711 698 682 707 712 709 692 690 705 693 710 718 719 712 708 697 709 699 717 724 751 720 739 726 752 726 723 726 727 710 708 729 740 757 771 764 764 741 770 757 767 790 755 755 793 794 801 763 791 787 799 796 810 802 783 779 827 819 786 805 795 805 821 823 816 816 803 825 818 806 815 821 822 849 846 841 824 852
684 699 688 718 709 697 690 689 690 665 699 694 683 740 696 692 722 699 707 700 705 725 696 729 718 743 747 716 755 756 721 758 736 694 721 734 736 743 732 751 767 775 757 766 737 780 773 757 774 770 784 772 788 749 791 799 778 793 786 786 786 784 819 817 786 792 793 806 800 822 811 833 816 791 811 825 833 813 824 824 838 857 818 807
683 690 690 707 694 677 716 706 690 693 706 693 717 705 712 712 690 712 716 711 725 695 729 729 730 724 732 721 724 733 747 712 729 738 726 729 753 740 768 745 778 753 760 769 761 745 745 756 757 786 797 778 793 774 793 799 776 810 810 815 821 824 781 819 799 795 805 806 806 816 816 822 816 812 804 806 814 837 822 849 849 826 852 829
687 701 697 685 709 703 689 695 674 715 695 703 682 678 683 683 716 715 710 690 691 715 717 707 735 710 726 729 738 743 739 750 740 716 722 757 761 754 754 767 764 760 742 749 753 757 757 768 784 757 781 781 793 763 769 773 760 795 804 797 811 795 808 790 779 774 791 786 795 821 812 821 797 805 825 819 815 837 822 859 833 826 843 823
723 676 684 687 692 694 716 671 718 694 716 708 700 701 676 723 696 734 686 728 724 733 709 714 741 710 718 725 729 757 724 735 713 749 733 734 736 743 760 757 767 788 774 760 753 773 753 759 735 782 782 774 793 761 769 775 767 787 780 796 795 799 808 798 805 797 786 795 794 808 821 804 818 805 833 798 849 837 837 849 857 849 823 800
698 703 692 685 703 707 701 708 702 706 719 712 701 701 708 683 719 704 714 704 737 720 695 712 701 735 740 743 725 722 735 729 745 732 749 753 746 770 764 763 767 767 757 760 754 758 768 747 771 798 766 782 793 772 804 762 786 764 809 791 796 821 800 787 779 805 786 794 785 805 820 813 804 795 798 801 814 850 849 857 860 826 817 830
692 696 685 679 707 696 719 716 691 684 719 727 703 705 683 723 714 682 720 705 689 718 722 731 724 737 710 740 725 729 724 724 740 754 746 751 732 760 760 760 763 770 775 765 764 768 757 760 771 799 766 791 781 780 778 751 773 790 798 798 821 786 797 790 786 785 786 766 792 769 805 794 815 791 812 822 837 835 861 849 857 831 832 832
717 698 699 691 695 716 712 709 729 704 727 701 717 708 685 688 708 682 723 733 720 719 725 708 724 710 713 710 744 727 741 752 747 743 718 722 737 722 746 770 778 760 774 750 764 760 756 758 768 754 785 798 800 791 779 804 758 793 777 810 787 816 786 798 792 805 794 795 805 782 806 813 813 783 798 796 806 826 822 839 863 849 850 823
701 706 711 700 734 720 709 712 731 703 721 694 710 686 688 726 720 722 683 688 688 712 718 727 711 711 741 750 717 728 732 736 737 716 747 715 751 747 760 771 770 779 757 757 770 759 758 774 768 782 768 771 788 798 770 772 771 785 788 804 804 792 821 779 791 789 799 795 805 808 805 820 833 818 790 807 832 820 835 838 842 855 845 843
701 714 684 687 715 729 718 734 727 714 694 703 710 732 689 676 690 699 716 718 701 711 721 720 711 715 733 748 731 722 730 732 722 734 740 729 745 710 756 757 770 778 757 755 779 747 760 759 766 768 760 739 771 760 796 778 778 766 797 796 804 824 786 787 802 766 791 778 805 805 820 803 818 799 835 830 818 836 826 832 845 830 847 843
699 689 708 699 721 724 733 729 700 694 713 695 695 707 675 698 713 708 727 704 717 710 718 720 709 725 718 745 727 730 708 712 726 736 728 741 733 756 767 775 768 770 764 771 759 757 774 773 778 775 806 764 768 768 779 778 791 783 809 809 819 817 821 786 765 792 786 799 792 799 812 828 816 816 814 817 817 806 836 842 871 861 839 850
705 691 710 681 725 714 705 710 729 700 683 737 696 717 714 717 726 711 697 693 721 712 729 726 720 717 728 730 745 718 731 739 736 764 740 744 740 749 755 753 761 768 780 785 747 746 766 766 782 767 782 777 759 778 788 765 766 785 777 807 815 805 804 817 778 779 802 816 792 797 828 819 795 802 827 810 800 805 830 813 839 844 869 845
715 703 705 690 707 696 703 727 727 704 707 701 716 729 726 717 686 711 723 682 716 718 704 716 720 711 712 727 726 730 727 756 744 733 743 754 726 725 731 761 763 768 782 787 745 786 759 779 788 788 788 782 756 760 796 779 766 809 797 798 816 792 787 826 818 775 778 765 766 812 797 810 833 823 820 796 840 828 800 830 838 847 864 820
704 704 698 715 680 736 693 712 711 693 705 685 676 706 710 687 727 727 730 693 711 716 706 713 724 732 719 762 727 722 743 741 723 753 726 724 767 752 724 747 761 787 757 764 723 755 760 760 757 770 788 755 772 760 782 774 769 779 773 776 794 813 794 787 787 778 759 773 785 798 806 798 821 821 840 810 802 799 822 822 814 838 853 833
