invasiveSpecies/multiSpecies/data/worldclim_KE/worldclim_KE_2050_BC26_Bio12.asc
ncols         347
nrows         295
xllcorner     36.068012264173
yllcorner     0.13039239511974
cellsize      0.0083333333333333
NODATA_value  -9999
[rows 185 to 221 of 295, columns 168 to 251 of 347]
494 502 504 496 490 484 484 477 474 468 469 472 465 463 461 460 469 467 466 468 475 496 499 503 480 471 467 467 461 455 458 468 466 462 467 478 484 488 494 497 492 486 481 476 476 477 478 473 466 464 460 458 456 455 454 463 463 461 461 455 454 453 445 442 441 448 449 445 442 440 442 442 442 437 436 431 429 430 424 424 424 420 415 419
493 504 503 495 492 492 482 479 479 471 479 475 472 465 464 467 474 470 471 474 503 503 502 509 479 470 465 460 457 457 466 471 472 467 466 470 483 487 494 491 489 485 483 475 477 473 470 467 461 460 458 457 455 456 458 458 465 461 461 457 454 450 446 444 444 448 457 450 446 442 447 444 443 439 437 441 438 431 430 430 425 428 422 425
494 504 503 495 494 501 494 483 476 474 480 484 474 468 467 469 473 476 507 513 516 511 513 515 480 473 466 459 461 461 469 475 475 472 474 469 477 488 495 500 490 488 484 476 477 470 468 466 465 459 459 460 457 456 463 465 464 461 461 458 455 454 448 447 452 451 458 449 446 450 452 450 444 439 439 441 439 437 433 436 436 435 427 426
503 509 514 508 511 515 499 480 479 477 483 485 475 473 471 469 474 475 512 516 522 528 521 521 516 474 469 461 461 464 465 479 476 475 477 472 474 482 493 494 487 484 479 474 478 474 470 466 465 460 462 461 461 459 465 469 475 463 462 460 457 456 450 452 457 458 454 451 451 458 458 450 450 446 441 447 439 436 445 449 436 431 427 435
526 525 524 539 530 540 500 489 480 480 482 486 481 479 476 476 477 491 509 515 523 529 527 524 517 476 467 461 462 465 469 472 481 481 482 479 476 485 493 492 487 484 483 476 476 473 470 467 467 468 468 463 462 458 469 473 470 466 462 461 458 455 452 454 459 460 458 458 459 460 461 456 455 448 445 447 440 439 450 447 437 435 442 441
533 545 634 574 575 547 517 497 482 484 484 488 488 488 484 485 477 480 487 496 521 522 522 519 516 480 469 462 463 471 471 475 483 485 483 480 479 483 494 494 488 484 487 476 474 473 470 467 468 473 468 463 462 462 465 472 470 466 464 461 461 460 454 457 465 468 463 462 459 458 457 459 459 449 452 451 451 448 449 449 441 444 456 447
544 554 789 816 556 538 513 499 487 488 487 490 495 493 494 489 482 482 485 490 514 520 520 519 516 476 470 466 467 471 474 478 485 487 484 488 488 488 500 497 492 515 511 482 472 470 468 470 474 472 471 463 463 463 469 477 482 464 464 460 460 458 457 463 470 469 465 463 459 458 455 455 454 456 451 450 456 449 451 446 438 439 432 439
575 573 590 782 629 523 511 495 488 488 490 491 497 497 495 490 483 483 488 489 496 512 515 516 515 483 473 469 468 471 479 483 485 488 490 492 491 492 499 491 486 484 483 477 475 473 473 474 476 475 472 464 463 464 469 478 475 468 469 463 463 459 461 470 468 467 466 463 458 456 453 451 451 448 452 451 445 451 441 437 436 427 429 426
614 595 599 596 542 524 505 496 490 490 496 495 498 503 495 493 486 485 489 494 497 511 511 514 515 515 478 472 468 471 485 491 490 491 495 496 499 500 492 487 483 479 480 478 477 476 476 482 478 476 470 464 466 464 479 477 473 472 470 464 463 460 469 470 463 463 464 463 462 459 453 451 449 449 448 449 441 446 448 435 430 426 426 425
805 633 624 626 535 516 500 497 492 491 496 498 501 504 498 494 491 488 493 503 505 509 508 505 508 562 488 471 469 470 481 490 499 497 498 501 500 500 498 489 486 485 487 481 475 476 481 478 477 475 471 468 469 468 480 479 474 470 470 468 469 469 471 468 463 463 463 460 463 462 459 452 450 444 443 444 447 438 443 439 438 432 427 427
757 820 647 702 542 517 503 501 493 493 494 498 504 505 500 498 492 492 496 511 511 505 499 518 546 500 481 474 470 475 482 490 500 504 501 506 502 498 492 488 485 488 487 485 480 483 482 476 475 473 472 472 472 469 481 480 476 473 473 469 467 465 462 467 463 461 458 458 455 451 455 451 448 444 443 441 440 435 436 433 431 435 431 430
683 836 763 582 538 517 505 503 497 497 496 500 504 508 503 501 496 496 498 507 500 496 492 504 496 485 476 473 473 473 482 499 508 543 512 507 505 506 496 493 492 494 488 483 483 486 481 479 475 473 477 480 472 472 482 481 477 472 470 464 462 461 460 459 464 461 454 454 455 450 449 450 447 444 444 442 438 437 432 431 432 435 428 425
576 570 565 551 533 516 510 505 505 506 502 503 510 513 508 505 504 500 496 497 491 487 484 479 477 476 475 473 475 478 483 487 506 514 518 531 533 537 503 496 495 492 488 486 488 487 482 480 477 476 481 479 475 476 485 480 472 471 463 463 464 459 457 457 461 462 459 459 455 450 448 446 442 442 440 439 438 433 440 440 428 428 426 434
549 539 528 529 523 516 511 510 510 509 508 505 513 510 509 505 499 494 491 492 487 482 479 478 476 474 474 480 479 480 484 491 504 507 515 602 521 509 504 500 497 496 490 487 484 483 480 481 480 484 481 479 480 479 485 479 474 471 468 463 464 461 457 455 456 456 455 450 449 451 449 443 444 443 438 438 445 443 446 446 432 436 439 436
548 537 532 532 527 560 543 532 521 517 512 508 511 509 507 502 497 493 491 487 485 481 480 481 478 478 479 485 480 484 487 494 506 509 517 521 516 512 510 510 501 493 491 491 486 486 484 480 486 487 482 483 483 482 482 478 473 472 468 468 468 461 461 459 455 454 453 450 449 449 451 447 444 442 442 442 453 450 446 436 439 443 435 434
553 547 545 557 672 694 564 535 524 520 515 512 515 508 508 500 498 493 493 488 486 482 481 480 479 482 488 485 482 487 491 493 504 509 517 518 517 519 527 521 507 497 494 493 488 488 485 486 487 483 482 485 483 478 479 478 476 472 468 463 465 461 458 458 456 457 456 451 450 450 445 444 445 444 446 495 467 455 444 437 446 441 440 439
585 794 600 580 656 629 584 555 532 527 518 519 517 511 506 499 498 495 488 489 486 488 484 479 482 483 491 489 488 489 496 500 503 514 516 523 532 540 536 531 512 495 493 493 490 489 490 496 495 490 493 484 480 478 477 479 478 473 467 462 460 460 458 457 456 456 455 454 452 447 445 445 445 445 453 476 455 452 446 450 451 445 446 446
662 782 612 590 626 720 590 540 537 531 523 519 513 511 508 503 500 496 493 488 490 490 484 485 483 483 491 490 489 495 500 504 520 531 539 570 577 571 571 571 522 499 489 488 489 485 481 489 501 495 485 480 479 477 475 476 471 470 466 464 461 461 462 461 458 459 459 454 452 449 452 450 450 447 452 485 462 454 453 453 453 454 447 445
644 635 607 585 596 576 565 549 556 546 537 527 520 514 507 505 502 499 494 494 495 492 490 487 485 484 495 494 493 500 507 513 525 550 569 604 688 596 589 597 525 501 489 486 487 482 479 486 491 493 490 480 479 476 474 472 472 469 467 468 469 470 467 464 463 459 459 456 451 452 454 455 457 453 454 462 462 457 452 449 446 453 450 447
596 587 577 567 562 564 574 567 595 568 566 544 529 515 512 509 502 497 496 499 496 493 491 485 486 487 496 495 496 505 516 525 529 549 584 732 931 626 612 644 522 501 487 486 481 481 479 477 481 484 482 486 480 478 476 477 474 472 469 472 472 469 466 462 458 466 461 459 454 456 454 461 458 453 462 459 455 456 452 446 445 446 444 446
596 588 577 566 570 587 605 780 842 763 585 566 539 529 520 508 501 501 499 502 498 493 491 489 488 487 494 498 496 506 515 529 546 573 596 872 1033 989 611 608 517 507 493 484 483 479 478 476 476 478 478 481 478 476 475 480 475 475 477 476 472 471 466 465 469 467 461 460 460 456 466 469 459 459 464 456 455 452 452 446 443 441 440 439
602 586 574 574 600 631 792 859 891 882 604 583 561 539 538 510 508 506 511 507 499 496 492 490 493 491 496 503 500 504 518 528 567 586 606 900 1058 765 610 605 523 508 491 485 479 479 475 475 475 470 476 478 478 475 474 475 477 480 481 476 474 474 473 466 466 467 467 465 467 469 470 471 461 462 464 454 452 452 447 446 441 438 437 435
599 588 575 589 618 696 905 916 793 788 724 599 553 545 562 527 514 509 512 505 503 495 495 492 495 494 499 508 510 506 521 530 566 587 633 821 1024 878 586 569 527 507 495 485 481 481 478 475 475 471 471 470 474 470 470 470 474 479 479 474 474 473 470 470 470 473 476 472 472 470 468 467 458 457 464 455 453 453 448 444 440 438 440 439
598 584 569 590 629 861 915 920 893 674 805 829 575 554 546 528 521 515 507 504 497 501 500 501 494 496 499 505 510 512 519 527 560 640 647 787 933 778 593 539 522 507 492 478 479 476 475 475 475 477 476 469 468 467 467 467 467 473 472 473 473 473 470 468 472 477 473 468 460 460 457 459 454 453 465 462 456 455 448 446 446 448 448 439
598 574 568 585 630 661 908 921 934 865 643 599 574 558 550 542 526 516 512 505 508 503 501 503 497 498 500 505 513 513 523 528 557 738 865 793 751 618 565 532 518 503 490 484 482 479 479 479 478 480 477 474 466 466 467 465 464 468 468 469 470 472 472 472 476 481 473 469 466 460 458 455 450 448 460 461 453 449 451 449 449 447 441 433
596 566 556 573 595 748 910 921 932 943 706 583 566 560 548 536 529 520 520 509 514 508 500 506 502 500 507 506 518 521 526 533 549 663 834 742 704 564 542 521 508 496 487 481 482 484 484 486 481 484 478 474 466 465 466 466 463 462 464 466 466 468 467 468 474 472 475 469 469 469 470 466 451 444 456 456 455 451 447 446 448 440 439 439
586 569 555 563 590 619 891 923 937 917 594 576 563 549 540 530 522 521 527 519 519 530 508 509 508 504 505 509 513 518 525 531 553 615 650 594 581 554 523 506 494 488 482 481 478 484 487 484 477 482 473 468 467 465 465 463 463 461 461 459 466 462 461 461 470 469 474 468 463 459 462 460 454 444 453 456 448 454 448 447 444 442 437 435
578 562 552 543 572 596 691 828 922 770 615 572 548 541 534 523 519 516 517 515 517 513 511 505 506 505 501 504 510 514 517 534 539 569 571 547 545 527 506 491 486 484 485 480 480 476 490 491 479 474 474 471 466 465 465 466 463 468 460 459 459 466 460 459 465 462 467 472 469 466 459 459 449 444 442 448 443 445 443 447 446 440 440 427
573 557 547 541 558 567 587 643 726 685 576 553 536 528 524 517 514 508 510 509 512 512 513 500 500 500 496 500 506 509 513 520 531 538 562 523 510 505 497 488 486 482 480 480 475 475 483 488 480 477 473 466 466 466 469 466 467 465 463 460 460 458 460 457 465 458 463 477 477 477 489 473 456 447 440 443 439 438 446 445 436 442 434 445
572 556 542 536 531 545 557 570 608 576 547 530 527 515 513 510 506 505 503 504 508 514 505 501 497 496 494 496 504 504 509 521 528 533 523 512 506 505 508 486 481 479 474 474 474 473 478 488 481 476 473 473 470 474 472 467 466 464 463 463 459 457 455 454 455 455 458 483 498 647 582 478 460 447 444 438 444 446 446 447 444 442 443 447
575 554 541 535 528 527 525 551 545 526 516 514 508 510 504 504 501 503 496 497 500 502 499 498 493 489 490 492 498 504 515 531 542 523 517 506 532 523 528 483 478 474 473 472 473 471 475 479 478 480 488 480 490 487 485 470 471 469 466 464 464 459 458 457 452 459 467 461 511 561 550 492 473 447 449 449 448 449 449 458 456 455 451 448
580 551 545 532 526 523 520 516 518 514 510 506 503 500 501 498 496 497 492 493 494 495 498 491 493 490 487 486 494 505 517 562 559 569 580 517 541 523 494 479 473 472 469 470 470 467 466 471 475 488 587 628 523 506 524 480 475 471 465 464 465 464 462 460 458 468 469 462 461 458 484 481 470 451 449 450 452 462 464 462 461 461 454 443
580 562 543 529 524 521 517 513 508 507 501 499 491 492 495 492 492 494 490 485 489 488 489 488 490 488 485 480 494 507 539 578 593 561 543 559 611 520 483 478 475 471 467 467 471 463 464 470 473 481 517 961 689 540 503 480 474 472 470 472 465 458 458 453 468 472 471 475 473 465 469 467 462 452 464 465 465 466 464 467 465 462 459 448
576 558 538 530 523 521 513 511 506 504 499 494 491 486 491 490 483 495 489 481 481 481 483 481 486 486 477 480 488 509 520 521 523 530 533 596 636 529 490 482 476 476 468 464 465 463 463 470 470 484 502 1073 896 555 497 479 473 467 466 466 466 459 453 459 469 475 478 477 477 474 466 463 463 465 468 469 469 471 468 470 465 457 455 450
564 549 538 530 525 521 517 513 508 503 499 498 491 485 483 486 480 486 489 480 476 475 478 476 478 487 474 477 486 502 504 505 513 520 534 592 587 502 494 484 482 478 475 466 464 462 461 464 469 473 497 1013 876 551 497 475 470 471 464 465 462 463 471 474 502 496 480 478 477 473 473 468 468 468 470 470 470 472 471 473 478 466 458 457
566 555 541 533 525 522 518 515 520 517 516 506 495 484 482 480 476 485 494 479 470 470 473 471 476 488 469 473 483 501 498 503 515 531 549 553 536 509 496 490 486 479 476 467 468 461 460 460 463 469 489 945 568 537 500 480 471 465 462 460 459 466 466 487 500 483 483 485 476 470 474 474 471 471 471 471 473 475 479 477 479 472 462 456
585 568 562 540 531 526 522 525 545 564 538 526 502 490 485 477 475 472 479 477 479 468 467 469 469 466 467 474 481 490 500 512 531 571 653 647 596 515 510 500 492 482 480 469 466 464 458 459 459 462 475 543 642 527 506 482 470 467 463 466 468 472 468 538 481 483 486 488 477 476 481 477 475 475 477 479 480 485 485 485 483 479 462 458
