invasiveSpecies/multiSpecies/data/worldclim_KE/worldclim_KE_2050_BC85_Bio6.asc
ncols         347
nrows         295
xllcorner     36.068012264173
yllcorner     0.13039239511974
cellsize      0.0083333333333333
NODATA_value  -9999
[rows 148 to 184 of 295, columns 168 to 251 of 347]
168 169 169 170 170 171 172 172 172 173 173 172 173 174 174 172 172 169 169 170 170 176 177 176 174 173 171 173 176 176 177 177 177 176 176 176 176 178 178 177 179 179 180 181 182 174 174 173 175 175 176 176 175 175 175 177 177 180 181 181 181 181 180 181 181 181 182 182 183 180 179 179 179 180 180 181 181 185 187 188 191 191 193 193
168 168 169 170 171 171 172 172 173 173 174 174 174 175 173 171 170 167 169 169 171 176 176 176 174 174 172 173 175 175 176 177 176 176 176 176 176 177 179 178 177 178 179 178 180 175 175 174 175 175 175 175 175 174 174 175 175 180 180 181 181 180 180 180 181 182 182 182 182 181 179 179 178 179 180 181 181 186 187 181 191 191 192 193
168 168 169 170 171 172 172 173 173 173 173 173 173 173 173 171 171 169 169 169 176 176 176 175 173 173 171 173 175 175 176 176 176 175 175 175 176 176 177 177 176 178 177 180 182 176 175 173 174 175 175 175 173 173 174 175 178 181 181 180 180 179 180 180 181 181 181 181 182 181 180 179 178 179 179 179 184 180 180 185 189 190 191 192
168 169 169 170 171 172 172 172 172 173 172 172 172 172 172 170 170 172 173 170 176 176 175 174 172 173 172 171 174 175 176 176 176 176 175 175 176 176 176 177 177 178 177 179 182 181 176 174 174 174 175 174 174 174 175 177 178 179 180 179 179 180 179 179 180 181 179 180 181 181 181 179 178 178 179 180 179 179 180 186 189 190 192 192
169 169 170 171 171 171 171 171 172 173 172 171 172 171 170 170 171 172 173 174 175 175 174 173 173 173 172 173 174 175 176 176 176 175 174 175 175 176 176 176 176 178 179 179 181 181 179 173 174 174 174 174 173 174 174 177 178 179 179 180 180 178 178 180 179 179 179 180 180 180 180 180 179 178 178 178 179 180 185 189 189 190 191 192
169 170 170 171 171 171 171 171 172 172 172 171 172 171 170 169 170 171 172 174 174 175 173 172 171 172 171 173 174 175 175 176 176 174 174 174 175 175 176 177 177 178 180 181 181 181 173 174 173 173 174 174 172 172 174 176 178 179 179 178 178 179 179 179 178 177 179 180 180 179 179 179 178 178 178 178 178 184 187 188 189 191 191 190
169 169 170 170 170 170 171 171 172 172 172 171 172 171 170 169 171 171 172 174 174 175 173 171 172 171 171 172 173 175 175 175 175 174 174 174 175 175 177 177 177 178 180 179 181 175 173 172 172 173 173 174 172 172 173 177 178 178 178 178 178 177 178 179 179 178 179 179 179 178 178 177 177 177 178 178 178 186 187 188 190 190 191 191
169 168 169 170 170 171 171 171 172 171 171 171 171 171 170 169 170 171 172 173 175 174 173 171 170 171 172 171 174 174 175 175 175 174 173 175 175 176 177 179 179 179 179 181 175 172 172 172 172 172 173 174 172 172 173 177 178 178 178 178 177 177 178 178 178 177 178 179 177 177 177 177 177 177 177 178 183 186 188 188 189 189 190 191
167 167 167 169 170 170 170 171 172 171 170 171 171 171 170 169 170 170 171 172 173 173 174 173 170 170 170 171 172 173 174 174 175 174 173 174 175 176 178 179 180 180 180 171 171 171 172 171 171 171 173 172 172 172 173 176 178 178 177 177 176 176 176 177 177 176 177 175 177 176 175 176 176 177 177 178 185 187 188 188 189 190 189 190
167 167 169 168 170 168 170 171 171 171 170 170 170 170 169 169 170 170 171 172 173 173 173 171 169 170 170 171 173 174 174 174 174 174 173 171 174 176 176 179 178 179 176 170 171 171 171 171 171 171 171 173 173 173 173 173 175 178 177 176 176 173 174 175 175 174 173 173 173 175 174 176 176 178 182 184 186 187 188 188 189 189 190 190
167 167 169 169 168 170 169 170 171 171 170 170 170 169 169 169 170 171 172 172 173 173 172 171 170 169 170 172 171 172 173 174 174 174 173 173 174 175 176 178 179 171 170 170 170 171 170 170 170 170 170 171 172 172 171 172 174 177 177 176 173 172 172 174 171 171 171 172 172 173 175 180 181 182 184 184 186 187 187 188 188 188 189 190
166 168 167 167 168 169 169 170 170 170 169 169 169 169 169 170 170 171 172 171 172 172 172 171 170 169 170 172 173 171 173 172 173 173 172 174 175 175 177 179 179 169 169 170 170 170 170 170 170 170 170 170 170 172 172 172 174 176 177 176 174 172 171 171 172 171 172 172 173 174 175 176 181 184 184 184 186 186 187 188 188 188 188 189
166 166 167 167 167 168 169 169 169 169 169 169 170 170 170 170 171 171 172 171 171 172 172 170 169 169 170 171 172 171 171 172 172 172 172 173 176 176 178 178 171 169 169 169 169 169 168 169 169 169 169 169 170 170 171 171 173 176 176 175 172 172 172 172 172 172 172 173 173 175 176 178 177 177 183 184 186 187 187 188 188 188 189 188
166 166 166 167 167 169 169 169 169 169 168 168 170 170 170 171 171 171 171 170 171 171 171 171 169 169 170 171 171 171 171 171 171 171 171 170 170 178 178 168 168 168 169 169 169 168 168 168 168 169 168 169 169 170 170 171 174 176 176 174 172 172 172 172 172 171 172 173 175 174 176 179 182 182 183 184 186 187 187 187 187 188 188 189
166 166 167 167 168 168 168 168 169 168 169 168 170 170 170 170 171 171 170 170 170 171 171 171 169 169 170 171 171 171 170 170 170 170 170 169 167 178 168 168 166 167 167 169 168 168 168 167 167 165 167 168 169 169 170 171 175 175 176 173 172 172 172 172 173 173 173 173 175 174 176 181 178 181 183 184 186 187 187 187 187 188 188 189
165 166 166 167 167 169 167 167 167 168 169 169 168 170 170 170 171 170 170 169 170 171 171 170 170 170 170 171 171 172 171 170 170 170 169 169 167 177 175 167 166 166 167 169 168 168 168 167 167 166 167 168 169 169 170 174 175 175 176 174 172 172 172 173 173 173 174 175 175 174 177 178 178 179 178 185 186 186 187 187 187 187 188 188
165 166 166 167 167 167 167 168 166 168 169 168 168 170 169 171 170 170 170 169 170 170 170 170 170 170 171 171 171 172 171 172 172 170 169 171 175 177 177 169 167 167 168 167 167 168 168 167 166 165 167 168 168 169 170 170 175 175 175 175 174 173 172 173 174 175 177 178 177 179 178 177 178 178 183 186 186 186 186 186 187 187 188 188
165 166 166 166 167 167 166 166 166 167 168 169 168 170 170 170 170 169 170 169 170 170 170 170 170 170 171 172 171 172 172 172 172 171 171 172 172 177 177 168 168 168 167 167 169 169 169 168 166 166 167 168 169 169 170 175 175 175 175 175 174 172 172 173 174 175 175 175 175 177 176 182 178 183 184 184 186 186 186 186 187 187 188 188
165 165 166 166 166 167 166 166 166 167 167 168 168 170 169 170 170 169 169 169 171 171 171 171 170 171 171 172 172 173 173 174 174 173 174 167 171 177 177 168 168 167 168 168 169 169 169 169 168 167 168 168 169 169 173 175 176 176 176 174 174 173 173 174 174 178 175 175 177 177 178 182 183 184 185 184 185 185 185 186 186 187 187 187
164 165 166 166 166 166 166 166 166 167 167 167 169 169 169 169 169 169 169 169 171 171 172 172 171 172 172 173 173 173 175 174 174 175 175 175 175 176 176 167 167 168 168 169 169 170 169 169 170 168 169 169 169 169 174 175 176 176 173 173 174 174 174 174 175 178 179 178 176 177 183 183 183 183 183 184 183 184 185 185 186 186 187 187
163 164 165 165 166 166 165 166 166 166 166 167 168 168 168 169 169 170 170 171 171 171 172 172 172 172 173 173 173 174 175 174 173 174 176 176 176 175 175 167 166 167 167 169 170 170 171 171 172 172 169 169 169 170 175 175 176 177 177 175 177 177 174 175 175 180 179 180 182 182 182 183 182 182 182 182 182 183 184 185 186 186 187 187
163 164 164 165 166 166 165 166 166 166 166 167 169 168 170 169 170 170 171 171 171 172 172 173 172 173 173 173 173 173 174 174 174 174 176 176 176 167 167 166 166 167 168 170 171 170 171 172 172 173 173 172 169 174 175 176 176 177 177 177 177 178 178 178 179 179 181 181 181 181 182 182 182 182 181 182 183 183 183 185 185 186 187 187
162 163 164 164 165 165 165 166 166 166 166 167 168 168 170 169 171 171 170 171 172 173 173 173 173 173 173 172 172 173 174 175 174 174 176 174 174 171 167 167 167 167 169 170 171 171 172 172 173 173 173 173 174 175 175 175 176 176 177 177 177 178 178 178 178 180 180 179 179 181 180 181 182 181 181 181 182 183 183 184 185 186 187 187
161 162 164 164 165 165 165 166 167 167 166 167 168 168 168 169 171 170 171 171 172 173 173 173 172 172 172 172 172 173 173 172 173 173 173 174 175 174 167 167 167 167 167 170 171 172 172 172 173 173 173 174 174 176 174 175 176 176 176 177 177 177 177 178 178 179 178 178 180 180 180 181 181 181 180 181 182 182 183 185 185 186 186 187
159 162 163 165 165 166 166 167 167 168 168 168 168 169 169 169 171 170 171 172 172 173 173 173 171 172 171 171 172 173 173 171 172 172 172 173 174 172 171 167 167 169 169 171 170 171 171 172 173 173 173 174 174 174 174 174 175 176 176 176 176 177 177 177 178 179 178 179 179 179 180 180 180 180 180 181 181 181 182 184 185 186 186 186
160 162 164 165 166 166 166 167 167 168 169 169 168 169 171 171 171 170 170 172 173 173 173 172 171 171 171 172 172 173 173 172 172 172 171 172 174 174 172 171 171 169 169 171 170 171 172 172 172 173 173 174 174 174 175 174 174 175 176 176 176 176 177 177 177 178 177 177 179 179 180 179 179 180 180 181 182 182 182 183 185 186 186 186
158 163 164 165 166 167 167 167 168 168 168 169 169 169 170 170 172 172 172 172 173 173 172 171 170 170 170 172 173 173 172 171 171 170 170 171 172 173 172 172 170 169 169 169 171 171 172 172 172 173 173 173 173 173 173 173 175 175 174 175 176 176 177 176 177 177 177 178 178 177 178 178 179 180 180 181 182 183 183 184 185 185 186 186
162 164 165 165 165 167 167 168 168 169 169 169 171 170 170 170 172 172 171 172 173 172 172 171 169 170 171 171 172 172 172 171 170 167 170 170 171 172 172 172 171 170 170 169 171 170 172 172 172 172 173 173 173 173 173 173 174 175 175 175 176 176 176 176 176 177 177 177 178 177 178 178 179 179 180 181 182 183 185 184 185 185 186 185
158 165 166 166 166 167 167 168 169 169 170 170 170 170 171 171 170 172 171 171 171 171 171 170 169 170 170 171 172 172 172 171 170 167 166 169 170 171 173 171 170 170 169 170 171 171 170 170 172 172 172 173 172 173 173 174 173 173 175 175 175 176 176 176 176 176 176 176 177 177 178 178 179 180 181 182 182 183 185 184 185 185 185 185
163 167 167 168 167 167 168 169 169 169 169 169 170 170 170 171 170 172 172 172 172 170 170 170 169 169 170 171 171 172 172 171 169 166 166 168 170 171 171 170 170 169 168 169 169 170 171 171 171 171 172 172 172 173 173 174 174 174 175 176 176 176 176 176 176 176 176 176 177 178 179 179 180 180 181 182 182 183 183 183 183 184 185 185
167 167 167 168 168 168 168 169 169 169 168 169 169 169 169 170 170 171 171 171 171 169 169 168 168 169 170 171 171 172 172 171 170 166 165 167 169 170 169 170 169 169 168 168 169 169 170 171 171 171 172 172 173 173 174 174 174 174 175 176 175 177 177 177 177 177 177 177 177 178 180 180 180 181 182 182 183 183 184 182 183 184 185 185
167 166 167 168 168 168 169 168 169 168 169 169 169 168 169 170 171 171 169 170 170 171 168 168 167 168 170 170 171 171 171 170 169 165 164 166 169 169 168 169 169 169 168 167 168 169 171 171 170 172 172 172 173 173 174 174 175 175 176 176 175 177 177 177 177 178 178 178 177 178 178 179 180 181 182 183 182 182 181 181 183 183 184 185
165 166 165 166 167 168 168 168 167 168 169 169 168 169 169 170 170 170 169 170 170 168 168 167 167 169 169 170 171 171 171 171 169 168 167 168 169 168 166 168 168 168 168 168 168 170 170 171 172 172 172 173 173 174 174 174 174 175 176 176 176 176 176 177 178 178 178 178 178 178 179 179 181 181 181 181 181 181 181 180 181 182 185 185
166 164 164 166 166 167 167 167 167 168 168 168 168 168 169 169 170 169 169 169 169 166 167 167 167 168 168 170 169 170 171 171 170 169 167 167 168 168 167 167 168 168 168 167 170 169 170 171 172 172 172 173 173 174 174 174 174 175 175 175 176 175 176 177 177 177 178 178 178 179 180 180 181 180 180 181 180 180 180 181 181 182 184 185
164 163 164 164 164 165 167 166 167 168 168 167 167 168 169 169 169 168 168 169 168 165 165 167 167 167 169 168 170 169 171 170 170 169 168 167 168 167 166 166 167 167 168 167 168 168 170 171 172 172 172 173 173 173 174 174 174 174 174 174 175 175 176 177 177 177 178 178 178 180 179 180 180 180 179 180 180 180 181 181 182 182 184 184
165 164 163 163 163 163 166 166 167 168 168 167 168 168 169 169 169 168 168 169 168 165 164 166 166 167 169 168 169 169 170 170 168 169 168 167 167 167 166 165 167 167 167 168 168 169 170 170 171 172 172 173 173 174 174 173 173 173 173 174 175 175 176 176 177 177 177 177 177 178 178 178 179 179 179 179 180 181 181 181 182 182 184 184
164 163 163 163 164 164 165 167 167 168 167 167 168 168 168 169 168 167 168 168 168 166 164 164 167 167 167 168 168 170 170 169 169 169 168 167 166 167 166 166 167 167 168 168 168 167 168 171 170 171 172 173 173 173 173 173 172 173 174 175 174 174 176 176 177 177 176 177 177 177 178 177 178 179 179 179 180 180 181 181 182 183 182 183
