invasiveSpecies/multiSpecies/data/worldclim_KE/worldclim_KE_2050_BC85_Bio12.asc
ncols         347
nrows         295
xllcorner     36.068012264173
yllcorner     0.13039239511974
cellsize      0.0083333333333333
NODATA_value  -9999
[rows 74 to 110 of 295, columns 168 to 251 of 347]
-9999 -9999 -9999 -9999 -9999 -9999 -9999 -9999 -9999 -9999 -9999 -9999 -9999 -9999 -9999 -9999 -9999 -9999 -9999 -9999 -9999 -9999 -9999 -9999 -9999 -9999 -9999 -9999 -9999 -9999 416 416 417 417 420 418 418 416 414 411 411 414 416 413 411 410 409 403 403 403 403 404 402 403 404 404 403 404 403 404 402 402 401 402 404 400 400 400 400 400 399 399 401 401 403 403 404 404 399 399 400 401 398 398
-9999 -9999 -9999 -9999 -9999 -9999 -9999 -9999 -9999 -9999 -9999 -9999 -9999 -9999 -9999 -9999 -9999 -9999 -9999 -9999 -9999 -9999 -9999 -9999 -9999 -9999 -9999 -9999 -9999 414 415 416 413 408 416 417 412 412 411 409 409 411 415 410 407 410 405 402 403 402 402 401 402 400 402 403 403 402 401 402 402 402 402 402 402 401 401 401 401 401 399 399 400 401 402 402 403 400 399 399 399 400 401 398
-9999 -9999 -9999 -9999 -9999 -9999 -9999 -9999 -9999 -9999 -9999 -9999 -9999 -9999 -9999 -9999 -9999 -9999 -9999 -9999 -9999 -9999 -9999 -9999 -9999 -9999 -9999 -9999 -9999 416 414 413 407 408 413 411 411 410 410 406 406 409 410 404 406 403 402 402 403 402 402 401 400 400 401 401 402 402 402 402 402 402 402 402 401 401 401 401 400 400 399 399 399 400 402 402 400 399 399 399 399 399 399 400
-9999 -9999 -9999 -9999 -9999 -9999 -9999 -9999 -9999 -9999 -9999 -9999 -9999 -9999 -9999 -9999 -9999 -9999 -9999 -9999 -9999 -9999 -9999 -9999 -9999 -9999 -9999 -9999 -9999 425 418 413 406 405 407 408 410 410 406 406 403 403 400 401 403 403 403 403 402 402 401 401 400 400 401 401 400 399 400 402 402 402 402 402 401 401 401 400 400 400 401 401 400 400 402 402 399 399 399 399 399 399 399 399
-9999 -9999 -9999 -9999 -9999 -9999 -9999 -9999 -9999 -9999 -9999 -9999 -9999 -9999 -9999 -9999 -9999 -9999 -9999 -9999 -9999 -9999 -9999 -9999 -9999 -9999 -9999 -9999 428 428 419 409 405 404 404 406 404 405 404 401 402 401 401 401 403 403 403 402 402 402 401 401 400 400 400 400 400 399 400 400 402 400 402 401 401 401 400 400 400 400 401 400 400 400 402 400 399 399 399 399 399 399 399 399
-9999 -9999 -9999 -9999 -9999 -9999 -9999 -9999 -9999 -9999 -9999 -9999 -9999 -9999 -9999 -9999 -9999 -9999 -9999 -9999 -9999 -9999 -9999 -9999 -9999 -9999 -9999 -9999 429 427 415 405 404 404 402 401 399 399 401 401 400 401 401 401 403 403 403 402 402 403 401 401 400 400 400 400 399 399 400 400 400 400 400 399 401 400 400 400 401 401 401 401 401 400 400 399 399 399 399 399 399 399 399 399
-9999 -9999 -9999 -9999 -9999 -9999 -9999 -9999 -9999 -9999 -9999 -9999 -9999 -9999 -9999 -9999 -9999 -9999 -9999 -9999 -9999 -9999 -9999 -9999 -9999 -9999 -9999 423 423 418 404 402 401 401 400 399 399 399 399 399 399 400 400 400 403 403 402 402 402 401 401 400 400 400 401 400 400 400 400 400 400 400 399 397 399 400 399 401 401 401 401 401 401 400 400 399 399 399 399 399 399 399 399 399
-9999 -9999 -9999 -9999 -9999 -9999 -9999 -9999 -9999 -9999 -9999 -9999 -9999 -9999 -9999 -9999 -9999 -9999 -9999 -9999 -9999 -9999 -9999 -9999 -9999 -9999 -9999 417 416 415 400 400 400 399 399 400 400 400 400 400 401 399 400 401 402 402 402 403 403 401 401 402 400 400 403 401 402 402 402 402 402 402 398 398 399 399 399 401 401 401 401 401 400 400 404 400 399 399 399 399 399 399 399 399
-9999 -9999 -9999 -9999 -9999 -9999 -9999 -9999 -9999 -9999 -9999 -9999 -9999 -9999 -9999 -9999 -9999 -9999 -9999 -9999 -9999 -9999 -9999 -9999 -9999 -9999 -9999 397 396 397 398 398 398 398 400 400 400 400 400 399 400 400 401 401 402 401 401 403 401 401 401 401 400 400 404 404 402 402 402 402 402 401 398 398 399 400 400 401 400 400 400 401 401 400 400 398 398 398 397 397 397 399 399 399
-9999 -9999 -9999 -9999 -9999 -9999 -9999 -9999 -9999 -9999 -9999 -9999 -9999 -9999 -9999 -9999 -9999 -9999 -9999 -9999 -9999 -9999 -9999 -9999 -9999 -9999 394 394 396 397 398 398 398 401 402 400 400 400 400 400 400 400 401 401 401 401 401 402 400 401 401 400 401 401 404 403 402 402 402 402 401 399 399 399 400 400 400 400 400 400 400 400 399 399 398 398 398 398 397 397 397 397 396 396
-9999 -9999 -9999 -9999 -9999 -9999 -9999 -9999 -9999 -9999 -9999 -9999 -9999 -9999 -9999 -9999 -9999 -9999 -9999 -9999 -9999 -9999 -9999 -9999 -9999 -9999 395 394 397 398 398 398 399 401 402 402 402 400 400 400 400 400 400 400 401 401 402 402 400 401 401 400 402 402 405 403 403 403 402 401 401 399 398 399 400 400 400 400 400 400 400 400 399 399 400 398 398 399 398 397 398 397 398 396
-9999 -9999 -9999 -9999 -9999 -9999 -9999 -9999 -9999 -9999 -9999 -9999 -9999 -9999 -9999 -9999 -9999 -9999 -9999 -9999 -9999 -9999 -9999 -9999 -9999 -9999 395 398 398 399 398 399 399 401 402 402 402 400 401 401 400 400 400 400 401 402 402 400 400 401 401 403 402 402 405 403 403 402 401 401 401 398 399 399 400 400 400 400 400 400 400 400 399 399 400 398 398 398 398 397 399 399 397 397
-9999 -9999 -9999 -9999 -9999 -9999 -9999 -9999 -9999 -9999 -9999 -9999 -9999 -9999 -9999 -9999 -9999 -9999 -9999 -9999 -9999 -9999 -9999 -9999 -9999 395 397 398 398 399 399 399 401 400 402 402 402 403 401 401 400 400 400 401 402 402 402 400 400 400 401 403 401 402 403 403 403 401 401 401 399 399 399 399 400 400 400 400 400 400 400 400 399 398 400 398 398 398 398 398 398 396 397 397
-9999 -9999 -9999 -9999 -9999 -9999 -9999 -9999 -9999 -9999 -9999 -9999 -9999 -9999 -9999 -9999 -9999 -9999 -9999 -9999 -9999 -9999 -9999 -9999 396 399 398 398 398 398 400 399 401 400 402 402 403 403 403 401 400 400 399 400 402 402 402 400 400 401 401 403 402 402 405 402 403 401 400 401 398 399 399 399 400 400 400 400 400 400 400 399 399 398 398 399 398 399 399 398 397 398 397 397
-9999 -9999 -9999 -9999 -9999 -9999 -9999 -9999 -9999 -9999 -9999 -9999 -9999 -9999 -9999 -9999 -9999 -9999 -9999 -9999 -9999 -9999 -9999 395 398 399 399 399 398 399 400 399 399 400 402 403 403 403 403 403 400 400 401 401 402 402 402 403 401 401 401 403 402 401 402 404 401 399 399 397 397 398 397 399 398 399 400 400 400 399 399 399 398 398 398 399 399 399 399 398 398 398 398 398
-9999 -9999 -9999 -9999 -9999 -9999 -9999 -9999 -9999 -9999 -9999 -9999 -9999 -9999 -9999 -9999 -9999 -9999 -9999 -9999 395 394 395 396 398 399 399 399 400 399 399 398 397 400 402 403 403 403 403 403 400 400 400 401 402 402 402 401 401 402 402 401 400 401 401 401 401 400 400 397 397 397 397 397 398 398 398 400 400 400 399 398 398 398 399 399 399 399 399 398 398 398 398 398
-9999 -9999 -9999 -9999 -9999 -9999 -9999 -9999 -9999 -9999 -9999 -9999 -9999 -9999 -9999 -9999 393 393 394 417 416 394 396 397 399 399 399 400 400 400 400 398 399 401 403 402 403 403 403 403 404 400 401 401 402 403 403 401 401 401 401 401 400 400 407 402 401 400 401 399 397 397 397 397 398 398 398 399 400 399 397 396 399 399 401 399 399 399 399 398 398 398 398 398
-9999 -9999 -9999 -9999 -9999 -9999 -9999 -9999 -9999 -9999 -9999 -9999 -9999 -9999 -9999 -9999 395 397 408 468 470 402 399 399 403 403 402 402 402 402 402 402 398 400 403 403 404 404 405 405 404 403 405 405 404 404 405 404 422 425 403 403 402 401 401 402 402 402 400 398 397 397 397 397 399 399 399 399 399 398 396 397 397 397 398 398 398 397 398 397 397 397 398 397
-9999 -9999 -9999 -9999 -9999 -9999 -9999 -9999 -9999 -9999 -9999 -9999 -9999 -9999 -9999 -9999 395 397 398 427 499 404 400 400 403 403 403 402 402 402 402 400 400 399 403 403 403 404 405 405 404 406 405 406 407 407 408 410 427 414 402 402 401 402 402 402 402 402 400 399 398 397 397 397 399 399 399 400 398 399 397 397 397 397 398 398 398 397 397 397 397 397 397 396
-9999 -9999 -9999 -9999 -9999 -9999 -9999 -9999 -9999 -9999 -9999 -9999 -9999 -9999 -9999 -9999 395 397 399 411 526 432 402 401 403 403 403 402 402 402 403 403 400 399 402 403 403 405 405 405 404 406 407 407 407 407 409 409 410 406 401 401 401 401 402 402 402 402 400 398 398 398 397 397 399 399 399 400 399 399 397 397 397 396 398 398 398 397 397 397 397 397 396 396
-9999 -9999 -9999 -9999 -9999 -9999 -9999 -9999 -9999 -9999 -9999 -9999 -9999 -9999 -9999 -9999 395 399 399 400 401 401 402 403 403 403 403 403 402 402 403 400 400 400 404 405 404 405 406 405 407 408 408 407 407 410 411 413 408 405 401 401 402 401 402 402 402 400 400 398 398 398 397 397 399 399 400 399 399 397 397 397 397 397 398 398 397 397 397 397 397 397 396 396
-9999 -9999 -9999 -9999 -9999 -9999 -9999 -9999 -9999 -9999 -9999 -9999 -9999 -9999 -9999 -9999 399 399 400 401 401 401 402 403 403 403 403 403 403 403 401 401 402 401 405 406 405 405 406 405 408 408 408 407 408 411 414 415 412 405 400 403 403 402 403 403 402 400 401 399 398 398 398 398 400 400 400 399 397 397 397 397 397 397 399 398 397 397 397 397 397 397 396 396
-9999 -9999 -9999 -9999 -9999 -9999 -9999 -9999 -9999 -9999 -9999 -9999 -9999 -9999 -9999 -9999 399 400 401 401 401 401 403 403 403 403 403 403 404 404 403 401 402 401 405 406 406 406 404 406 408 408 408 407 410 414 416 416 413 409 404 404 403 402 403 405 404 405 403 398 401 400 399 398 400 400 399 399 397 397 397 397 397 397 398 397 397 397 397 397 395 396 396 396
-9999 -9999 -9999 -9999 -9999 -9999 -9999 -9999 -9999 -9999 -9999 -9999 -9999 -9999 -9999 -9999 399 401 401 401 401 402 402 403 404 403 403 404 404 404 404 401 402 403 406 406 406 406 405 405 405 408 408 407 411 416 417 415 413 409 404 406 403 405 405 404 405 405 407 408 405 404 400 399 400 400 399 399 397 397 397 397 397 396 396 397 396 396 396 396 395 395 395 394
-9999 -9999 -9999 -9999 -9999 -9999 -9999 -9999 -9999 -9999 -9999 -9999 -9999 -9999 -9999 -9999 402 401 401 401 403 402 402 403 404 403 404 404 404 405 403 401 405 404 406 406 406 406 406 406 405 405 411 411 412 415 415 411 409 408 408 408 408 406 406 411 409 408 414 413 408 406 406 400 405 402 401 400 396 396 396 396 396 395 396 396 396 396 396 396 395 395 395 394
-9999 -9999 -9999 -9999 -9999 -9999 -9999 -9999 -9999 -9999 -9999 -9999 -9999 -9999 -9999 -9999 403 403 402 402 402 402 402 403 404 404 404 404 404 405 404 404 405 402 406 406 406 406 406 406 406 405 415 415 416 414 413 412 416 415 409 408 408 409 410 411 412 415 416 418 418 416 407 407 410 406 405 400 397 397 399 399 397 394 395 395 395 395 395 394 394 393 393 393
-9999 -9999 -9999 -9999 -9999 -9999 -9999 -9999 -9999 -9999 -9999 -9999 -9999 -9999 -9999 -9999 -9999 403 402 403 402 402 403 403 406 402 404 404 405 403 403 404 404 405 406 406 407 406 406 406 406 419 419 419 417 413 414 416 416 417 412 412 412 411 412 415 415 419 418 420 419 419 417 411 412 410 405 409 405 400 402 401 397 393 395 395 395 395 394 394 394 393 393 392
-9999 -9999 -9999 -9999 -9999 -9999 -9999 -9999 -9999 -9999 -9999 -9999 -9999 -9999 -9999 -9999 405 405 405 406 406 405 406 405 404 405 407 406 407 406 406 406 406 406 407 407 406 406 406 406 406 427 422 421 417 417 418 420 420 420 420 414 416 414 417 419 421 425 427 430 430 423 421 420 416 414 414 409 407 404 402 401 395 394 396 396 395 394 394 394 393 393 392 391
-9999 -9999 -9999 -9999 -9999 -9999 -9999 -9999 -9999 -9999 -9999 -9999 -9999 -9999 406 405 405 406 405 405 404 404 405 405 406 404 406 407 407 406 406 406 406 407 409 408 406 406 406 406 407 430 429 424 421 420 421 422 422 422 421 417 417 416 417 420 422 425 427 430 430 430 423 422 421 418 417 411 408 406 403 401 399 396 395 397 397 393 393 392 392 392 391 391
-9999 -9999 -9999 -9999 -9999 -9999 -9999 -9999 -9999 -9999 -9999 -9999 405 406 419 418 404 405 405 405 404 404 404 405 407 408 407 407 407 406 407 406 408 407 407 405 407 406 406 407 407 421 436 428 430 427 427 427 427 426 423 418 419 418 418 421 425 428 428 436 441 432 431 427 422 418 417 414 413 404 402 401 399 401 399 397 398 402 395 392 391 391 391 391
-9999 -9999 -9999 -9999 -9999 -9999 -9999 -9999 -9999 -9999 -9999 -9999 419 426 404 404 403 403 404 405 405 406 405 409 407 407 407 407 406 459 418 460 415 408 407 406 405 406 406 407 407 424 429 435 436 432 430 429 429 428 427 420 420 421 422 423 425 432 436 441 447 438 433 431 424 418 416 413 410 408 403 403 402 403 406 403 402 406 406 395 392 392 392 391
-9999 -9999 -9999 -9999 -9999 -9999 -9999 -9999 -9999 -9999 -9999 433 431 404 404 404 404 404 404 404 405 406 406 411 407 408 408 408 417 563 593 504 430 412 406 406 405 406 407 407 407 428 429 444 444 440 437 435 429 429 428 425 424 422 425 428 429 436 440 448 448 439 434 431 422 417 417 411 410 409 403 403 404 404 417 407 403 416 406 396 392 392 392 392
-9999 -9999 -9999 -9999 -9999 -9999 -9999 -9999 -9999 -9999 436 434 404 404 404 404 405 405 405 405 407 407 412 418 410 410 409 411 422 533 609 522 462 413 407 406 406 408 407 407 427 429 431 432 449 441 441 440 446 435 436 430 425 425 429 430 435 437 445 444 440 439 438 433 424 417 416 414 410 407 402 403 404 410 427 424 410 412 397 393 392 392 392 390
-9999 -9999 -9999 -9999 -9999 -9999 -9999 -9999 -9999 -9999 439 425 404 404 405 405 405 407 407 407 408 411 411 421 411 412 413 414 431 490 491 508 418 410 409 408 408 408 408 415 428 432 432 436 449 448 442 440 439 437 439 436 433 431 432 435 437 438 444 439 439 439 435 433 429 422 416 412 410 407 402 402 406 416 425 415 411 407 397 396 393 392 392 392
-9999 -9999 -9999 -9999 -9999 -9999 -9999 -9999 -9999 443 442 409 407 404 406 406 407 408 408 408 411 412 412 428 411 413 413 416 426 440 440 428 414 409 409 409 408 408 410 411 414 433 436 438 436 446 443 440 439 439 440 440 438 432 435 436 438 446 444 440 439 442 433 428 428 420 419 414 409 406 403 403 410 414 423 412 409 402 397 396 394 394 393 393
-9999 -9999 -9999 -9999 -9999 -9999 -9999 -9999 -9999 427 416 410 407 409 409 407 408 408 408 409 411 415 431 431 438 414 416 421 432 438 452 420 411 410 410 410 411 411 410 411 411 434 433 435 435 445 440 439 439 440 447 443 438 433 436 437 441 446 444 444 443 450 432 425 421 420 418 411 407 406 404 406 407 413 414 411 405 402 397 401 396 395 394 394
-9999 -9999 -9999 -9999 -9999 -9999 -9999 -9999 452 451 451 417 410 410 411 412 413 413 413 414 416 419 419 439 443 418 417 426 438 538 427 416 413 409 411 411 412 412 412 411 412 416 433 431 434 433 438 437 442 442 447 443 433 432 435 438 438 438 437 440 436 440 433 421 420 418 418 405 405 405 404 404 405 406 411 411 409 404 404 399 398 396 395 395
