invasiveSpecies/multiSpecies/data/worldclim_KE/worldclim_KE_2050_BC26_Bio11.asc
ncols         347
nrows         295
xllcorner     36.068012264173
yllcorner     0.13039239511974
cellsize      0.0083333333333333
NODATA_value  -9999
[rows 37 to 73 of 295, columns 168 to 251 of 347]
-9999 -9999 -9999 -9999 -9999 -9999 -9999 -9999 -9999 -9999 -9999 -9999 -9999 -9999 -9999 -9999 -9999 -9999 -9999 -9999 -9999 -9999 -9999 -9999 -9999 -9999 -9999 -9999 -9999 -9999 -9999 -9999 -9999 -9999 -9999 -9999 234 233 232 231 231 230 236 244 226 226 223 223 219 217 214 211 -9999 -9999 -9999 -9999 -9999 -9999 -9999 -9999 -9999 -9999 -9999 -9999 -9999 -9999 -9999 -9999 221 224 225 227 231 232 235 237 238 239 241 243 245 246 247 247
-9999 -9999 -9999 -9999 -9999 -9999 -9999 -9999 -9999 -9999 -9999 -9999 -9999 -9999 -9999 -9999 -9999 -9999 -9999 -9999 -9999 -9999 -9999 -9999 -9999 -9999 -9999 -9999 -9999 -9999 -9999 -9999 -9999 -9999 -9999 -9999 234 233 232 231 230 229 227 232 225 224 221 220 218 216 215 213 209 -9999 -9999 -9999 -9999 -9999 -9999 -9999 -9999 -9999 -9999 -9999 -9999 -9999 -9999 221 223 225 227 229 232 234 237 240 241 241 243 244 245 246 247 248
-9999 -9999 -9999 -9999 -9999 -9999 -9999 -9999 -9999 -9999 -9999 -9999 -9999 -9999 -9999 -9999 -9999 -9999 -9999 -9999 -9999 -9999 -9999 -9999 -9999 -9999 -9999 -9999 -9999 -9999 -9999 -9999 -9999 -9999 -9999 235 235 233 232 230 229 229 228 226 224 222 221 219 216 214 214 212 205 202 199 -9999 -9999 -9999 -9999 -9999 -9999 -9999 -9999 -9999 -9999 -9999 -9999 222 225 227 228 230 232 237 238 239 241 243 244 245 245 247 248 249
-9999 -9999 -9999 -9999 -9999 -9999 -9999 -9999 -9999 -9999 -9999 -9999 -9999 -9999 -9999 -9999 -9999 -9999 -9999 -9999 -9999 -9999 -9999 -9999 -9999 -9999 -9999 -9999 -9999 -9999 -9999 -9999 -9999 -9999 -9999 -9999 234 232 231 230 230 229 227 226 223 221 220 218 213 214 211 209 205 203 200 201 200 -9999 -9999 -9999 -9999 -9999 -9999 -9999 -9999 223 223 224 225 228 229 229 232 239 240 241 242 243 245 245 246 247 248 249
-9999 -9999 -9999 -9999 -9999 -9999 -9999 -9999 -9999 -9999 -9999 -9999 -9999 -9999 -9999 -9999 -9999 -9999 -9999 -9999 -9999 -9999 -9999 -9999 -9999 -9999 -9999 -9999 -9999 -9999 -9999 -9999 -9999 -9999 -9999 -9999 234 233 232 230 229 228 227 225 223 221 220 218 217 214 213 211 206 206 207 208 206 -9999 -9999 -9999 -9999 -9999 -9999 -9999 223 224 226 226 226 229 232 233 239 241 241 243 243 244 245 246 247 248 250 250
-9999 -9999 -9999 -9999 -9999 -9999 -9999 -9999 -9999 -9999 -9999 -9999 -9999 -9999 -9999 -9999 -9999 -9999 -9999 -9999 -9999 -9999 -9999 -9999 -9999 -9999 -9999 -9999 -9999 -9999 -9999 -9999 -9999 -9999 -9999 -9999 235 233 232 230 228 228 226 224 224 221 220 219 219 216 214 212 212 211 212 212 210 -9999 -9999 -9999 -9999 -9999 -9999 -9999 226 226 225 229 229 232 234 237 241 242 243 243 244 245 246 247 248 250 251 252
-9999 -9999 -9999 -9999 -9999 -9999 -9999 -9999 -9999 -9999 -9999 -9999 -9999 -9999 -9999 -9999 -9999 -9999 -9999 -9999 -9999 -9999 -9999 -9999 -9999 -9999 -9999 -9999 -9999 -9999 -9999 -9999 -9999 -9999 -9999 -9999 235 233 232 230 228 228 226 226 223 223 220 219 220 215 214 214 213 213 213 215 217 -9999 -9999 -9999 -9999 -9999 225 226 228 229 227 230 233 235 238 239 241 242 244 244 245 246 247 249 250 251 252 252
-9999 -9999 -9999 -9999 -9999 -9999 -9999 -9999 -9999 -9999 -9999 -9999 -9999 -9999 -9999 -9999 -9999 -9999 -9999 -9999 -9999 -9999 -9999 -9999 -9999 -9999 -9999 -9999 -9999 -9999 -9999 -9999 -9999 -9999 -9999 -9999 234 233 232 231 228 228 227 226 225 224 223 221 221 216 217 218 214 217 215 216 217 221 222 223 223 225 227 228 229 230 230 231 235 237 239 241 243 243 244 245 245 246 248 250 251 252 253 253
-9999 -9999 -9999 -9999 -9999 -9999 -9999 -9999 -9999 -9999 -9999 -9999 -9999 -9999 -9999 -9999 -9999 -9999 -9999 -9999 -9999 -9999 -9999 -9999 -9999 -9999 -9999 -9999 -9999 -9999 -9999 -9999 -9999 -9999 -9999 -9999 235 233 233 232 228 227 227 227 225 224 223 223 221 219 219 219 219 219 223 235 223 222 224 225 226 226 229 230 231 233 233 234 236 238 239 242 243 244 244 245 246 246 248 250 251 251 253 254
-9999 -9999 -9999 -9999 -9999 -9999 -9999 -9999 -9999 -9999 -9999 -9999 -9999 -9999 -9999 -9999 -9999 -9999 -9999 -9999 -9999 -9999 -9999 -9999 -9999 -9999 -9999 -9999 -9999 -9999 -9999 -9999 -9999 -9999 -9999 236 235 234 232 231 229 228 226 226 225 223 223 223 222 221 220 220 220 221 234 235 227 224 225 227 228 228 230 231 234 235 235 235 238 239 241 242 243 245 244 245 246 247 249 249 251 253 254 256
-9999 -9999 -9999 -9999 -9999 -9999 -9999 -9999 -9999 -9999 -9999 -9999 -9999 -9999 -9999 -9999 -9999 -9999 -9999 -9999 -9999 -9999 -9999 -9999 -9999 -9999 -9999 -9999 -9999 -9999 -9999 -9999 -9999 -9999 -9999 237 236 235 234 232 231 228 228 226 225 224 223 223 223 221 219 220 222 223 225 227 225 227 227 229 232 231 232 234 236 236 238 238 239 241 242 243 245 246 248 248 248 249 251 252 253 254 254 255
-9999 -9999 -9999 -9999 -9999 -9999 -9999 -9999 -9999 -9999 -9999 -9999 -9999 -9999 -9999 -9999 -9999 -9999 -9999 -9999 -9999 -9999 -9999 -9999 -9999 -9999 -9999 -9999 -9999 -9999 -9999 -9999 -9999 -9999 -9999 238 247 247 233 232 231 230 228 226 226 225 223 224 223 223 222 222 223 225 226 226 227 228 229 230 230 232 235 236 238 237 239 240 242 242 244 245 246 247 248 249 250 251 251 253 253 254 255 256
-9999 -9999 -9999 -9999 -9999 -9999 -9999 -9999 -9999 -9999 -9999 -9999 -9999 -9999 -9999 -9999 -9999 -9999 -9999 -9999 -9999 -9999 -9999 -9999 -9999 -9999 -9999 -9999 -9999 -9999 -9999 -9999 -9999 -9999 -9999 238 241 238 233 232 231 230 229 227 226 225 224 224 223 224 224 226 226 227 228 228 229 231 231 231 232 233 235 237 238 241 241 242 243 243 245 245 247 248 248 250 251 252 253 254 254 255 256 257
-9999 -9999 -9999 -9999 -9999 -9999 -9999 -9999 -9999 -9999 -9999 -9999 -9999 -9999 -9999 -9999 -9999 -9999 -9999 -9999 -9999 -9999 -9999 -9999 -9999 -9999 -9999 -9999 -9999 -9999 -9999 -9999 -9999 -9999 -9999 238 237 235 234 233 232 230 230 228 226 226 224 225 224 226 225 228 229 229 230 231 231 233 232 233 234 235 236 238 241 246 243 245 245 244 245 246 247 249 249 250 252 253 254 255 255 256 256 257
-9999 -9999 -9999 -9999 -9999 -9999 -9999 -9999 -9999 -9999 -9999 -9999 -9999 -9999 -9999 -9999 -9999 -9999 -9999 -9999 -9999 -9999 -9999 -9999 -9999 -9999 -9999 -9999 -9999 -9999 -9999 -9999 -9999 -9999 -9999 238 237 236 234 233 232 232 230 229 228 228 226 225 226 227 229 230 230 230 230 231 232 233 234 235 235 237 238 239 242 246 244 245 245 246 246 247 248 250 251 252 251 253 254 255 256 257 258 257
-9999 -9999 -9999 -9999 -9999 -9999 -9999 -9999 -9999 -9999 -9999 -9999 -9999 -9999 -9999 -9999 -9999 -9999 -9999 -9999 -9999 -9999 -9999 -9999 -9999 -9999 -9999 -9999 -9999 -9999 -9999 -9999 -9999 -9999 -9999 238 237 236 234 234 233 232 232 230 229 228 226 227 228 228 231 232 231 232 231 233 234 235 236 236 238 239 240 241 242 245 245 246 247 247 248 248 248 250 251 253 253 254 255 256 257 258 259 259
-9999 -9999 -9999 -9999 -9999 -9999 -9999 -9999 -9999 -9999 -9999 -9999 -9999 -9999 -9999 -9999 -9999 -9999 -9999 -9999 -9999 -9999 -9999 -9999 -9999 -9999 -9999 -9999 -9999 -9999 -9999 -9999 -9999 -9999 -9999 238 237 236 235 234 234 233 233 231 231 230 227 230 230 231 232 233 233 233 233 235 235 236 237 238 241 240 243 242 244 244 248 247 247 248 249 248 249 250 252 253 254 257 256 257 258 259 259 260
-9999 -9999 -9999 -9999 -9999 -9999 -9999 -9999 -9999 -9999 -9999 -9999 -9999 -9999 -9999 -9999 -9999 -9999 -9999 -9999 -9999 -9999 -9999 -9999 -9999 -9999 -9999 -9999 -9999 -9999 -9999 -9999 -9999 -9999 -9999 238 238 237 236 235 235 235 234 233 231 231 231 232 232 233 234 235 235 236 236 236 236 237 238 239 241 241 244 244 244 245 247 247 248 248 249 250 250 251 252 254 255 257 259 257 258 259 260 260
-9999 -9999 -9999 -9999 -9999 -9999 -9999 -9999 -9999 -9999 -9999 -9999 -9999 -9999 -9999 -9999 -9999 -9999 -9999 -9999 -9999 -9999 -9999 -9999 -9999 -9999 -9999 -9999 -9999 -9999 -9999 -9999 -9999 -9999 -9999 238 239 238 237 237 235 236 235 234 233 233 233 234 235 234 235 237 237 238 237 238 238 238 239 241 242 243 244 245 245 246 248 248 249 250 251 250 250 251 253 254 255 256 256 260 260 260 260 261
-9999 -9999 -9999 -9999 -9999 -9999 -9999 -9999 -9999 -9999 -9999 -9999 -9999 -9999 -9999 -9999 -9999 -9999 -9999 -9999 -9999 -9999 -9999 -9999 -9999 -9999 -9999 -9999 -9999 -9999 -9999 -9999 -9999 -9999 -9999 238 239 238 238 237 236 236 235 235 234 235 234 235 236 236 237 237 238 239 239 239 239 240 240 242 243 246 252 246 246 247 249 250 250 255 252 252 252 253 254 255 256 256 256 259 260 261 261 261
-9999 -9999 -9999 -9999 -9999 -9999 -9999 -9999 -9999 -9999 -9999 -9999 -9999 -9999 -9999 -9999 -9999 -9999 -9999 -9999 -9999 -9999 -9999 -9999 -9999 -9999 -9999 -9999 -9999 -9999 -9999 -9999 -9999 -9999 241 240 240 239 238 238 238 237 236 236 235 235 235 236 237 237 237 238 238 239 242 241 241 241 242 243 244 244 246 246 248 249 248 251 253 253 257 255 254 254 255 256 258 258 258 260 260 262 261 262
-9999 -9999 -9999 -9999 -9999 -9999 -9999 -9999 -9999 -9999 -9999 -9999 -9999 -9999 -9999 -9999 -9999 -9999 -9999 -9999 -9999 -9999 -9999 -9999 -9999 -9999 -9999 -9999 -9999 -9999 -9999 -9999 -9999 -9999 242 242 241 241 239 239 239 238 237 237 237 237 238 238 238 238 237 238 239 242 241 244 244 243 243 244 244 245 246 247 248 248 255 251 257 254 256 258 256 255 256 257 258 259 259 260 260 261 262 262
-9999 -9999 -9999 -9999 -9999 -9999 -9999 -9999 -9999 -9999 -9999 -9999 -9999 -9999 -9999 -9999 -9999 -9999 -9999 -9999 -9999 -9999 -9999 -9999 -9999 -9999 -9999 -9999 -9999 -9999 -9999 -9999 -9999 -9999 244 244 243 242 241 240 239 239 239 239 239 239 240 239 239 239 239 239 240 243 245 244 245 244 244 245 245 246 247 247 248 250 253 259 259 259 260 259 255 256 256 257 259 259 260 260 261 261 262 263
-9999 -9999 -9999 -9999 -9999 -9999 -9999 -9999 -9999 -9999 -9999 -9999 -9999 -9999 -9999 -9999 -9999 -9999 -9999 -9999 -9999 -9999 -9999 -9999 -9999 -9999 -9999 -9999 -9999 -9999 -9999 -9999 -9999 -9999 245 245 244 243 243 242 241 240 240 239 240 241 241 241 240 240 241 242 241 243 245 246 245 246 246 246 246 246 247 248 248 249 250 257 259 260 260 260 259 258 259 258 259 259 261 261 261 261 262 262
-9999 -9999 -9999 -9999 -9999 -9999 -9999 -9999 -9999 -9999 -9999 -9999 -9999 -9999 -9999 -9999 -9999 -9999 -9999 -9999 -9999 -9999 -9999 -9999 -9999 -9999 -9999 -9999 -9999 -9999 -9999 -9999 -9999 246 246 246 245 244 243 243 242 241 241 241 241 242 242 242 242 242 243 243 243 244 247 246 246 249 247 246 247 247 248 249 253 250 256 259 260 261 261 261 261 256 260 260 260 260 260 262 262 263 263 263
-9999 -9999 -9999 -9999 -9999 -9999 -9999 -9999 -9999 -9999 -9999 -9999 -9999 -9999 -9999 -9999 -9999 -9999 -9999 -9999 -9999 -9999 -9999 -9999 -9999 -9999 -9999 -9999 -9999 -9999 -9999 -9999 -9999 248 247 247 246 246 246 244 243 243 243 242 243 243 243 245 243 244 244 244 244 246 247 249 249 250 250 247 247 249 249 249 257 259 259 260 261 261 261 261 261 261 261 261 261 261 261 262 263 263 264 264
-9999 -9999 -9999 -9999 -9999 -9999 -9999 -9999 -9999 -9999 -9999 -9999 -9999 -9999 -9999 -9999 -9999 -9999 -9999 -9999 -9999 -9999 -9999 -9999 -9999 -9999 -9999 -9999 -9999 -9999 -9999 -9999 -9999 249 248 247 247 247 248 246 245 244 244 244 244 244 244 246 246 245 245 246 245 251 249 249 251 250 255 249 250 256 257 261 261 260 261 261 261 261 261 261 262 261 261 261 261 261 261 262 263 264 264 264
-9999 -9999 -9999 -9999 -9999 -9999 -9999 -9999 -9999 -9999 -9999 -9999 -9999 -9999 -9999 -9999 -9999 -9999 -9999 -9999 -9999 -9999 -9999 -9999 -9999 -9999 -9999 -9999 -9999 -9999 -9999 -9999 -9999 249 249 249 248 248 249 248 247 246 247 245 246 245 246 248 248 247 247 248 248 252 252 251 252 251 252 251 256 259 260 261 262 262 262 262 262 262 262 262 262 262 261 259 260 260 261 262 262 263 264 264
-9999 -9999 -9999 -9999 -9999 -9999 -9999 -9999 -9999 -9999 -9999 -9999 -9999 -9999 -9999 -9999 -9999 -9999 -9999 -9999 -9999 -9999 -9999 -9999 -9999 -9999 -9999 -9999 -9999 -9999 -9999 -9999 -9999 251 251 250 250 251 251 250 248 248 247 248 248 248 249 248 249 248 248 253 250 250 251 253 254 253 254 257 260 260 261 261 262 262 262 262 262 262 262 262 262 262 262 257 259 259 261 262 263 264 264 264
-9999 -9999 -9999 -9999 -9999 -9999 -9999 -9999 -9999 -9999 -9999 -9999 -9999 -9999 -9999 -9999 -9999 -9999 -9999 -9999 -9999 -9999 -9999 -9999 -9999 -9999 -9999 -9999 -9999 -9999 -9999 -9999 -9999 251 252 252 251 252 252 251 250 249 249 249 250 250 251 251 251 250 251 254 253 253 252 253 255 255 255 257 260 261 261 262 262 262 262 262 262 262 262 262 262 262 262 256 258 259 261 262 263 264 265 265
-9999 -9999 -9999 -9999 -9999 -9999 -9999 -9999 -9999 -9999 -9999 -9999 -9999 -9999 -9999 -9999 -9999 -9999 -9999 -9999 -9999 -9999 -9999 -9999 -9999 -9999 -9999 -9999 -9999 -9999 -9999 -9999 252 252 252 253 252 252 253 252 252 252 252 250 252 252 252 253 252 251 253 254 254 254 254 254 256 255 257 259 260 261 261 261 262 262 262 262 262 262 262 262 262 262 260 255 256 258 261 263 263 264 265 265
-9999 -9999 -9999 -9999 -9999 -9999 -9999 -9999 -9999 -9999 -9999 -9999 -9999 -9999 -9999 -9999 -9999 -9999 -9999 -9999 -9999 -9999 -9999 -9999 -9999 -9999 -9999 -9999 -9999 -9999 -9999 -9999 253 253 253 253 253 253 253 253 253 253 253 254 253 254 254 254 253 254 254 255 256 255 255 257 256 256 258 260 261 261 261 262 262 262 262 262 262 262 262 263 263 262 260 254 254 258 260 262 263 264 265 265
-9999 -9999 -9999 -9999 -9999 -9999 -9999 -9999 -9999 -9999 -9999 -9999 -9999 -9999 -9999 -9999 -9999 -9999 -9999 -9999 -9999 -9999 -9999 -9999 -9999 -9999 -9999 -9999 -9999 -9999 -9999 -9999 254 254 254 253 254 254 254 254 254 254 255 255 255 255 255 255 256 256 257 257 257 257 257 258 256 257 259 260 261 261 262 262 262 262 262 262 262 262 262 263 263 263 262 254 256 258 261 262 263 264 265 265
-9999 -9999 -9999 -9999 -9999 -9999 -9999 -9999 -9999 -9999 -9999 -9999 -9999 -9999 -9999 -9999 -9999 -9999 -9999 -9999 -9999 -9999 -9999 -9999 -9999 -9999 -9999 -9999 -9999 -9999 -9999 254 254 254 254 254 254 255 255 254 254 255 255 256 256 257 256 256 257 258 258 258 258 259 259 259 258 259 260 260 261 262 262 263 263 263 262 263 263 263 263 263 263 263 259 255 258 259 261 263 263 264 265 265
-9999 -9999 -9999 -9999 -9999 -9999 -9999 -9999 -9999 -9999 -9999 -9999 -9999 -9999 -9999 -9999 -9999 -9999 -9999 -9999 -9999 -9999 -9999 -9999 -9999 -9999 -9999 -9999 -9999 -9999 -9999 254 254 254 254 255 255 256 255 255 255 255 256 256 257 258 257 258 259 259 259 260 259 260 260 260 260 260 261 261 261 262 262 263 263 263 263 263 263 263 263 263 263 263 254 256 259 260 262 263 264 264 265 265
-9999 -9999 -9999 -9999 -9999 -9999 -9999 -9999 -9999 -9999 -9999 -9999 -9999 -9999 -9999 -9999 -9999 -9999 -9999 -9999 -9999 -9999 -9999 -9999 -9999 -9999 -9999 -9999 -9999 -9999 255 255 254 254 255 255 256 256 256 256 256 256 256 257 258 258 259 260 260 260 261 261 261 261 261 261 260 261 261 261 262 262 263 263 263 263 263 263 263 263 263 263 263 254 254 258 259 260 262 263 264 265 265 265
-9999 -9999 -9999 -9999 -9999 -9999 -9999 -9999 -9999 -9999 -9999 -9999 -9999 -9999 -9999 -9999 -9999 -9999 -9999 -9999 -9999 -9999 -9999 -9999 -9999 -9999 -9999 -9999 -9999 -9999 256 256 256 256 255 256 256 257 257 257 257 257 257 258 258 258 260 261 261 261 261 261 261 261 261 261 261 261 261 261 262 262 263 263 263 263 263 263 263 263 263 263 264 263 261 260 259 260 261 263 264 265 265 265
