invasiveSpecies/multiSpecies/data/worldclim_KE/worldclim_KE_2050_BC26_Bio5.asc
ncols         347
nrows         295
xllcorner     36.068012264173
yllcorner     0.13039239511974
cellsize      0.0083333333333333
NODATA_value  -9999
[rows 222 to 258 of 295, columns 84 to 167 of 347]
-9999 -9999 -9999 -9999 -9999 -9999 -9999 -9999 -9999 -9999 -9999 -9999 -9999 -9999 -9999 -9999 -9999 -9999 -9999 -9999 -9999 -9999 -9999 -9999 -9999 -9999 -9999 -9999 -9999 -9999 -9999 -9999 -9999 -9999 -9999 -9999 -9999 -9999 -9999 -9999 -9999 -9999 -9999 -9999 -9999 -9999 -9999 -9999 -9999 -9999 -9999 -9999 -9999 338 340 339 339 339 339 340 341 342 342 341 340 340 338 337 337 335 336 336 337 338 338 338 338 338 338 338 337 337 325 326
-9999 -9999 -9999 -9999 -9999 -9999 -9999 -9999 -9999 -9999 -9999 -9999 -9999 -9999 -9999 -9999 -9999 -9999 -9999 -9999 -9999 -9999 -9999 -9999 -9999 -9999 -9999 -9999 -9999 -9999 -9999 -9999 -9999 -9999 -9999 -9999 -9999 -9999 -9999 -9999 -9999 -9999 -9999 -9999 -9999 -9999 -9999 -9999 -9999 -9999 -9999 -9999 -9999 337 340 338 338 338 338 339 340 342 342 342 341 340 339 338 337 336 336 336 336 337 337 338 338 339 338 338 335 324 321 326
-9999 -9999 -9999 -9999 -9999 -9999 -9999 -9999 -9999 -9999 -9999 -9999 -9999 -9999 -9999 -9999 -9999 -9999 -9999 -9999 -9999 -9999 -9999 -9999 -9999 -9999 -9999 -9999 -9999 -9999 -9999 -9999 -9999 -9999 -9999 -9999 -9999 -9999 -9999 -9999 -9999 -9999 -9999 -9999 -9999 -9999 -9999 -9999 -9999 -9999 -9999 -9999 -9999 336 337 336 337 336 337 338 339 340 341 342 342 341 341 340 338 337 337 336 334 336 336 337 338 339 339 334 333 323 316 322
-9999 -9999 -9999 -9999 -9999 -9999 -9999 -9999 -9999 -9999 -9999 -9999 -9999 -9999 -9999 -9999 -9999 -9999 -9999 -9999 -9999 -9999 -9999 -9999 -9999 -9999 -9999 -9999 -9999 -9999 -9999 -9999 -9999 -9999 -9999 -9999 -9999 -9999 -9999 -9999 -9999 -9999 -9999 -9999 -9999 -9999 -9999 -9999 -9999 -9999 -9999 -9999 -9999 335 335 335 335 335 337 338 339 340 341 342 343 342 341 340 339 338 337 337 336 336 332 336 337 338 338 332 327 324 323 322
-9999 -9999 -9999 -9999 -9999 -9999 -9999 -9999 -9999 -9999 -9999 -9999 -9999 -9999 -9999 -9999 -9999 -9999 -9999 -9999 -9999 -9999 -9999 -9999 -9999 -9999 -9999 -9999 -9999 -9999 -9999 -9999 -9999 -9999 -9999 -9999 -9999 -9999 -9999 -9999 -9999 -9999 -9999 -9999 -9999 -9999 -9999 -9999 -9999 -9999 -9999 -9999 -9999 334 333 335 335 335 336 338 338 338 341 342 343 342 341 340 339 339 339 338 337 336 329 334 337 338 338 330 321 328 330 327
287 289 290 288 -9999 -9999 -9999 -9999 -9999 -9999 -9999 -9999 -9999 -9999 -9999 -9999 -9999 -9999 -9999 -9999 -9999 -9999 -9999 -9999 -9999 -9999 -9999 -9999 -9999 -9999 -9999 -9999 -9999 -9999 -9999 -9999 -9999 -9999 -9999 -9999 -9999 -9999 -9999 -9999 -9999 -9999 -9999 -9999 -9999 -9999 -9999 -9999 334 334 333 333 334 335 336 336 336 336 339 342 343 344 341 341 340 339 339 339 338 336 335 334 336 337 337 336 334 333 334 335
288 291 289 291 290 290 293 292 -9999 -9999 -9999 -9999 -9999 -9999 -9999 -9999 -9999 -9999 -9999 -9999 -9999 -9999 -9999 -9999 -9999 -9999 -9999 -9999 -9999 -9999 -9999 -9999 -9999 -9999 -9999 -9999 -9999 -9999 -9999 -9999 -9999 -9999 -9999 -9999 -9999 -9999 -9999 -9999 -9999 -9999 -9999 333 334 334 333 333 334 335 335 336 335 337 338 341 342 344 343 341 341 340 340 340 338 338 336 331 334 336 337 336 331 331 332 333
290 289 291 290 290 291 292 294 293 292 -9999 -9999 -9999 -9999 -9999 -9999 -9999 -9999 -9999 -9999 -9999 -9999 -9999 -9999 -9999 -9999 -9999 -9999 -9999 -9999 -9999 -9999 -9999 -9999 -9999 -9999 -9999 -9999 -9999 -9999 -9999 -9999 -9999 -9999 -9999 -9999 -9999 -9999 -9999 -9999 -9999 334 333 333 333 332 334 335 336 337 338 340 341 341 342 343 344 342 342 340 341 340 339 338 334 326 331 334 337 338 336 328 325 330
288 289 290 291 291 290 291 293 294 292 -9999 -9999 -9999 -9999 -9999 -9999 -9999 -9999 -9999 -9999 -9999 -9999 -9999 -9999 -9999 -9999 -9999 -9999 -9999 -9999 -9999 -9999 -9999 -9999 -9999 -9999 -9999 -9999 -9999 -9999 -9999 -9999 -9999 -9999 -9999 -9999 -9999 -9999 -9999 -9999 333 333 332 333 333 333 335 336 336 338 338 339 340 341 342 343 344 343 343 340 341 340 340 339 335 323 327 335 338 337 336 326 323 325
289 288 289 291 291 291 291 294 294 292 290 -9999 -9999 -9999 -9999 -9999 -9999 -9999 -9999 -9999 -9999 -9999 -9999 -9999 -9999 -9999 -9999 -9999 -9999 -9999 -9999 -9999 -9999 -9999 -9999 -9999 -9999 -9999 -9999 -9999 -9999 -9999 -9999 -9999 -9999 -9999 -9999 -9999 -9999 332 333 332 332 332 334 335 336 336 336 336 337 338 339 340 342 343 343 344 343 341 341 341 340 339 338 334 317 336 339 340 338 333 331 335
289 289 290 291 291 291 291 291 294 292 290 290 -9999 -9999 -9999 -9999 -9999 -9999 -9999 -9999 -9999 -9999 -9999 -9999 -9999 -9999 -9999 -9999 -9999 -9999 -9999 -9999 -9999 -9999 -9999 -9999 -9999 -9999 -9999 -9999 -9999 -9999 -9999 -9999 -9999 -9999 -9999 -9999 -9999 332 331 332 332 334 334 335 336 336 336 336 337 338 340 340 341 343 344 345 344 342 342 342 341 340 339 337 334 331 338 338 339 336 331 337
289 290 291 291 291 290 291 292 293 295 293 296 -9999 -9999 -9999 -9999 -9999 -9999 -9999 -9999 -9999 -9999 -9999 -9999 -9999 -9999 -9999 -9999 -9999 -9999 -9999 -9999 -9999 -9999 -9999 -9999 -9999 -9999 -9999 -9999 -9999 -9999 -9999 -9999 -9999 -9999 -9999 -9999 331 331 332 333 334 335 335 335 336 337 337 338 339 339 340 341 342 343 344 344 345 344 343 342 342 341 341 338 338 337 340 340 341 340 333 341
289 290 291 291 291 291 293 296 296 299 293 295 296 -9999 -9999 -9999 -9999 -9999 -9999 -9999 -9999 -9999 -9999 -9999 -9999 -9999 -9999 -9999 -9999 -9999 -9999 -9999 -9999 -9999 -9999 -9999 -9999 -9999 -9999 -9999 -9999 -9999 -9999 -9999 -9999 -9999 -9999 330 331 331 333 334 335 336 336 336 337 337 338 338 339 339 340 341 342 343 343 344 345 345 344 343 342 341 341 340 340 339 342 342 342 342 331 342
290 290 291 291 292 291 291 298 298 299 302 298 -9999 -9999 -9999 -9999 -9999 -9999 -9999 -9999 -9999 -9999 -9999 -9999 -9999 -9999 -9999 -9999 -9999 -9999 -9999 -9999 -9999 -9999 -9999 -9999 -9999 -9999 -9999 -9999 -9999 -9999 -9999 -9999 -9999 -9999 -9999 330 331 333 334 335 336 336 336 337 337 338 339 339 340 341 341 341 343 343 344 344 344 345 344 343 342 342 342 342 341 339 342 343 343 343 343 344
290 291 292 292 292 292 295 299 300 301 302 300 294 -9999 -9999 -9999 -9999 -9999 -9999 -9999 -9999 -9999 -9999 -9999 -9999 -9999 -9999 -9999 -9999 -9999 -9999 -9999 -9999 -9999 -9999 -9999 -9999 -9999 -9999 -9999 -9999 -9999 -9999 -9999 -9999 -9999 329 330 332 333 335 336 336 337 337 337 338 339 339 340 341 342 342 343 344 344 344 343 343 344 346 344 343 343 342 343 342 342 343 344 344 344 343 344
290 290 291 292 291 292 296 297 299 300 301 301 -9999 -9999 -9999 -9999 -9999 -9999 -9999 -9999 -9999 -9999 -9999 -9999 -9999 -9999 -9999 -9999 -9999 -9999 -9999 -9999 -9999 -9999 -9999 -9999 -9999 -9999 -9999 -9999 -9999 -9999 -9999 -9999 -9999 -9999 330 330 332 334 335 336 337 337 338 337 339 339 340 341 342 341 342 343 342 343 342 343 344 344 346 344 343 344 343 343 343 343 343 345 345 344 345 345
288 289 290 291 290 291 294 293 299 301 303 303 -9999 -9999 -9999 -9999 -9999 -9999 -9999 -9999 -9999 -9999 -9999 -9999 -9999 -9999 -9999 -9999 -9999 -9999 -9999 -9999 -9999 -9999 -9999 -9999 -9999 322 322 323 324 325 327 -9999 328 328 330 331 332 334 334 335 336 338 337 339 339 339 340 340 339 340 341 341 341 342 342 342 343 344 346 345 344 344 344 344 345 344 345 345 345 345 345 347
285 286 289 289 289 291 293 294 300 302 302 304 -9999 -9999 -9999 -9999 -9999 -9999 -9999 -9999 -9999 -9999 -9999 -9999 -9999 -9999 -9999 -9999 -9999 -9999 -9999 -9999 -9999 -9999 -9999 318 319 322 322 322 324 325 326 327 328 329 329 332 333 334 333 335 336 337 338 339 339 339 339 338 336 338 339 340 341 341 342 343 343 345 346 346 345 345 345 345 345 345 346 346 346 346 347 347
286 286 288 289 290 291 294 299 301 301 301 303 -9999 -9999 -9999 -9999 -9999 -9999 -9999 -9999 -9999 -9999 -9999 -9999 -9999 -9999 -9999 -9999 -9999 -9999 -9999 -9999 -9999 -9999 317 316 317 321 321 322 323 325 326 327 328 329 331 332 333 332 333 335 337 337 338 338 339 339 338 337 328 334 338 339 341 342 342 343 344 345 346 346 347 346 346 346 347 347 346 348 348 346 347 348
286 287 286 288 288 289 293 298 299 300 300 302 -9999 -9999 -9999 -9999 -9999 -9999 -9999 -9999 -9999 -9999 -9999 -9999 -9999 -9999 -9999 -9999 -9999 -9999 -9999 -9999 -9999 -9999 314 313 313 317 319 321 323 324 326 327 328 330 332 333 332 331 334 334 336 337 338 338 339 338 337 336 325 327 337 339 339 342 342 343 344 345 345 346 346 347 347 348 348 348 347 348 348 347 348 348
286 287 288 289 289 290 291 298 300 300 301 303 -9999 -9999 -9999 -9999 -9999 -9999 -9999 -9999 -9999 -9999 -9999 -9999 -9999 -9999 -9999 -9999 -9999 -9999 -9999 -9999 -9999 -9999 306 301 306 317 318 321 323 323 326 327 329 331 332 331 332 332 332 334 336 336 337 337 339 337 337 336 332 333 335 337 338 342 343 343 344 345 344 341 342 345 347 347 345 345 344 347 346 343 344 346
287 288 289 290 292 295 295 299 299 300 301 303 302 302 301 300 300 299 297 -9999 -9999 -9999 -9999 -9999 -9999 -9999 -9999 -9999 -9999 -9999 -9999 -9999 -9999 -9999 312 299 299 314 316 308 321 323 325 327 328 330 331 330 330 330 330 334 335 336 336 337 337 337 335 334 332 333 336 338 339 342 342 343 344 344 341 341 342 342 344 347 346 343 343 343 343 343 344 346
288 288 289 290 294 291 290 297 294 299 301 303 301 301 301 301 300 299 297 297 297 298 297 296 296 295 295 -9999 -9999 -9999 -9999 -9999 -9999 -9999 300 296 298 311 315 296 319 322 322 326 328 331 329 329 329 330 332 333 334 335 336 337 338 332 317 332 329 326 337 337 339 341 342 343 344 343 342 343 344 345 347 344 346 345 343 343 343 343 343 343
-9999 -9999 -9999 -9999 292 291 290 292 291 298 302 302 300 300 301 301 300 300 299 298 297 297 297 296 296 296 294 292 289 288 286 289 290 296 296 288 289 295 303 298 314 320 319 315 329 330 325 327 327 330 331 333 333 334 335 337 338 338 301 301 317 325 334 337 338 340 342 343 343 341 342 345 345 346 345 344 345 344 342 342 343 343 343 343
-9999 -9999 -9999 -9999 -9999 -9999 292 291 291 292 298 303 301 299 301 300 300 299 298 297 296 295 295 296 295 296 292 291 290 288 287 286 291 296 293 288 291 293 299 299 310 319 320 324 329 326 319 326 328 331 331 332 333 333 334 335 338 338 304 300 309 327 333 335 338 339 341 342 341 341 341 345 345 346 345 344 344 343 342 342 343 344 345 345
-9999 -9999 -9999 -9999 -9999 -9999 -9999 298 294 297 299 302 302 299 300 300 299 298 297 296 295 295 295 292 294 294 293 293 292 289 288 284 288 290 291 289 289 294 302 296 300 324 326 327 326 300 321 325 327 329 331 332 332 332 332 334 337 311 302 288 298 325 331 333 336 337 340 342 341 341 341 345 345 346 344 342 344 343 342 342 344 344 345 344
-9999 -9999 -9999 -9999 -9999 -9999 -9999 299 299 300 302 -9999 301 300 299 299 300 298 297 296 294 295 295 292 292 295 293 292 290 288 288 286 288 290 290 290 290 295 292 297 297 326 323 322 324 300 320 323 328 330 330 331 331 328 331 334 336 319 294 289 312 321 316 317 334 338 341 342 341 341 344 344 345 345 344 342 343 345 342 343 343 343 344 344
-9999 -9999 -9999 -9999 -9999 -9999 -9999 -9999 -9999 301 -9999 -9999 -9999 301 299 297 298 298 297 296 295 296 295 294 294 293 293 292 289 288 289 287 284 288 289 286 287 290 290 297 300 319 319 306 302 293 304 324 328 329 329 330 328 321 330 336 337 323 -9999 -9999 331 331 329 329 337 339 341 342 341 344 342 345 346 343 342 341 343 343 343 343 344 343 344 344
-9999 -9999 -9999 -9999 -9999 -9999 -9999 -9999 -9999 -9999 -9999 -9999 -9999 302 300 299 298 297 297 298 297 297 296 295 295 291 292 292 290 290 289 287 284 286 286 290 291 290 293 299 294 305 320 307 302 292 300 322 327 328 329 330 321 326 329 336 336 -9999 -9999 -9999 -9999 334 335 337 338 340 341 342 343 341 344 346 345 344 342 342 343 344 343 343 343 342 343 344
-9999 -9999 -9999 -9999 -9999 -9999 -9999 -9999 -9999 -9999 -9999 -9999 -9999 -9999 301 300 298 299 299 299 298 298 296 296 294 292 292 292 291 292 290 287 285 287 289 292 293 293 294 301 294 299 312 307 288 292 314 326 326 327 328 327 306 318 328 -9999 -9999 -9999 -9999 -9999 -9999 -9999 336 337 339 340 341 342 341 342 345 345 345 343 342 342 343 343 341 342 340 340 342 343
-9999 -9999 -9999 -9999 -9999 -9999 -9999 -9999 -9999 -9999 -9999 -9999 -9999 -9999 302 300 301 300 298 297 297 298 298 297 294 294 293 293 293 292 291 289 288 286 287 285 288 294 296 302 299 310 310 300 296 302 319 324 324 324 327 328 319 311 -9999 -9999 -9999 -9999 -9999 -9999 -9999 -9999 -9999 337 339 340 341 340 341 344 345 345 344 342 342 342 342 343 341 340 341 341 342 343
-9999 -9999 -9999 -9999 -9999 -9999 -9999 -9999 -9999 -9999 -9999 -9999 -9999 -9999 -9999 301 300 298 298 296 296 296 295 296 297 294 294 292 292 291 289 289 288 288 287 288 291 291 298 305 299 301 305 293 300 305 305 308 318 315 319 326 317 -9999 -9999 -9999 -9999 -9999 -9999 -9999 -9999 -9999 -9999 337 339 339 341 341 342 343 345 345 344 342 342 341 342 343 341 341 340 342 342 342
-9999 -9999 -9999 -9999 -9999 -9999 -9999 -9999 -9999 -9999 -9999 -9999 -9999 -9999 -9999 301 300 298 298 297 296 295 295 -9999 296 295 293 292 291 289 289 287 288 289 290 292 295 295 298 303 297 291 297 291 294 303 294 295 302 303 312 -9999 -9999 -9999 -9999 -9999 -9999 -9999 -9999 -9999 -9999 -9999 -9999 336 338 339 340 340 340 344 344 345 344 343 342 341 342 342 341 340 340 342 341 341
-9999 -9999 -9999 -9999 -9999 -9999 -9999 -9999 -9999 -9999 -9999 -9999 -9999 -9999 -9999 301 299 298 298 297 296 296 -9999 -9999 -9999 -9999 -9999 -9999 -9999 -9999 288 287 288 289 290 294 297 298 298 298 297 291 292 293 291 294 302 290 293 293 -9999 -9999 -9999 -9999 -9999 -9999 -9999 -9999 -9999 -9999 -9999 -9999 -9999 -9999 338 340 340 339 341 340 344 344 343 341 341 341 341 341 339 340 340 341 341 341
-9999 -9999 -9999 -9999 -9999 -9999 -9999 -9999 -9999 -9999 -9999 -9999 -9999 -9999 -9999 -9999 300 299 299 298 -9999 -9999 -9999 -9999 -9999 -9999 -9999 -9999 -9999 -9999 -9999 287 287 286 287 293 295 299 301 301 300 296 291 290 287 293 300 293 288 288 -9999 -9999 -9999 -9999 -9999 -9999 -9999 -9999 -9999 -9999 -9999 -9999 -9999 -9999 336 339 339 339 343 343 344 344 344 341 341 341 340 341 339 340 340 340 340 337
-9999 -9999 -9999 -9999 -9999 -9999 -9999 -9999 -9999 -9999 -9999 -9999 -9999 -9999 -9999 -9999 300 300 298 -9999 -9999 -9999 -9999 -9999 -9999 -9999 -9999 -9999 -9999 -9999 -9999 289 287 285 288 290 293 299 296 297 295 299 299 293 290 289 298 293 288 290 -9999 -9999 -9999 -9999 -9999 -9999 -9999 -9999 -9999 -9999 -9999 -9999 -9999 -9999 336 338 340 343 342 343 343 344 344 343 341 341 340 340 339 339 339 339 340 338
-9999 -9999 -9999 -9999 -9999 -9999 -9999 -9999 -9999 -9999 -9999 -9999 -9999 -9999 -9999 -9999 -9999 -9999 -9999 -9999 -9999 -9999 -9999 -9999 -9999 -9999 -9999 -9999 -9999 -9999 -9999 -9999 287 286 288 289 291 297 293 295 293 294 296 294 291 284 284 293 291 287 -9999 -9999 -9999 -9999 -9999 -9999 -9999 -9999 -9999 -9999 -9999 -9999 -9999 -9999 335 337 338 340 342 342 343 342 343 343 341 341 340 340 339 339 339 338 338 338
