invasiveSpecies/multiSpecies/data/worldclim_KE/worldclim_KE_2050_BC85_Bio12.asc
ncols         347
nrows         295
xllcorner     36.068012264173
yllcorner     0.13039239511974
cellsize      0.0083333333333333
NODATA_value  -9999
[rows 37 to 73 of 295, columns 252 to 335 of 347]
513 499 490 486 476 470 468 464 458 456 456 454 453 455 452 446 443 441 439 434 435 435 435 435 435 435 435 438 434 433 433 434 435 434 430 430 423 419 419 420 420 421 420 421 419 420 419 416 416 411 414 416 415 415 414 410 410 410 410 410 411 412 412 409 403 402 402 402 402 402 403 403 402 402 402 401 401 401 399 399 399 399 397 395
504 501 497 484 478 471 470 462 457 455 451 450 447 444 445 442 439 438 439 434 433 433 435 434 434 433 434 434 434 431 433 432 433 431 430 426 422 418 418 418 419 421 420 419 419 416 414 414 412 410 411 411 414 412 413 413 410 410 406 405 405 411 408 404 404 401 401 402 402 402 402 402 402 402 402 402 401 400 399 399 398 395 395 395
504 497 488 487 481 471 465 458 453 449 450 448 444 442 441 439 436 432 434 432 433 428 433 428 432 432 430 434 432 429 428 430 430 430 427 424 422 419 418 417 417 420 420 420 415 415 411 410 410 409 410 410 410 410 412 410 410 410 407 404 405 410 406 404 403 401 400 400 400 401 402 402 402 402 402 402 400 400 399 399 394 394 394 394
502 497 490 490 477 466 461 458 452 446 447 444 444 441 440 436 432 432 430 428 431 428 428 427 428 428 427 432 428 425 424 424 425 428 424 423 419 418 416 417 417 415 418 416 413 411 411 410 410 408 409 409 409 410 410 410 406 408 404 401 401 407 401 401 401 400 400 400 400 400 401 401 401 401 401 400 397 397 396 396 394 394 394 394
498 498 491 481 470 463 461 454 450 444 442 445 444 441 439 437 432 430 427 425 426 428 425 424 423 423 426 428 427 426 425 423 423 425 423 419 417 415 415 415 416 417 417 413 413 412 412 411 409 409 411 410 410 409 409 409 409 408 406 403 403 403 403 403 403 402 402 402 402 402 403 403 403 402 401 401 401 400 396 396 397 397 397 396
489 482 479 476 469 463 454 453 449 443 441 442 443 441 440 432 428 427 424 423 426 424 424 420 422 423 422 423 423 423 425 422 422 422 422 417 417 413 413 412 413 414 416 413 413 413 412 409 409 409 410 410 409 409 409 409 409 408 407 403 403 402 403 403 403 401 401 401 401 401 402 401 401 401 401 401 401 401 396 396 397 397 396 396
480 474 473 469 464 462 453 446 443 439 438 441 441 441 439 433 432 427 425 422 424 424 423 419 418 419 420 421 423 420 422 422 422 422 418 416 413 411 410 410 411 413 413 414 414 414 411 409 409 408 409 409 409 409 409 409 409 408 405 404 403 400 400 402 401 401 401 401 401 399 401 401 401 401 401 401 400 398 396 396 397 397 396 396
477 473 461 461 462 454 445 440 437 437 438 437 441 440 438 433 432 429 428 420 420 423 420 418 418 418 418 419 421 421 422 422 422 417 417 413 411 410 409 409 411 413 414 414 414 411 412 409 408 407 409 409 409 409 409 408 408 408 405 404 405 400 400 400 400 398 398 398 398 399 401 401 401 400 400 400 398 398 397 396 397 396 396 395
460 458 458 461 459 453 445 445 437 433 431 431 438 439 439 433 430 429 426 426 419 418 418 418 416 418 418 418 421 420 422 418 418 414 413 411 409 411 408 409 411 411 414 412 412 411 409 408 407 407 409 409 409 408 408 408 406 406 405 405 405 404 400 400 398 398 398 398 398 398 400 400 399 397 399 397 397 397 396 395 395 395 395 394
457 455 455 455 453 451 440 439 437 434 430 431 434 438 436 433 429 426 424 425 421 418 418 416 415 416 418 418 418 418 418 414 410 409 409 408 408 409 406 406 409 411 411 409 410 410 409 408 407 408 409 408 407 405 405 405 405 405 404 403 404 401 400 400 398 398 398 398 398 398 400 399 397 397 397 397 397 397 396 394 395 394 394 393
457 454 451 451 446 441 439 437 434 430 427 428 431 433 434 432 429 426 419 419 418 416 418 416 415 415 417 418 415 413 410 408 408 406 408 406 406 406 406 406 407 409 407 408 408 408 407 409 406 407 409 408 405 404 404 403 402 403 404 402 403 401 400 398 398 398 397 398 397 397 399 397 397 397 397 397 397 397 393 393 394 394 392 390
456 454 446 443 438 438 431 429 432 427 425 425 425 425 431 427 425 422 418 416 416 414 414 411 410 412 412 412 411 408 406 405 404 404 407 407 404 402 402 403 407 407 407 407 407 406 407 407 406 406 408 405 403 401 401 400 400 400 401 401 402 401 397 397 397 396 396 397 397 396 397 397 397 397 397 395 395 394 393 392 393 392 390 390
452 446 444 438 433 432 427 426 428 425 422 424 424 425 425 425 423 419 417 412 415 411 410 412 409 408 408 409 406 406 405 403 403 403 403 405 406 402 402 402 403 403 403 407 404 403 403 405 405 403 404 402 402 400 399 399 399 400 400 400 400 400 396 396 395 395 394 395 395 396 395 395 395 395 394 395 393 393 392 391 393 390 390 389
449 444 439 434 429 427 426 423 422 423 420 423 422 418 420 423 418 416 416 411 415 413 410 414 409 406 404 404 404 401 403 403 402 401 403 403 405 405 402 400 399 400 403 401 398 398 397 397 398 403 403 401 399 400 399 399 399 399 399 400 400 398 396 396 395 392 392 392 391 392 392 393 393 393 394 392 392 391 390 390 392 390 388 388
448 442 438 436 428 422 425 425 422 417 418 418 418 418 418 419 417 410 409 409 411 411 411 411 410 409 404 403 400 400 401 400 399 399 401 402 402 402 402 403 402 401 400 399 399 399 399 399 399 402 401 401 400 400 400 400 399 399 399 398 398 398 398 397 394 393 393 393 393 393 394 394 394 393 394 394 393 393 392 392 391 391 389 389
441 441 436 433 427 422 418 422 419 418 417 416 416 417 411 411 411 408 408 408 409 409 409 409 409 408 404 403 400 400 399 399 399 399 399 399 399 401 401 401 404 399 398 398 398 398 399 399 399 399 400 400 400 400 400 400 399 399 399 398 398 398 398 397 393 393 393 393 393 393 394 393 393 392 392 392 392 392 391 391 390 390 390 389
441 440 436 426 424 422 414 414 414 416 414 412 411 410 411 411 408 407 406 406 408 405 407 408 407 404 404 403 398 398 399 399 398 397 397 399 399 399 399 401 401 398 397 397 397 397 397 397 397 397 399 401 400 400 400 400 399 399 399 398 398 397 397 397 395 393 393 393 393 393 394 392 392 392 392 392 392 392 390 390 389 390 390 388
440 440 431 429 422 418 415 414 413 414 413 409 408 408 408 408 407 403 403 404 405 405 405 404 402 404 404 398 398 398 399 398 398 397 397 396 396 399 399 399 401 397 397 397 397 397 396 397 397 397 398 400 400 400 400 399 399 399 399 398 396 396 396 395 395 393 393 393 392 391 392 392 392 392 392 392 392 391 390 389 389 388 387 386
434 424 426 423 418 416 411 411 410 410 410 408 408 408 404 405 403 403 401 403 405 405 402 400 400 400 401 397 395 396 397 397 397 397 396 396 395 398 398 393 401 399 396 396 396 393 392 393 393 393 394 394 400 399 399 399 398 398 398 397 396 396 396 395 394 394 393 390 390 390 391 392 392 392 392 391 391 391 388 387 388 386 386 386
422 418 416 414 411 411 410 410 410 410 410 408 406 405 403 405 403 401 401 401 402 402 401 396 395 395 396 397 397 395 397 397 397 397 396 396 395 395 389 389 399 399 394 392 392 392 392 392 392 392 394 394 396 397 397 397 397 396 397 396 396 396 395 395 393 392 390 390 390 390 391 391 391 391 391 389 389 388 387 387 386 386 386 386
417 415 413 411 410 408 408 410 408 407 410 407 405 405 402 402 401 401 401 401 402 402 400 397 396 395 395 397 397 395 396 396 397 396 397 396 395 395 390 388 392 392 394 392 392 392 391 391 392 391 392 392 391 396 396 396 396 396 396 395 395 394 394 394 393 391 390 390 390 390 391 390 390 389 389 389 389 388 387 386 386 386 386 386
415 413 412 410 409 407 406 406 405 405 404 404 404 402 402 401 401 401 401 400 400 400 397 395 395 395 395 395 396 395 396 396 396 396 396 394 391 391 389 388 392 392 392 392 392 392 391 391 390 390 391 391 391 396 396 396 396 396 396 395 394 394 394 394 393 391 388 388 388 388 390 389 389 389 389 389 388 388 386 386 386 386 386 386
413 413 411 408 408 407 406 406 404 404 404 402 403 401 401 401 401 401 401 401 398 398 397 397 396 396 395 393 394 394 394 394 394 394 392 392 390 390 389 389 392 392 392 392 391 391 390 390 390 390 391 391 389 395 395 395 396 395 395 394 394 394 394 394 393 389 388 388 388 388 389 389 389 389 389 388 388 387 386 386 386 386 386 385
413 412 409 408 408 406 406 404 403 403 402 402 401 401 401 401 401 401 400 397 398 398 398 396 396 396 393 393 393 393 393 394 392 392 392 390 390 389 389 389 392 391 391 390 390 390 390 390 390 390 391 389 389 395 395 395 395 395 395 394 394 394 394 394 391 389 389 387 387 387 389 389 389 389 388 388 387 386 386 386 386 386 385 385
413 410 409 408 407 405 405 405 403 403 404 403 403 403 403 403 402 402 402 400 400 399 399 397 397 395 395 395 395 394 394 394 394 393 393 392 392 391 390 388 389 389 389 390 390 390 390 390 390 389 390 390 387 395 395 396 396 396 395 395 396 396 396 396 392 392 391 390 389 389 389 389 389 388 388 387 387 386 386 386 386 386 385 384
411 408 407 407 405 405 405 404 403 403 404 403 403 403 403 401 401 399 399 399 399 399 398 396 396 395 395 394 394 394 393 393 393 393 393 392 392 390 388 388 391 391 389 389 389 390 390 390 389 389 389 389 390 386 390 395 395 395 395 395 396 396 396 396 392 392 391 390 389 389 389 388 388 388 387 387 387 386 386 386 385 384 384 384
405 405 405 404 404 403 403 403 402 400 401 401 401 401 401 401 401 399 399 399 399 398 397 396 395 395 395 394 394 393 393 393 393 392 391 391 390 390 388 388 391 391 391 391 389 389 389 388 388 388 389 388 388 386 391 395 395 394 394 394 394 396 394 391 391 391 390 390 390 389 389 388 388 387 387 387 387 386 385 385 384 384 384 383
402 402 402 401 401 401 401 400 400 400 401 401 401 401 401 401 401 398 398 398 398 398 397 397 395 395 394 394 393 392 392 392 392 392 392 391 390 388 388 388 391 390 390 391 391 391 388 388 388 388 388 388 387 386 390 390 391 390 390 390 392 392 391 391 391 391 390 390 390 390 388 387 387 386 386 386 385 385 385 384 384 384 383 383
402 402 401 401 401 401 400 400 400 399 401 401 401 400 399 400 398 398 398 398 397 397 396 397 397 394 393 392 392 392 392 392 392 392 392 391 388 388 388 386 390 390 390 390 390 390 390 388 388 387 388 388 386 386 386 390 389 389 390 390 392 391 391 391 391 390 390 390 390 389 389 386 386 386 386 386 385 384 384 384 384 383 383 383
399 399 401 401 400 400 400 400 400 398 401 401 399 399 399 398 398 398 398 398 398 396 397 395 394 394 393 391 391 392 392 391 392 392 389 388 388 388 386 386 389 390 390 390 390 390 388 388 387 387 388 388 387 385 385 387 385 389 389 389 391 391 391 391 390 390 390 390 386 386 387 386 386 386 386 386 384 384 384 384 384 382 381 380
398 399 399 399 399 398 398 398 397 397 400 398 398 397 397 397 397 398 397 398 397 396 396 395 393 392 391 391 391 391 391 391 391 389 389 387 385 384 384 384 388 388 389 389 389 389 389 387 387 387 388 388 387 387 386 383 383 383 387 389 391 391 391 390 390 390 389 386 385 385 386 385 385 385 385 384 383 383 383 383 381 381 -9999 -9999
398 398 398 398 399 398 398 397 397 395 398 398 398 397 397 397 397 397 397 397 396 395 394 394 393 392 391 391 391 391 391 391 391 388 384 384 384 384 384 384 388 388 388 388 389 389 389 387 387 387 388 388 387 387 387 383 382 383 383 383 385 389 385 388 385 385 386 385 385 385 386 386 385 385 384 384 383 382 382 382 381 -9999 -9999 -9999
398 398 398 398 397 398 398 397 395 395 398 397 397 397 397 397 397 397 396 396 394 394 394 393 393 393 391 391 391 391 391 390 388 386 385 384 384 384 384 384 388 388 388 388 388 388 388 386 386 386 387 387 386 387 385 384 382 382 382 382 385 385 385 385 385 385 385 385 385 385 386 386 385 384 383 383 382 382 382 -9999 -9999 -9999 -9999 -9999
397 397 397 397 399 399 399 395 395 395 398 397 397 396 396 396 396 396 396 394 394 394 394 392 392 393 393 391 391 391 391 388 386 386 385 384 384 384 384 384 388 388 388 388 388 388 388 388 388 386 387 387 383 383 383 383 384 382 382 382 384 384 385 385 385 385 385 385 385 385 386 384 383 383 383 382 382 -9999 -9999 -9999 -9999 -9999 -9999 -9999
398 398 398 398 399 400 398 398 397 397 397 396 396 396 396 396 396 396 395 394 394 394 393 392 392 392 392 392 391 390 391 391 391 391 390 390 389 389 389 389 388 388 388 388 388 388 387 387 388 386 386 386 385 385 385 385 385 385 384 384 385 385 385 386 386 386 386 385 385 385 384 384 384 383 383 -9999 -9999 -9999 -9999 -9999 -9999 -9999 -9999 -9999
397 399 399 399 400 400 397 397 398 398 402 399 396 396 396 396 396 395 395 394 394 392 393 392 392 391 391 392 391 390 391 391 391 391 390 390 390 389 389 389 388 388 387 387 387 387 386 386 386 385 386 385 385 384 385 385 384 385 385 384 385 385 385 385 384 384 384 384 383 383 384 384 384 384 -9999 -9999 -9999 -9999 -9999 -9999 -9999 -9999 -9999 -9999
398 398 399 399 399 398 397 398 398 398 402 403 399 396 396 396 395 395 395 394 394 393 393 392 392 391 391 391 391 389 392 391 391 390 390 390 389 389 389 389 387 387 387 387 386 386 386 386 386 385 385 384 385 385 385 384 383 384 383 383 383 383 383 383 383 382 382 382 382 382 382 381 -9999 -9999 -9999 -9999 -9999 -9999 -9999 -9999 -9999 -9999 -9999 -9999
