invasiveSpecies/multiSpecies/data/worldclim_KE/worldclim_KE_2050_BC26_Bio10.asc
ncols         347
nrows         295
xllcorner     36.068012264173
yllcorner     0.13039239511974
cellsize      0.0083333333333333
NODATA_value  -9999
[rows 148 to 184 of 295, columns 168 to 251 of 347]
261 261 262 262 263 263 264 265 265 265 265 265 266 267 267 265 265 261 261 262 262 268 268 268 267 266 264 266 268 269 270 270 269 269 269 269 269 270 271 270 271 271 272 273 274 266 266 266 267 267 268 268 267 267 267 269 270 272 273 273 272 272 271 272 272 273 274 273 274 271 271 271 271 271 272 272 272 275 278 278 281 282 283 283
260 261 262 262 263 263 264 265 265 266 266 266 266 267 266 264 263 260 261 262 263 268 268 267 267 267 265 266 268 268 269 269 269 268 268 269 269 270 271 270 270 270 271 271 272 267 267 267 267 267 267 267 267 266 266 267 267 272 272 272 272 272 271 272 272 273 273 273 273 273 271 270 270 270 271 272 272 276 277 272 281 282 283 283
260 261 261 263 263 264 265 265 265 265 265 265 266 266 265 263 263 261 262 262 267 268 268 267 266 266 265 266 267 268 269 269 269 268 268 268 269 269 270 270 269 270 270 272 274 269 267 266 267 267 267 267 265 265 266 267 271 272 272 272 271 271 271 272 272 272 272 272 273 273 272 271 269 270 270 271 275 271 272 276 280 282 283 282
261 261 262 263 264 264 265 264 265 265 265 265 265 265 264 262 263 264 265 263 267 267 267 266 265 266 265 265 267 267 268 269 269 268 267 268 268 269 269 269 269 270 270 271 274 273 268 266 266 267 267 266 266 266 267 269 270 271 272 271 271 271 271 271 271 272 270 271 272 272 272 271 270 270 270 270 270 270 271 276 280 282 281 282
261 261 262 263 263 264 264 264 264 265 264 264 265 264 263 263 263 264 265 266 267 267 266 266 265 266 265 266 267 268 268 268 268 268 267 268 268 268 269 269 269 270 271 271 273 273 271 266 266 266 266 266 265 266 266 269 270 271 271 271 271 271 271 271 271 271 271 271 272 271 271 271 271 269 269 270 270 270 276 279 281 282 281 281
262 262 263 263 263 263 263 263 264 265 265 263 264 263 263 261 262 263 265 266 266 267 265 264 264 265 265 266 267 267 268 268 268 267 267 267 267 268 269 269 269 270 272 273 273 273 265 265 265 266 266 266 264 265 266 268 270 271 271 271 270 270 270 270 270 270 270 271 271 270 271 270 269 269 269 269 270 275 277 278 281 280 281 282
261 262 262 262 262 262 263 263 264 264 264 263 264 263 262 262 263 263 264 266 266 267 265 264 264 265 264 266 267 267 267 268 268 267 266 266 268 268 270 270 270 271 272 272 273 268 266 265 265 266 266 266 265 265 265 269 270 270 270 270 270 269 270 270 270 269 270 270 270 269 270 268 269 269 269 270 270 277 277 279 280 280 281 281
261 261 261 262 262 263 263 263 264 264 263 263 263 263 262 262 263 263 264 265 266 266 265 263 264 264 264 265 266 267 267 267 267 266 266 268 268 269 270 271 271 272 272 273 268 264 265 265 265 265 265 265 265 265 265 269 270 270 270 270 269 269 269 269 269 269 270 270 269 268 268 268 268 269 269 269 274 277 278 279 279 280 280 280
260 260 260 262 262 262 262 263 264 264 263 263 263 263 262 261 262 262 263 265 266 266 265 264 263 264 264 265 266 267 267 267 267 266 266 267 268 269 270 271 272 272 272 263 264 264 264 264 264 264 265 265 265 265 265 268 270 270 269 269 268 268 269 268 268 268 268 266 269 267 266 267 268 268 269 269 276 278 278 279 279 280 280 281
260 260 261 261 262 261 262 263 263 263 263 262 262 262 261 261 262 263 263 264 265 266 265 264 263 263 264 265 265 266 266 267 267 266 265 265 267 268 269 271 271 271 269 263 264 264 264 264 264 264 264 265 265 265 265 265 267 270 269 269 268 265 266 267 267 266 265 265 265 266 266 267 268 269 274 275 276 278 278 278 279 279 280 280
260 260 261 261 261 262 262 262 263 263 262 262 262 261 261 261 262 263 264 265 265 265 264 263 263 262 264 264 265 266 265 266 266 266 265 266 267 268 269 271 271 264 262 262 263 263 263 263 263 263 263 264 264 264 264 264 266 269 269 268 265 264 264 266 263 263 263 264 264 265 266 271 272 273 274 276 277 277 278 278 279 279 280 280
259 260 260 260 260 261 262 262 262 262 262 261 261 261 261 262 262 263 264 263 264 264 264 264 263 262 263 264 265 265 265 266 265 265 265 266 268 268 269 271 271 261 262 262 262 262 262 263 263 263 263 262 263 264 264 264 265 268 269 268 266 264 263 263 264 263 264 264 265 266 266 267 273 274 275 276 276 277 277 278 278 279 279 280
259 259 260 260 260 260 261 262 262 262 261 261 262 262 262 262 263 263 264 263 263 264 264 262 262 262 264 264 265 264 264 265 265 265 264 266 269 269 271 271 263 261 261 262 262 261 261 262 262 262 262 262 262 263 264 263 265 268 268 266 263 264 263 264 264 264 264 265 265 266 267 269 268 268 275 276 277 277 278 278 278 278 279 279
259 259 259 259 260 260 261 261 261 261 261 261 261 262 262 263 263 263 263 262 263 263 263 263 262 262 263 264 264 264 263 264 264 264 264 263 262 270 270 260 260 261 261 261 261 260 260 260 260 261 260 261 262 262 262 262 265 267 267 266 264 263 264 263 264 263 264 265 265 266 267 271 273 273 275 275 276 277 278 278 278 278 278 279
258 259 259 260 260 260 261 261 260 260 261 261 261 262 262 262 263 263 262 261 262 263 263 263 262 262 263 264 264 264 263 263 263 263 263 262 261 270 260 260 259 259 260 261 260 260 259 259 259 257 259 261 261 262 262 262 267 267 268 265 264 264 264 264 265 265 264 265 265 266 266 272 269 272 274 275 276 277 277 277 278 278 279 279
258 258 259 259 260 260 260 260 259 260 260 261 261 261 262 262 263 262 262 261 262 262 263 262 263 262 263 264 264 265 264 263 263 263 262 261 260 270 267 260 260 260 260 261 260 260 260 259 258 257 259 261 261 262 262 265 267 267 267 266 264 264 264 265 265 265 265 265 266 266 267 269 269 270 269 275 276 277 277 277 277 278 278 279
258 258 259 259 260 260 259 259 259 260 260 261 261 262 262 262 262 262 261 261 262 262 262 262 263 263 264 264 264 265 264 264 264 263 262 263 267 270 269 261 261 260 260 261 260 260 260 259 257 257 259 260 260 262 262 262 267 267 267 267 266 265 264 265 265 266 267 268 269 270 269 269 268 269 274 276 276 277 276 277 277 278 278 279
258 258 259 259 259 260 259 259 259 259 260 261 261 262 262 262 261 261 261 261 261 262 262 262 263 263 264 265 264 265 265 265 265 264 264 265 265 269 269 261 261 261 261 261 260 260 260 260 258 257 259 260 261 261 262 267 267 267 267 267 266 264 264 265 265 266 266 267 267 267 268 273 269 274 275 276 276 276 276 277 277 277 278 279
257 258 258 259 259 259 258 258 259 259 260 260 261 261 261 261 261 261 261 261 262 263 263 262 263 264 264 265 265 266 266 266 266 266 266 260 263 269 269 261 260 261 261 261 260 261 261 260 259 260 260 261 261 261 264 267 267 268 268 266 265 265 265 265 265 270 267 267 268 267 269 272 274 275 275 275 275 275 276 276 277 277 278 278
256 257 258 258 258 259 258 258 259 259 259 260 261 261 261 261 261 261 261 261 262 263 264 263 264 265 265 266 266 266 267 267 266 267 267 267 268 268 269 260 260 260 260 261 260 261 262 261 262 261 260 261 262 261 266 267 268 268 265 265 265 265 266 266 266 270 271 270 268 268 273 274 274 274 274 274 274 274 275 276 276 277 277 278
256 257 257 257 258 259 258 258 258 258 259 260 260 260 261 261 261 261 262 262 262 263 264 264 264 265 265 266 266 267 267 267 266 267 268 268 268 268 267 260 259 260 260 262 261 261 262 264 264 264 261 262 262 261 266 267 268 268 269 267 268 269 266 266 266 271 271 272 273 273 273 273 273 273 273 273 273 274 275 275 276 276 277 277
255 256 257 257 258 258 257 258 258 258 259 259 260 260 261 261 262 261 262 262 263 264 264 264 265 266 266 266 266 266 267 267 267 267 268 268 268 260 260 259 259 260 260 262 263 263 263 264 265 265 265 263 262 266 267 267 268 268 268 269 269 269 269 270 271 271 272 271 271 272 273 272 273 272 272 272 273 274 274 275 275 276 277 277
254 255 256 257 257 257 257 258 259 259 259 259 260 260 261 261 262 262 262 263 263 264 265 265 265 266 266 265 265 266 267 267 267 267 268 267 267 264 260 260 260 260 261 262 262 262 264 264 265 265 265 265 265 267 268 267 267 268 268 268 269 269 269 269 270 271 271 271 271 272 271 272 272 272 271 272 273 273 274 274 275 276 277 277
253 254 256 256 257 257 258 258 259 259 259 259 260 261 261 261 262 262 263 263 264 264 265 265 265 264 264 265 264 266 266 265 265 266 266 266 266 265 260 260 260 260 260 263 262 264 264 265 265 265 265 265 266 266 266 266 267 268 268 268 268 268 269 270 270 270 270 270 271 271 271 271 272 271 271 272 272 273 274 275 275 276 276 277
252 254 255 257 257 258 258 259 259 260 260 260 261 261 261 262 262 262 263 263 264 265 265 264 264 264 263 264 264 266 266 264 265 265 264 265 266 263 264 260 260 260 261 262 263 263 264 265 265 265 266 265 266 266 267 267 266 268 267 268 268 268 268 269 269 270 269 270 270 270 271 271 271 270 271 272 272 273 273 274 275 276 276 276
252 254 256 257 258 258 258 259 260 260 261 261 261 262 262 262 262 262 262 263 264 265 264 264 263 263 263 264 265 265 265 264 265 264 264 265 265 265 263 263 262 261 261 262 262 263 264 264 265 264 266 265 265 265 266 265 267 267 267 267 267 267 268 268 268 269 269 269 270 270 271 270 270 271 271 272 272 273 273 274 275 276 276 276
251 255 256 257 258 259 259 259 260 260 261 261 261 262 263 263 263 263 263 263 264 264 264 263 262 262 262 264 265 265 265 263 263 263 262 264 264 265 264 264 262 262 261 261 262 263 264 264 264 265 265 265 265 265 266 265 266 267 267 266 268 267 268 268 268 268 268 269 270 269 269 270 270 270 271 272 273 273 274 275 275 275 276 276
254 256 257 257 257 259 259 260 261 261 261 262 262 262 263 263 263 263 264 264 264 263 263 262 261 262 263 263 265 265 265 264 262 260 263 262 264 264 264 264 263 261 261 261 262 263 263 264 264 264 265 264 264 264 264 266 265 266 266 267 267 268 267 267 267 268 269 268 269 269 269 269 270 270 271 272 273 274 275 275 276 275 276 275
251 257 258 258 258 259 259 260 261 261 262 262 262 262 262 262 263 263 264 264 264 263 262 262 261 262 262 263 263 265 265 264 262 259 259 262 262 263 264 263 262 262 262 261 262 262 263 263 264 264 264 264 264 265 265 265 266 266 266 267 267 267 267 267 267 267 267 268 268 268 269 270 270 271 271 273 273 274 275 275 275 275 275 275
256 258 259 259 259 259 260 261 261 261 261 261 262 262 262 262 263 263 263 263 263 262 262 261 261 262 262 263 264 264 264 263 262 258 258 260 263 264 263 262 263 262 260 261 261 263 262 263 263 264 264 264 264 264 265 266 266 266 267 267 267 268 267 267 267 267 267 268 268 269 270 270 271 271 271 273 274 274 275 274 274 275 275 275
258 259 259 260 260 260 260 261 261 261 260 261 261 261 261 262 263 263 263 263 263 261 261 260 261 261 262 263 264 264 264 264 263 258 257 259 262 262 261 263 261 261 260 261 261 262 261 263 263 263 263 264 264 265 266 266 267 267 267 267 267 267 268 268 268 268 269 269 269 270 270 271 271 272 273 274 274 274 274 274 274 274 274 275
258 258 258 259 260 260 260 260 261 260 261 261 261 260 261 262 262 262 261 262 262 262 260 260 260 260 261 262 263 264 264 263 262 257 257 258 262 262 261 261 261 262 260 259 261 262 263 262 263 264 263 264 265 265 265 266 267 267 267 268 268 267 268 268 268 269 269 269 269 269 270 270 271 272 273 274 273 273 273 272 273 274 274 275
258 257 258 258 259 259 259 259 259 260 261 261 260 261 261 262 262 262 261 262 262 260 260 260 260 260 261 262 263 263 263 263 261 260 259 260 261 261 258 260 261 260 261 260 260 261 262 262 264 264 265 264 265 265 266 266 267 267 267 268 268 267 267 268 269 270 269 269 270 270 270 270 272 272 272 272 272 272 272 272 273 273 274 275
258 256 257 257 257 258 259 259 259 260 260 260 259 260 261 261 262 261 261 261 261 258 259 259 260 260 261 261 262 262 263 263 262 261 259 259 260 260 259 260 260 260 260 260 260 262 262 263 264 264 264 264 265 265 266 266 266 267 267 267 267 267 267 267 268 268 269 269 270 270 270 271 271 271 271 271 271 271 271 272 272 274 274 274
257 256 256 256 256 257 259 258 258 260 260 259 259 260 260 261 261 260 260 261 260 256 256 259 260 261 260 262 261 262 262 262 262 261 260 259 260 260 259 259 260 259 260 260 260 261 262 263 263 264 263 265 265 265 265 265 266 266 266 266 266 267 268 268 268 268 269 269 269 270 271 271 270 270 270 270 270 271 272 272 273 274 274 275
257 256 256 255 255 256 258 258 259 259 260 259 260 260 260 260 260 259 260 261 260 256 256 258 259 260 260 260 261 262 262 262 261 261 261 259 260 260 259 258 259 260 259 260 260 261 262 263 263 264 264 264 264 265 265 265 265 266 266 266 266 267 267 268 268 269 269 269 269 270 269 269 270 269 269 270 270 272 272 273 273 273 274 273
256 256 255 255 256 257 257 258 259 259 259 258 259 260 260 260 259 259 259 260 260 257 256 255 260 260 260 261 260 261 262 261 260 262 261 259 258 258 259 258 259 260 259 260 260 259 260 262 263 263 264 265 265 264 266 264 264 265 265 266 266 266 267 268 268 268 268 268 269 269 269 269 269 269 270 270 271 270 272 272 273 273 273 273
