invasiveSpecies/multiSpecies/data/worldclim_KE/worldclim_KE_2050_BC85_Bio6.asc
ncols         347
nrows         295
xllcorner     36.068012264173
yllcorner     0.13039239511974
cellsize      0.0083333333333333
NODATA_value  -9999
[rows 37 to 73 of 295, columns 168 to 251 of 347]
-9999 -9999 -9999 -9999 -9999 -9999 -9999 -9999 -9999 -9999 -9999 -9999 -9999 -9999 -9999 -9999 -9999 -9999 -9999 -9999 -9999 -9999 -9999 -9999 -9999 -9999 -9999 -9999 -9999 -9999 -9999 -9999 -9999 -9999 -9999 -9999 164 163 162 161 161 160 166 175 156 156 153 153 149 147 144 141 -9999 -9999 -9999 -9999 -9999 -9999 -9999 -9999 -9999 -9999 -9999 -9999 -9999 -9999 -9999 -9999 150 153 154 156 160 161 164 167 168 169 171 173 174 175 177 177
-9999 -9999 -9999 -9999 -9999 -9999 -9999 -9999 -9999 -9999 -9999 -9999 -9999 -9999 -9999 -9999 -9999 -9999 -9999 -9999 -9999 -9999 -9999 -9999 -9999 -9999 -9999 -9999 -9999 -9999 -9999 -9999 -9999 -9999 -9999 -9999 164 163 162 161 160 159 157 162 155 154 151 150 148 146 145 143 139 -9999 -9999 -9999 -9999 -9999 -9999 -9999 -9999 -9999 -9999 -9999 -9999 -9999 -9999 150 152 154 156 158 161 163 166 169 170 171 173 174 175 176 176 177
-9999 -9999 -9999 -9999 -9999 -9999 -9999 -9999 -9999 -9999 -9999 -9999 -9999 -9999 -9999 -9999 -9999 -9999 -9999 -9999 -9999 -9999 -9999 -9999 -9999 -9999 -9999 -9999 -9999 -9999 -9999 -9999 -9999 -9999 -9999 165 165 163 162 160 159 159 158 156 154 151 150 149 146 144 144 142 135 132 130 -9999 -9999 -9999 -9999 -9999 -9999 -9999 -9999 -9999 -9999 -9999 -9999 151 154 156 157 159 161 166 168 169 171 172 173 174 175 176 177 179
-9999 -9999 -9999 -9999 -9999 -9999 -9999 -9999 -9999 -9999 -9999 -9999 -9999 -9999 -9999 -9999 -9999 -9999 -9999 -9999 -9999 -9999 -9999 -9999 -9999 -9999 -9999 -9999 -9999 -9999 -9999 -9999 -9999 -9999 -9999 -9999 164 162 161 160 160 159 157 156 153 151 150 148 143 143 140 139 135 133 130 131 130 -9999 -9999 -9999 -9999 -9999 -9999 -9999 -9999 152 153 153 154 157 158 158 162 168 169 170 172 173 174 175 176 177 178 179
-9999 -9999 -9999 -9999 -9999 -9999 -9999 -9999 -9999 -9999 -9999 -9999 -9999 -9999 -9999 -9999 -9999 -9999 -9999 -9999 -9999 -9999 -9999 -9999 -9999 -9999 -9999 -9999 -9999 -9999 -9999 -9999 -9999 -9999 -9999 -9999 164 163 162 160 159 158 157 155 152 151 150 148 147 144 143 141 136 136 137 138 136 -9999 -9999 -9999 -9999 -9999 -9999 -9999 153 154 156 156 156 159 162 163 169 171 171 172 173 174 175 175 177 177 179 180
-9999 -9999 -9999 -9999 -9999 -9999 -9999 -9999 -9999 -9999 -9999 -9999 -9999 -9999 -9999 -9999 -9999 -9999 -9999 -9999 -9999 -9999 -9999 -9999 -9999 -9999 -9999 -9999 -9999 -9999 -9999 -9999 -9999 -9999 -9999 -9999 165 163 162 160 158 158 156 154 154 151 149 149 149 145 143 142 141 141 141 141 139 -9999 -9999 -9999 -9999 -9999 -9999 -9999 156 156 155 159 159 162 164 166 171 172 172 173 174 175 176 177 177 179 181 182
-9999 -9999 -9999 -9999 -9999 -9999 -9999 -9999 -9999 -9999 -9999 -9999 -9999 -9999 -9999 -9999 -9999 -9999 -9999 -9999 -9999 -9999 -9999 -9999 -9999 -9999 -9999 -9999 -9999 -9999 -9999 -9999 -9999 -9999 -9999 -9999 165 163 162 159 158 158 156 155 153 152 150 149 149 144 143 144 142 142 142 145 146 -9999 -9999 -9999 -9999 -9999 155 155 158 159 157 160 162 165 167 169 171 172 173 174 174 176 177 178 179 180 183 181
-9999 -9999 -9999 -9999 -9999 -9999 -9999 -9999 -9999 -9999 -9999 -9999 -9999 -9999 -9999 -9999 -9999 -9999 -9999 -9999 -9999 -9999 -9999 -9999 -9999 -9999 -9999 -9999 -9999 -9999 -9999 -9999 -9999 -9999 -9999 -9999 164 163 162 160 158 157 156 156 155 153 153 150 150 146 147 147 143 147 145 145 147 150 151 152 153 155 157 158 159 160 160 161 165 166 168 171 173 173 173 174 175 176 177 179 180 181 183 182
-9999 -9999 -9999 -9999 -9999 -9999 -9999 -9999 -9999 -9999 -9999 -9999 -9999 -9999 -9999 -9999 -9999 -9999 -9999 -9999 -9999 -9999 -9999 -9999 -9999 -9999 -9999 -9999 -9999 -9999 -9999 -9999 -9999 -9999 -9999 -9999 164 163 162 161 158 156 156 156 154 153 153 153 151 148 148 148 148 148 152 165 153 151 153 154 155 156 159 160 161 163 163 164 166 167 169 172 174 175 174 175 175 176 178 179 180 182 182 184
-9999 -9999 -9999 -9999 -9999 -9999 -9999 -9999 -9999 -9999 -9999 -9999 -9999 -9999 -9999 -9999 -9999 -9999 -9999 -9999 -9999 -9999 -9999 -9999 -9999 -9999 -9999 -9999 -9999 -9999 -9999 -9999 -9999 -9999 -9999 166 164 164 162 161 159 158 156 155 154 153 153 153 151 150 149 149 150 150 164 165 156 154 155 157 158 158 160 161 163 165 165 165 168 169 171 172 174 176 173 174 176 177 178 179 180 182 184 186
-9999 -9999 -9999 -9999 -9999 -9999 -9999 -9999 -9999 -9999 -9999 -9999 -9999 -9999 -9999 -9999 -9999 -9999 -9999 -9999 -9999 -9999 -9999 -9999 -9999 -9999 -9999 -9999 -9999 -9999 -9999 -9999 -9999 -9999 -9999 167 166 164 163 162 160 158 157 156 155 154 153 153 153 150 148 149 151 153 155 156 154 157 156 159 161 161 162 164 166 166 168 167 169 171 172 174 176 177 177 177 178 178 180 181 182 184 184 185
-9999 -9999 -9999 -9999 -9999 -9999 -9999 -9999 -9999 -9999 -9999 -9999 -9999 -9999 -9999 -9999 -9999 -9999 -9999 -9999 -9999 -9999 -9999 -9999 -9999 -9999 -9999 -9999 -9999 -9999 -9999 -9999 -9999 -9999 -9999 168 177 177 163 161 160 159 157 155 156 155 153 153 152 152 151 151 152 154 155 156 157 158 159 160 160 162 165 166 167 167 168 170 171 173 174 176 177 178 178 178 179 180 181 183 182 184 185 186
-9999 -9999 -9999 -9999 -9999 -9999 -9999 -9999 -9999 -9999 -9999 -9999 -9999 -9999 -9999 -9999 -9999 -9999 -9999 -9999 -9999 -9999 -9999 -9999 -9999 -9999 -9999 -9999 -9999 -9999 -9999 -9999 -9999 -9999 -9999 168 171 167 163 162 161 159 158 157 156 154 153 153 152 154 153 155 155 156 157 157 159 160 161 161 162 163 165 167 168 171 171 172 174 174 176 175 178 178 178 179 180 181 182 183 184 184 185 186
-9999 -9999 -9999 -9999 -9999 -9999 -9999 -9999 -9999 -9999 -9999 -9999 -9999 -9999 -9999 -9999 -9999 -9999 -9999 -9999 -9999 -9999 -9999 -9999 -9999 -9999 -9999 -9999 -9999 -9999 -9999 -9999 -9999 -9999 -9999 168 166 165 163 162 161 159 159 157 155 156 154 154 154 156 154 158 158 158 159 161 161 162 162 163 164 164 166 168 171 175 172 174 175 175 176 177 178 179 179 180 181 182 183 185 185 186 187 186
-9999 -9999 -9999 -9999 -9999 -9999 -9999 -9999 -9999 -9999 -9999 -9999 -9999 -9999 -9999 -9999 -9999 -9999 -9999 -9999 -9999 -9999 -9999 -9999 -9999 -9999 -9999 -9999 -9999 -9999 -9999 -9999 -9999 -9999 -9999 168 167 166 164 162 162 162 160 158 158 158 156 154 156 157 159 160 159 160 160 161 162 163 164 165 165 167 168 169 172 176 173 174 176 176 177 178 178 180 180 181 181 182 184 185 187 187 188 187
-9999 -9999 -9999 -9999 -9999 -9999 -9999 -9999 -9999 -9999 -9999 -9999 -9999 -9999 -9999 -9999 -9999 -9999 -9999 -9999 -9999 -9999 -9999 -9999 -9999 -9999 -9999 -9999 -9999 -9999 -9999 -9999 -9999 -9999 -9999 168 167 166 164 164 163 161 161 160 159 158 156 157 157 158 160 162 161 162 161 163 164 164 165 166 168 169 169 170 171 176 174 175 177 177 178 178 179 181 181 182 183 183 184 185 187 188 189 189
-9999 -9999 -9999 -9999 -9999 -9999 -9999 -9999 -9999 -9999 -9999 -9999 -9999 -9999 -9999 -9999 -9999 -9999 -9999 -9999 -9999 -9999 -9999 -9999 -9999 -9999 -9999 -9999 -9999 -9999 -9999 -9999 -9999 -9999 -9999 168 167 166 165 164 164 162 163 161 161 159 157 159 159 161 162 163 163 163 163 164 165 166 167 168 171 170 172 171 174 175 178 177 177 178 179 178 179 180 181 182 183 186 187 186 187 189 189 190
-9999 -9999 -9999 -9999 -9999 -9999 -9999 -9999 -9999 -9999 -9999 -9999 -9999 -9999 -9999 -9999 -9999 -9999 -9999 -9999 -9999 -9999 -9999 -9999 -9999 -9999 -9999 -9999 -9999 -9999 -9999 -9999 -9999 -9999 -9999 168 168 167 166 165 164 164 164 162 160 160 160 161 161 163 163 165 164 166 166 166 166 167 168 169 171 171 174 174 173 175 176 178 178 178 179 180 180 181 182 183 185 188 188 187 188 190 190 190
-9999 -9999 -9999 -9999 -9999 -9999 -9999 -9999 -9999 -9999 -9999 -9999 -9999 -9999 -9999 -9999 -9999 -9999 -9999 -9999 -9999 -9999 -9999 -9999 -9999 -9999 -9999 -9999 -9999 -9999 -9999 -9999 -9999 -9999 -9999 168 169 167 167 166 165 165 165 164 163 163 162 164 164 164 165 166 167 168 167 168 168 168 169 170 172 173 173 175 175 176 178 178 179 181 181 181 180 182 182 184 184 185 187 190 190 190 191 191
-9999 -9999 -9999 -9999 -9999 -9999 -9999 -9999 -9999 -9999 -9999 -9999 -9999 -9999 -9999 -9999 -9999 -9999 -9999 -9999 -9999 -9999 -9999 -9999 -9999 -9999 -9999 -9999 -9999 -9999 -9999 -9999 -9999 -9999 -9999 168 169 168 168 167 166 166 165 165 163 164 164 165 166 166 167 167 168 169 169 169 169 170 170 172 173 175 182 176 176 176 179 180 180 186 182 182 182 183 184 185 185 185 185 188 191 191 191 192
-9999 -9999 -9999 -9999 -9999 -9999 -9999 -9999 -9999 -9999 -9999 -9999 -9999 -9999 -9999 -9999 -9999 -9999 -9999 -9999 -9999 -9999 -9999 -9999 -9999 -9999 -9999 -9999 -9999 -9999 -9999 -9999 -9999 -9999 170 170 170 169 168 168 167 167 166 166 164 165 165 166 167 167 167 168 168 169 172 171 170 171 171 173 173 174 175 176 178 179 178 182 184 183 187 185 184 185 185 187 187 188 187 190 190 192 191 192
-9999 -9999 -9999 -9999 -9999 -9999 -9999 -9999 -9999 -9999 -9999 -9999 -9999 -9999 -9999 -9999 -9999 -9999 -9999 -9999 -9999 -9999 -9999 -9999 -9999 -9999 -9999 -9999 -9999 -9999 -9999 -9999 -9999 -9999 172 172 171 171 169 169 168 168 167 167 166 167 168 168 168 168 167 168 169 171 171 174 173 173 173 174 173 175 176 176 178 179 185 182 188 184 187 188 187 185 185 186 187 189 188 190 190 191 192 192
-9999 -9999 -9999 -9999 -9999 -9999 -9999 -9999 -9999 -9999 -9999 -9999 -9999 -9999 -9999 -9999 -9999 -9999 -9999 -9999 -9999 -9999 -9999 -9999 -9999 -9999 -9999 -9999 -9999 -9999 -9999 -9999 -9999 -9999 174 173 172 171 171 169 168 168 168 168 168 169 169 169 168 169 168 169 170 173 174 174 175 174 174 175 175 175 177 177 179 180 183 189 190 189 191 189 186 187 185 186 189 189 190 189 191 191 192 193
-9999 -9999 -9999 -9999 -9999 -9999 -9999 -9999 -9999 -9999 -9999 -9999 -9999 -9999 -9999 -9999 -9999 -9999 -9999 -9999 -9999 -9999 -9999 -9999 -9999 -9999 -9999 -9999 -9999 -9999 -9999 -9999 -9999 -9999 175 175 174 173 172 172 170 170 170 169 169 170 171 171 170 170 171 171 171 173 175 176 175 176 176 176 176 176 177 178 178 179 180 188 189 190 190 190 189 189 189 187 189 189 191 191 191 192 192 192
-9999 -9999 -9999 -9999 -9999 -9999 -9999 -9999 -9999 -9999 -9999 -9999 -9999 -9999 -9999 -9999 -9999 -9999 -9999 -9999 -9999 -9999 -9999 -9999 -9999 -9999 -9999 -9999 -9999 -9999 -9999 -9999 -9999 176 176 176 175 173 173 173 172 170 171 170 171 171 172 172 172 172 173 173 173 174 176 175 175 179 177 176 177 177 178 178 183 181 187 189 190 192 192 191 192 187 190 189 190 190 190 192 193 193 193 193
-9999 -9999 -9999 -9999 -9999 -9999 -9999 -9999 -9999 -9999 -9999 -9999 -9999 -9999 -9999 -9999 -9999 -9999 -9999 -9999 -9999 -9999 -9999 -9999 -9999 -9999 -9999 -9999 -9999 -9999 -9999 -9999 -9999 177 177 176 176 175 176 173 173 172 173 172 172 173 173 174 173 173 174 174 174 176 177 178 178 180 180 176 177 178 178 178 187 189 189 190 191 191 191 191 192 192 191 191 190 190 191 192 193 193 194 194
-9999 -9999 -9999 -9999 -9999 -9999 -9999 -9999 -9999 -9999 -9999 -9999 -9999 -9999 -9999 -9999 -9999 -9999 -9999 -9999 -9999 -9999 -9999 -9999 -9999 -9999 -9999 -9999 -9999 -9999 -9999 -9999 -9999 178 178 177 177 177 177 176 174 174 174 173 174 173 174 176 176 175 175 176 175 180 179 179 180 180 185 179 180 186 187 191 192 191 191 191 192 192 192 192 192 192 190 191 190 191 191 192 193 194 194 194
-9999 -9999 -9999 -9999 -9999 -9999 -9999 -9999 -9999 -9999 -9999 -9999 -9999 -9999 -9999 -9999 -9999 -9999 -9999 -9999 -9999 -9999 -9999 -9999 -9999 -9999 -9999 -9999 -9999 -9999 -9999 -9999 -9999 179 179 178 178 178 179 178 176 176 176 175 175 175 176 178 177 177 177 178 178 181 181 181 182 181 181 181 186 190 190 191 192 192 192 193 192 192 192 193 193 192 191 189 189 190 191 192 192 193 194 194
-9999 -9999 -9999 -9999 -9999 -9999 -9999 -9999 -9999 -9999 -9999 -9999 -9999 -9999 -9999 -9999 -9999 -9999 -9999 -9999 -9999 -9999 -9999 -9999 -9999 -9999 -9999 -9999 -9999 -9999 -9999 -9999 -9999 180 181 180 180 180 180 179 178 177 177 178 178 178 178 178 178 178 178 182 180 180 180 183 183 182 184 187 190 191 191 192 192 192 192 193 193 193 193 193 193 193 191 187 188 188 191 192 193 194 194 194
-9999 -9999 -9999 -9999 -9999 -9999 -9999 -9999 -9999 -9999 -9999 -9999 -9999 -9999 -9999 -9999 -9999 -9999 -9999 -9999 -9999 -9999 -9999 -9999 -9999 -9999 -9999 -9999 -9999 -9999 -9999 -9999 -9999 181 181 181 181 181 181 181 179 179 179 179 179 179 181 181 180 180 181 184 183 182 182 183 185 185 185 187 190 191 192 192 192 192 192 192 193 193 193 193 193 193 191 186 187 188 190 192 193 194 195 195
-9999 -9999 -9999 -9999 -9999 -9999 -9999 -9999 -9999 -9999 -9999 -9999 -9999 -9999 -9999 -9999 -9999 -9999 -9999 -9999 -9999 -9999 -9999 -9999 -9999 -9999 -9999 -9999 -9999 -9999 -9999 -9999 182 182 182 182 182 182 182 182 181 181 182 180 181 182 182 182 182 181 182 183 184 184 184 184 186 185 187 190 191 191 191 192 192 192 193 193 193 193 193 193 193 193 190 184 185 188 191 193 192 194 195 195
-9999 -9999 -9999 -9999 -9999 -9999 -9999 -9999 -9999 -9999 -9999 -9999 -9999 -9999 -9999 -9999 -9999 -9999 -9999 -9999 -9999 -9999 -9999 -9999 -9999 -9999 -9999 -9999 -9999 -9999 -9999 -9999 182 183 183 183 183 183 183 183 183 183 183 183 183 183 183 184 182 184 184 184 186 185 185 187 186 186 189 191 191 192 192 192 193 193 193 193 193 193 193 193 193 193 189 183 184 187 190 192 193 194 195 195
-9999 -9999 -9999 -9999 -9999 -9999 -9999 -9999 -9999 -9999 -9999 -9999 -9999 -9999 -9999 -9999 -9999 -9999 -9999 -9999 -9999 -9999 -9999 -9999 -9999 -9999 -9999 -9999 -9999 -9999 -9999 -9999 183 183 183 183 183 184 184 183 183 183 184 185 185 185 184 185 186 186 187 186 187 187 187 188 186 187 190 191 191 192 192 193 193 193 193 193 193 192 192 193 193 193 191 183 186 187 190 192 192 194 195 195
-9999 -9999 -9999 -9999 -9999 -9999 -9999 -9999 -9999 -9999 -9999 -9999 -9999 -9999 -9999 -9999 -9999 -9999 -9999 -9999 -9999 -9999 -9999 -9999 -9999 -9999 -9999 -9999 -9999 -9999 -9999 183 183 184 184 184 184 184 184 184 184 184 184 185 186 186 186 185 187 188 187 188 188 189 189 189 188 190 190 191 191 192 192 193 193 193 193 193 193 193 193 193 193 193 188 185 188 189 190 193 193 194 195 195
-9999 -9999 -9999 -9999 -9999 -9999 -9999 -9999 -9999 -9999 -9999 -9999 -9999 -9999 -9999 -9999 -9999 -9999 -9999 -9999 -9999 -9999 -9999 -9999 -9999 -9999 -9999 -9999 -9999 -9999 -9999 183 183 184 184 184 185 185 185 184 185 185 185 185 187 187 187 188 188 189 189 190 189 190 191 190 189 189 190 191 191 192 193 193 193 193 193 193 193 193 193 193 193 193 184 186 189 190 193 193 195 195 196 196
-9999 -9999 -9999 -9999 -9999 -9999 -9999 -9999 -9999 -9999 -9999 -9999 -9999 -9999 -9999 -9999 -9999 -9999 -9999 -9999 -9999 -9999 -9999 -9999 -9999 -9999 -9999 -9999 -9999 -9999 185 184 184 184 184 185 185 185 185 186 185 185 186 187 188 188 189 189 189 190 190 190 191 191 191 191 191 191 191 191 192 193 193 193 193 193 193 193 193 193 193 193 193 184 184 188 189 190 192 193 194 196 196 196
-9999 -9999 -9999 -9999 -9999 -9999 -9999 -9999 -9999 -9999 -9999 -9999 -9999 -9999 -9999 -9999 -9999 -9999 -9999 -9999 -9999 -9999 -9999 -9999 -9999 -9999 -9999 -9999 -9999 -9999 185 186 185 185 185 185 186 186 186 187 186 186 186 187 188 188 189 191 190 190 191 191 191 191 191 191 191 191 191 192 192 193 193 193 193 193 193 193 193 193 194 193 194 193 191 191 189 190 191 194 194 196 196 196
