invasiveSpecies/multiSpecies/data/worldclim_KE/worldclim_KE_2050_BC26_Bio16.asc
ncols         347
nrows         295
xllcorner     36.068012264173
yllcorner     0.13039239511974
cellsize      0.0083333333333333
NODATA_value  -9999
[rows 222 to 258 of 295, columns 84 to 167 of 347]
-9999 -9999 -9999 -9999 -9999 -9999 -9999 -9999 -9999 -9999 -9999 -9999 -9999 -9999 -9999 -9999 -9999 -9999 -9999 -9999 -9999 -9999 -9999 -9999 -9999 -9999 -9999 -9999 -9999 -9999 -9999 -9999 -9999 -9999 -9999 -9999 -9999 -9999 -9999 -9999 -9999 -9999 -9999 -9999 -9999 -9999 -9999 -9999 -9999 -9999 -9999 -9999 -9999 301 289 290 290 293 289 282 277 266 264 271 276 279 286 286 292 295 291 289 285 278 274 273 270 268 267 270 273 275 347 342
-9999 -9999 -9999 -9999 -9999 -9999 -9999 -9999 -9999 -9999 -9999 -9999 -9999 -9999 -9999 -9999 -9999 -9999 -9999 -9999 -9999 -9999 -9999 -9999 -9999 -9999 -9999 -9999 -9999 -9999 -9999 -9999 -9999 -9999 -9999 -9999 -9999 -9999 -9999 -9999 -9999 -9999 -9999 -9999 -9999 -9999 -9999 -9999 -9999 -9999 -9999 -9999 -9999 308 291 304 298 299 297 291 283 274 264 264 271 274 279 285 288 293 293 292 292 285 278 273 269 268 267 270 284 358 373 349
-9999 -9999 -9999 -9999 -9999 -9999 -9999 -9999 -9999 -9999 -9999 -9999 -9999 -9999 -9999 -9999 -9999 -9999 -9999 -9999 -9999 -9999 -9999 -9999 -9999 -9999 -9999 -9999 -9999 -9999 -9999 -9999 -9999 -9999 -9999 -9999 -9999 -9999 -9999 -9999 -9999 -9999 -9999 -9999 -9999 -9999 -9999 -9999 -9999 -9999 -9999 -9999 -9999 321 311 316 311 310 305 295 287 281 274 264 267 270 275 278 283 289 290 291 301 291 286 277 271 268 266 289 298 364 403 372
-9999 -9999 -9999 -9999 -9999 -9999 -9999 -9999 -9999 -9999 -9999 -9999 -9999 -9999 -9999 -9999 -9999 -9999 -9999 -9999 -9999 -9999 -9999 -9999 -9999 -9999 -9999 -9999 -9999 -9999 -9999 -9999 -9999 -9999 -9999 -9999 -9999 -9999 -9999 -9999 -9999 -9999 -9999 -9999 -9999 -9999 -9999 -9999 -9999 -9999 -9999 -9999 -9999 325 325 323 321 315 306 295 289 284 275 265 263 267 271 275 282 285 285 286 291 295 311 285 276 270 272 304 340 360 365 378
-9999 -9999 -9999 -9999 -9999 -9999 -9999 -9999 -9999 -9999 -9999 -9999 -9999 -9999 -9999 -9999 -9999 -9999 -9999 -9999 -9999 -9999 -9999 -9999 -9999 -9999 -9999 -9999 -9999 -9999 -9999 -9999 -9999 -9999 -9999 -9999 -9999 -9999 -9999 -9999 -9999 -9999 -9999 -9999 -9999 -9999 -9999 -9999 -9999 -9999 -9999 -9999 -9999 331 337 328 326 323 310 301 295 294 281 269 259 264 272 276 277 280 282 282 284 294 328 298 280 274 273 322 378 339 326 343
194 197 201 202 -9999 -9999 -9999 -9999 -9999 -9999 -9999 -9999 -9999 -9999 -9999 -9999 -9999 -9999 -9999 -9999 -9999 -9999 -9999 -9999 -9999 -9999 -9999 -9999 -9999 -9999 -9999 -9999 -9999 -9999 -9999 -9999 -9999 -9999 -9999 -9999 -9999 -9999 -9999 -9999 -9999 -9999 -9999 -9999 -9999 -9999 -9999 -9999 334 336 339 334 330 322 314 309 312 308 287 273 265 257 273 270 273 278 278 277 281 289 295 301 287 281 276 284 298 306 301 292
196 204 202 208 205 210 225 220 -9999 -9999 -9999 -9999 -9999 -9999 -9999 -9999 -9999 -9999 -9999 -9999 -9999 -9999 -9999 -9999 -9999 -9999 -9999 -9999 -9999 -9999 -9999 -9999 -9999 -9999 -9999 -9999 -9999 -9999 -9999 -9999 -9999 -9999 -9999 -9999 -9999 -9999 -9999 -9999 -9999 -9999 -9999 346 334 337 344 340 333 327 320 311 313 306 291 279 269 256 262 267 268 275 271 272 276 284 288 318 300 287 278 284 315 319 311 309
199 200 203 203 208 210 219 231 230 220 -9999 -9999 -9999 -9999 -9999 -9999 -9999 -9999 -9999 -9999 -9999 -9999 -9999 -9999 -9999 -9999 -9999 -9999 -9999 -9999 -9999 -9999 -9999 -9999 -9999 -9999 -9999 -9999 -9999 -9999 -9999 -9999 -9999 -9999 -9999 -9999 -9999 -9999 -9999 -9999 -9999 341 344 342 343 344 332 326 315 304 299 286 284 276 268 261 254 262 262 273 268 271 272 281 298 345 317 301 278 276 288 344 367 336
195 196 199 203 205 209 210 224 235 218 -9999 -9999 -9999 -9999 -9999 -9999 -9999 -9999 -9999 -9999 -9999 -9999 -9999 -9999 -9999 -9999 -9999 -9999 -9999 -9999 -9999 -9999 -9999 -9999 -9999 -9999 -9999 -9999 -9999 -9999 -9999 -9999 -9999 -9999 -9999 -9999 -9999 -9999 -9999 -9999 349 347 350 345 344 337 329 320 312 306 303 292 287 278 272 264 253 256 261 270 264 266 269 274 292 363 344 292 278 282 291 357 379 368
192 195 196 202 206 206 209 236 237 217 214 -9999 -9999 -9999 -9999 -9999 -9999 -9999 -9999 -9999 -9999 -9999 -9999 -9999 -9999 -9999 -9999 -9999 -9999 -9999 -9999 -9999 -9999 -9999 -9999 -9999 -9999 -9999 -9999 -9999 -9999 -9999 -9999 -9999 -9999 -9999 -9999 -9999 -9999 357 351 357 353 349 337 330 324 322 318 316 307 299 292 286 272 267 258 252 261 271 265 262 267 274 285 305 395 289 268 265 276 317 330 303
191 194 197 201 204 204 206 211 231 217 216 216 -9999 -9999 -9999 -9999 -9999 -9999 -9999 -9999 -9999 -9999 -9999 -9999 -9999 -9999 -9999 -9999 -9999 -9999 -9999 -9999 -9999 -9999 -9999 -9999 -9999 -9999 -9999 -9999 -9999 -9999 -9999 -9999 -9999 -9999 -9999 -9999 -9999 358 359 357 354 341 336 330 322 317 317 315 307 298 291 283 276 267 261 252 254 263 262 261 262 268 276 291 304 320 273 277 271 292 334 289
190 194 200 201 202 202 207 213 222 243 230 256 -9999 -9999 -9999 -9999 -9999 -9999 -9999 -9999 -9999 -9999 -9999 -9999 -9999 -9999 -9999 -9999 -9999 -9999 -9999 -9999 -9999 -9999 -9999 -9999 -9999 -9999 -9999 -9999 -9999 -9999 -9999 -9999 -9999 -9999 -9999 -9999 364 366 358 350 340 333 331 331 321 315 309 307 299 295 289 283 273 268 261 255 248 254 257 258 261 263 270 278 281 287 266 266 262 268 320 267
190 193 198 201 202 203 220 250 247 268 223 246 260 -9999 -9999 -9999 -9999 -9999 -9999 -9999 -9999 -9999 -9999 -9999 -9999 -9999 -9999 -9999 -9999 -9999 -9999 -9999 -9999 -9999 -9999 -9999 -9999 -9999 -9999 -9999 -9999 -9999 -9999 -9999 -9999 -9999 -9999 372 367 364 351 344 336 327 328 325 316 314 305 305 294 293 288 282 273 269 264 258 250 246 253 256 258 264 263 266 268 270 257 257 259 260 335 256
190 194 198 201 207 206 206 258 256 275 301 266 -9999 -9999 -9999 -9999 -9999 -9999 -9999 -9999 -9999 -9999 -9999 -9999 -9999 -9999 -9999 -9999 -9999 -9999 -9999 -9999 -9999 -9999 -9999 -9999 -9999 -9999 -9999 -9999 -9999 -9999 -9999 -9999 -9999 -9999 -9999 375 369 352 348 337 329 326 326 322 311 309 302 301 294 285 284 280 271 264 258 256 254 246 252 256 261 258 258 258 262 270 256 251 251 250 254 250
190 197 205 209 209 212 236 266 278 292 305 281 238 -9999 -9999 -9999 -9999 -9999 -9999 -9999 -9999 -9999 -9999 -9999 -9999 -9999 -9999 -9999 -9999 -9999 -9999 -9999 -9999 -9999 -9999 -9999 -9999 -9999 -9999 -9999 -9999 -9999 -9999 -9999 -9999 -9999 383 378 368 354 342 336 330 325 324 317 309 308 301 292 286 279 273 273 266 262 265 263 258 252 244 250 257 254 256 252 256 255 248 245 247 247 247 250
187 191 200 203 201 208 242 248 271 284 298 293 -9999 -9999 -9999 -9999 -9999 -9999 -9999 -9999 -9999 -9999 -9999 -9999 -9999 -9999 -9999 -9999 -9999 -9999 -9999 -9999 -9999 -9999 -9999 -9999 -9999 -9999 -9999 -9999 -9999 -9999 -9999 -9999 -9999 -9999 383 381 363 350 340 335 329 325 318 313 307 302 296 289 285 285 281 275 274 270 270 267 262 252 244 251 253 250 252 250 249 249 254 242 242 247 241 242
186 188 192 195 192 201 225 218 269 287 314 316 -9999 -9999 -9999 -9999 -9999 -9999 -9999 -9999 -9999 -9999 -9999 -9999 -9999 -9999 -9999 -9999 -9999 -9999 -9999 -9999 -9999 -9999 -9999 -9999 -9999 447 441 433 425 418 407 -9999 396 388 383 372 361 347 346 338 332 321 316 311 306 302 297 298 301 290 287 285 283 277 274 268 262 254 244 249 249 248 248 246 242 245 243 242 238 248 238 237
184 186 189 189 192 205 219 228 279 299 306 322 -9999 -9999 -9999 -9999 -9999 -9999 -9999 -9999 -9999 -9999 -9999 -9999 -9999 -9999 -9999 -9999 -9999 -9999 -9999 -9999 -9999 -9999 -9999 455 451 444 438 433 426 416 410 400 395 390 385 370 355 350 351 340 329 324 316 312 307 305 301 307 321 302 295 290 284 279 275 266 262 254 247 242 245 247 244 245 240 245 239 234 238 239 233 231
185 185 188 190 196 204 230 271 288 291 288 315 -9999 -9999 -9999 -9999 -9999 -9999 -9999 -9999 -9999 -9999 -9999 -9999 -9999 -9999 -9999 -9999 -9999 -9999 -9999 -9999 -9999 -9999 452 449 448 444 440 435 426 418 409 402 395 392 374 362 357 360 356 342 331 326 319 312 309 311 310 318 361 329 305 294 287 278 275 267 262 254 247 242 238 239 240 237 235 235 235 230 233 235 230 228
185 187 188 190 194 196 225 260 270 282 287 304 -9999 -9999 -9999 -9999 -9999 -9999 -9999 -9999 -9999 -9999 -9999 -9999 -9999 -9999 -9999 -9999 -9999 -9999 -9999 -9999 -9999 -9999 445 436 433 446 443 435 429 422 411 403 398 386 368 363 364 365 352 345 336 330 323 319 315 316 317 325 372 365 310 299 297 281 277 271 262 253 249 248 244 238 234 233 231 231 231 230 231 229 229 230
187 188 191 194 195 199 204 264 277 286 295 313 -9999 -9999 -9999 -9999 -9999 -9999 -9999 -9999 -9999 -9999 -9999 -9999 -9999 -9999 -9999 -9999 -9999 -9999 -9999 -9999 -9999 -9999 373 331 376 441 440 434 427 422 411 401 392 381 374 370 370 367 358 345 338 334 327 322 315 325 323 327 343 339 322 309 300 282 275 272 263 256 257 274 271 248 239 233 245 249 257 236 245 264 264 246
190 190 194 201 211 232 242 275 275 286 292 315 310 311 295 289 290 288 269 -9999 -9999 -9999 -9999 -9999 -9999 -9999 -9999 -9999 -9999 -9999 -9999 -9999 -9999 -9999 421 304 301 430 435 383 431 421 414 403 389 384 375 375 379 373 373 348 341 338 332 325 322 322 334 334 344 335 321 308 296 282 278 271 263 260 277 275 271 270 256 236 241 263 265 265 267 269 266 252
194 195 197 203 226 206 206 253 232 276 294 314 299 294 303 300 290 282 275 272 271 285 276 265 267 261 258 -9999 -9999 -9999 -9999 -9999 -9999 -9999 318 279 296 409 429 283 430 424 420 403 395 380 385 384 382 378 360 350 345 340 334 324 320 350 386 346 359 365 316 308 297 286 279 273 266 269 275 264 255 248 240 257 245 254 269 268 272 272 269 271
-9999 -9999 -9999 -9999 214 207 207 216 215 262 304 307 292 286 302 297 289 290 284 281 270 271 275 273 272 270 254 246 229 225 221 233 239 276 290 242 248 276 341 299 419 425 423 415 388 382 402 392 386 376 366 355 350 345 338 329 320 321 373 378 381 368 330 314 302 295 280 273 275 280 277 258 249 244 249 260 254 259 275 276 274 274 273 272
-9999 -9999 -9999 -9999 -9999 -9999 216 215 216 222 268 310 299 283 298 290 290 284 277 268 264 262 260 262 262 267 243 238 236 223 226 225 245 276 256 247 255 266 305 302 390 423 420 408 390 399 411 394 385 372 364 357 354 349 344 339 322 320 377 377 387 363 337 323 308 296 284 282 284 281 279 257 250 247 254 263 260 269 279 277 272 267 263 262
-9999 -9999 -9999 -9999 -9999 -9999 -9999 263 240 255 271 306 307 284 290 290 280 278 273 264 253 258 253 244 256 260 252 246 240 231 226 224 235 245 250 245 251 271 324 286 312 410 403 399 401 319 408 398 389 377 366 362 358 354 353 344 323 376 376 355 382 369 346 335 317 312 290 282 285 282 280 256 254 250 259 274 266 278 280 279 271 268 266 273
-9999 -9999 -9999 -9999 -9999 -9999 -9999 272 276 284 306 -9999 300 289 282 285 290 282 276 265 253 259 253 244 244 258 252 243 233 224 228 226 234 245 248 250 256 276 269 291 291 402 412 411 404 320 407 401 385 374 370 364 361 375 358 342 330 385 366 361 387 376 386 386 326 308 287 282 284 282 264 259 254 256 263 279 274 269 280 276 276 278 276 276
-9999 -9999 -9999 -9999 -9999 -9999 -9999 -9999 -9999 293 -9999 -9999 -9999 294 285 271 278 280 273 265 258 264 263 247 251 246 248 239 225 226 231 228 227 240 246 244 250 258 262 289 314 415 414 357 323 303 340 399 383 378 373 370 372 390 362 335 329 380 -9999 -9999 350 345 352 351 314 297 287 285 284 270 277 263 255 271 287 285 276 283 285 280 282 279 278 276
-9999 -9999 -9999 -9999 -9999 -9999 -9999 -9999 -9999 -9999 -9999 -9999 -9999 305 289 282 274 276 275 273 275 274 264 259 259 239 244 239 231 233 233 228 227 234 240 252 257 258 272 301 282 347 411 363 325 300 325 401 387 380 376 371 392 379 368 334 333 -9999 -9999 -9999 -9999 335 327 318 307 297 290 281 278 282 268 259 263 273 287 288 283 280 285 284 287 291 286 278
-9999 -9999 -9999 -9999 -9999 -9999 -9999 -9999 -9999 -9999 -9999 -9999 -9999 -9999 299 289 279 286 291 290 286 284 273 270 262 240 240 244 243 241 236 229 231 235 244 257 264 269 277 320 286 307 390 360 284 299 393 392 389 384 381 383 361 390 375 -9999 -9999 -9999 -9999 -9999 -9999 -9999 325 317 305 296 290 285 288 280 265 263 269 276 286 290 285 284 290 293 301 303 292 284
-9999 -9999 -9999 -9999 -9999 -9999 -9999 -9999 -9999 -9999 -9999 -9999 -9999 -9999 307 297 299 294 281 274 276 283 279 277 262 257 251 252 248 242 239 236 233 237 241 241 252 273 287 324 305 379 379 316 307 328 402 396 394 393 384 380 391 373 -9999 -9999 -9999 -9999 -9999 -9999 -9999 -9999 -9999 320 308 296 289 293 288 274 268 265 274 287 289 292 291 289 296 302 307 306 294 288
-9999 -9999 -9999 -9999 -9999 -9999 -9999 -9999 -9999 -9999 -9999 -9999 -9999 -9999 -9999 302 295 279 284 268 267 266 267 275 271 260 256 244 240 237 235 237 238 239 245 247 260 263 296 343 302 315 347 294 321 344 347 361 395 388 393 383 387 -9999 -9999 -9999 -9999 -9999 -9999 -9999 -9999 -9999 -9999 317 309 300 291 289 284 276 269 268 278 290 295 299 297 294 300 306 310 299 298 301
-9999 -9999 -9999 -9999 -9999 -9999 -9999 -9999 -9999 -9999 -9999 -9999 -9999 -9999 -9999 305 294 284 279 277 270 262 257 -9999 267 266 252 245 238 230 236 230 237 246 252 260 274 280 296 333 295 285 306 290 307 332 312 320 340 349 378 -9999 -9999 -9999 -9999 -9999 -9999 -9999 -9999 -9999 -9999 -9999 -9999 324 314 304 295 294 297 276 273 273 279 286 298 304 299 299 307 311 312 303 303 308
-9999 -9999 -9999 -9999 -9999 -9999 -9999 -9999 -9999 -9999 -9999 -9999 -9999 -9999 -9999 301 291 280 283 279 269 267 -9999 -9999 -9999 -9999 -9999 -9999 -9999 -9999 230 230 238 245 253 269 279 292 298 298 298 286 289 297 295 309 335 306 320 324 -9999 -9999 -9999 -9999 -9999 -9999 -9999 -9999 -9999 -9999 -9999 -9999 -9999 -9999 314 305 298 299 291 299 275 275 284 301 303 303 310 306 316 316 317 311 309 317
-9999 -9999 -9999 -9999 -9999 -9999 -9999 -9999 -9999 -9999 -9999 -9999 -9999 -9999 -9999 -9999 297 290 289 279 -9999 -9999 -9999 -9999 -9999 -9999 -9999 -9999 -9999 -9999 -9999 233 236 239 242 267 280 298 313 314 305 297 289 288 287 306 330 315 306 312 -9999 -9999 -9999 -9999 -9999 -9999 -9999 -9999 -9999 -9999 -9999 -9999 -9999 -9999 322 310 302 303 283 280 279 280 282 301 307 309 313 313 320 321 320 318 323 340
-9999 -9999 -9999 -9999 -9999 -9999 -9999 -9999 -9999 -9999 -9999 -9999 -9999 -9999 -9999 -9999 295 293 285 -9999 -9999 -9999 -9999 -9999 -9999 -9999 -9999 -9999 -9999 -9999 -9999 239 236 236 244 257 269 299 291 296 293 310 312 301 293 294 324 317 309 318 -9999 -9999 -9999 -9999 -9999 -9999 -9999 -9999 -9999 -9999 -9999 -9999 -9999 -9999 324 312 305 290 287 282 284 283 284 288 305 311 318 319 326 325 329 333 331 343
-9999 -9999 -9999 -9999 -9999 -9999 -9999 -9999 -9999 -9999 -9999 -9999 -9999 -9999 -9999 -9999 -9999 -9999 -9999 -9999 -9999 -9999 -9999 -9999 -9999 -9999 -9999 -9999 -9999 -9999 -9999 -9999 239 237 246 254 265 290 278 292 287 296 302 302 298 283 286 316 315 309 -9999 -9999 -9999 -9999 -9999 -9999 -9999 -9999 -9999 -9999 -9999 -9999 -9999 -9999 326 317 311 299 292 292 288 296 290 294 306 309 320 323 330 332 334 340 341 347
