invasiveSpecies/multiSpecies/data/worldclim_KE/worldclim_KE_2050_BC26_Bio4.asc
ncols         347
nrows         295
xllcorner     36.068012264173
yllcorner     0.13039239511974
cellsize      0.0083333333333333
NODATA_value  -9999
[rows 185 to 221 of 295, columns 84 to 167 of 347]
-9999 -9999 -9999 -9999 -9999 -9999 -9999 -9999 -9999 -9999 -9999 -9999 -9999 -9999 -9999 -9999 -9999 -9999 -9999 -9999 -9999 -9999 -9999 -9999 -9999 -9999 -9999 -9999 -9999 -9999 -9999 -9999 749 764 775 776 764 758 738 755 757 743 773 761 747 753 758 754 757 754 754 763 753 756 749 745 752 748 751 736 743 751 737 723 737 731 744 759 745 748 727 732 735 726 718 745 729 729 726 730 749 722 722 722
-9999 -9999 -9999 -9999 -9999 -9999 -9999 -9999 -9999 -9999 -9999 -9999 -9999 -9999 -9999 -9999 -9999 -9999 -9999 -9999 -9999 -9999 -9999 -9999 -9999 -9999 -9999 -9999 -9999 -9999 -9999 -9999 765 776 754 779 758 776 779 758 775 765 760 766 753 753 762 762 746 753 763 755 742 744 749 749 753 752 748 751 748 729 722 737 719 727 743 734 724 728 735 740 717 746 726 717 734 743 722 724 719 752 728 740
-9999 -9999 -9999 -9999 -9999 -9999 -9999 -9999 -9999 -9999 -9999 -9999 -9999 -9999 -9999 -9999 -9999 -9999 -9999 -9999 -9999 -9999 -9999 -9999 -9999 -9999 -9999 -9999 -9999 -9999 -9999 768 739 775 772 757 786 786 758 751 755 750 750 766 763 753 765 765 744 752 749 737 744 740 754 751 751 743 748 740 745 748 740 737 739 739 714 743 727 705 735 740 719 748 715 717 717 717 738 749 752 726 711 717
-9999 -9999 -9999 -9999 -9999 -9999 -9999 -9999 -9999 -9999 -9999 -9999 -9999 -9999 -9999 -9999 -9999 -9999 -9999 -9999 -9999 -9999 -9999 -9999 -9999 -9999 -9999 -9999 -9999 -9999 -9999 758 757 764 749 786 733 758 766 780 793 783 743 741 762 762 766 762 749 749 751 744 748 751 744 729 751 732 733 745 734 737 726 714 727 737 727 739 751 735 727 720 726 720 715 715 724 740 720 724 724 726 725 726
-9999 -9999 -9999 -9999 -9999 -9999 -9999 -9999 -9999 -9999 -9999 -9999 -9999 -9999 -9999 -9999 -9999 -9999 -9999 -9999 -9999 -9999 -9999 -9999 -9999 -9999 -9999 -9999 -9999 -9999 -9999 751 769 782 769 740 757 746 719 773 743 769 743 773 777 750 758 762 741 735 737 725 733 751 745 759 759 741 736 734 737 734 725 724 722 712 737 720 730 712 738 724 711 721 746 724 737 713 723 719 730 743 742 729
-9999 -9999 -9999 -9999 -9999 -9999 -9999 -9999 -9999 -9999 -9999 -9999 -9999 -9999 -9999 -9999 -9999 -9999 -9999 -9999 -9999 -9999 -9999 -9999 -9999 -9999 -9999 -9999 -9999 -9999 -9999 754 744 771 755 762 749 749 751 743 755 771 743 750 764 766 756 731 744 746 744 756 726 751 751 741 729 725 748 736 745 725 725 739 716 743 727 727 727 723 724 721 729 698 729 737 715 721 712 717 727 752 735 726
-9999 -9999 -9999 -9999 -9999 -9999 -9999 -9999 -9999 -9999 -9999 -9999 -9999 -9999 -9999 -9999 -9999 -9999 -9999 -9999 -9999 -9999 -9999 -9999 -9999 -9999 -9999 -9999 -9999 -9999 737 758 755 752 772 737 753 752 759 752 763 739 747 746 728 731 738 729 719 726 716 712 744 715 730 744 741 733 733 745 748 719 734 724 727 711 720 725 727 741 746 712 724 718 704 715 726 726 719 713 710 715 705 710
-9999 -9999 -9999 -9999 -9999 -9999 -9999 -9999 -9999 -9999 -9999 -9999 -9999 -9999 -9999 -9999 -9999 -9999 -9999 -9999 -9999 -9999 -9999 -9999 -9999 -9999 -9999 -9999 -9999 -9999 737 765 765 779 770 759 759 726 759 725 733 747 744 739 746 749 735 716 729 712 738 744 724 741 727 729 733 706 725 745 729 714 720 738 716 727 725 727 716 721 726 718 732 715 720 718 720 722 698 692 711 721 710 721
-9999 -9999 -9999 -9999 -9999 -9999 -9999 -9999 -9999 -9999 -9999 -9999 -9999 -9999 -9999 -9999 -9999 -9999 -9999 -9999 -9999 -9999 -9999 -9999 -9999 -9999 -9999 -9999 -9999 -9999 749 771 779 768 751 779 773 727 759 759 759 739 746 744 736 723 716 710 727 730 720 727 726 741 711 736 731 719 725 721 723 734 718 730 723 733 716 702 727 732 710 745 709 725 722 723 720 712 702 720 704 721 719 731
-9999 -9999 -9999 -9999 -9999 -9999 -9999 -9999 -9999 -9999 -9999 -9999 -9999 -9999 -9999 -9999 -9999 -9999 -9999 -9999 -9999 -9999 -9999 -9999 -9999 -9999 -9999 -9999 -9999 749 768 773 786 773 765 765 741 755 737 766 754 753 751 728 738 710 708 712 722 727 730 753 726 729 725 729 725 723 737 726 717 719 719 719 727 732 730 716 719 727 718 712 729 728 726 715 717 706 707 697 687 728 709 721
-9999 -9999 -9999 -9999 -9999 -9999 -9999 -9999 -9999 -9999 -9999 -9999 -9999 -9999 -9999 -9999 -9999 -9999 -9999 -9999 -9999 -9999 -9999 -9999 -9999 -9999 -9999 -9999 -9999 749 772 789 720 778 775 765 718 765 728 731 723 764 740 747 723 710 710 718 727 722 733 739 729 743 733 743 719 697 737 737 721 735 723 735 735 725 736 695 727 715 710 730 746 748 735 701 720 729 698 684 699 689 683 690
-9999 -9999 -9999 -9999 -9999 -9999 -9999 -9999 -9999 -9999 -9999 -9999 -9999 -9999 -9999 -9999 -9999 -9999 -9999 -9999 -9999 -9999 -9999 -9999 -9999 -9999 -9999 -9999 -9999 753 747 783 773 763 771 751 765 730 749 743 745 749 739 753 736 735 705 706 721 736 738 724 723 722 705 701 726 721 717 721 742 738 709 714 711 736 700 716 720 721 719 689 729 727 734 726 746 734 718 698 697 678 692 699
-9999 -9999 -9999 -9999 -9999 -9999 -9999 -9999 -9999 -9999 -9999 -9999 -9999 -9999 -9999 -9999 -9999 -9999 -9999 -9999 -9999 -9999 -9999 -9999 -9999 -9999 -9999 -9999 727 781 741 750 773 759 760 755 729 748 749 773 731 740 724 724 699 742 704 715 736 719 750 750 742 705 728 694 726 733 708 739 708 738 742 702 742 700 731 720 708 723 723 721 719 733 761 746 722 728 742 724 692 682 699 699
-9999 -9999 -9999 -9999 -9999 -9999 -9999 -9999 -9999 -9999 -9999 -9999 -9999 -9999 -9999 -9999 -9999 -9999 -9999 -9999 -9999 -9999 -9999 -9999 -9999 -9999 -9999 -9999 745 775 775 758 739 749 750 749 757 744 732 710 721 747 739 730 732 741 727 703 739 750 705 717 739 705 733 733 733 708 732 708 708 705 708 739 714 700 711 695 727 726 723 692 694 712 732 722 717 694 694 687 692 731 702 718
-9999 -9999 -9999 -9999 -9999 -9999 -9999 -9999 -9999 -9999 -9999 -9999 -9999 -9999 -9999 -9999 -9999 -9999 -9999 -9999 -9999 -9999 -9999 -9999 -9999 -9999 -9999 -9999 744 752 752 744 765 748 749 727 724 724 710 702 720 735 720 759 741 719 734 703 714 714 739 715 720 718 730 719 742 742 742 705 732 735 709 714 709 703 704 691 691 701 727 726 717 701 694 701 717 706 691 698 715 679 697 744
-9999 -9999 -9999 -9999 -9999 -9999 -9999 -9999 -9999 -9999 -9999 -9999 -9999 -9999 -9999 -9999 -9999 -9999 -9999 -9999 -9999 -9999 -9999 -9999 -9999 -9999 -9999 -9999 724 757 738 746 748 721 730 735 735 718 720 710 717 726 720 708 735 732 726 696 726 713 733 730 719 683 718 714 712 718 697 732 705 703 708 711 729 706 703 716 716 727 726 704 719 704 704 702 708 710 689 691 718 681 717 700
-9999 -9999 -9999 -9999 -9999 -9999 -9999 -9999 -9999 -9999 -9999 -9999 -9999 -9999 -9999 -9999 -9999 -9999 -9999 -9999 -9999 -9999 -9999 -9999 -9999 -9999 -9999 -9999 748 738 771 771 736 712 727 732 718 724 712 703 732 696 735 723 711 720 718 715 716 718 705 708 707 709 692 718 716 716 705 699 697 694 690 713 684 696 696 684 688 681 699 671 685 699 686 691 680 673 695 695 713 691 691 704
-9999 -9999 -9999 -9999 -9999 -9999 -9999 -9999 -9999 -9999 -9999 -9999 -9999 -9999 -9999 -9999 -9999 -9999 -9999 -9999 -9999 -9999 -9999 -9999 -9999 -9999 -9999 720 731 751 737 737 759 734 759 717 735 737 702 702 698 694 703 716 733 719 720 699 715 706 732 705 697 691 692 716 716 705 697 707 704 695 682 695 678 684 703 670 670 685 690 693 674 690 692 701 681 691 690 679 684 686 708 692
-9999 -9999 -9999 -9999 -9999 -9999 -9999 -9999 -9999 -9999 -9999 -9999 -9999 -9999 -9999 -9999 -9999 -9999 -9999 -9999 -9999 -9999 -9999 -9999 -9999 -9999 -9999 731 740 737 744 744 724 737 727 709 718 735 706 696 731 713 716 729 716 717 720 698 711 720 718 704 704 709 704 706 711 706 702 726 712 698 702 706 701 690 682 682 672 686 686 686 687 707 665 682 689 696 679 685 673 681 698 688
-9999 -9999 -9999 -9999 -9999 -9999 -9999 -9999 -9999 -9999 -9999 -9999 -9999 -9999 -9999 -9999 -9999 -9999 -9999 -9999 -9999 -9999 -9999 -9999 -9999 -9999 -9999 740 727 722 731 715 733 735 724 726 722 740 696 699 722 742 701 719 730 726 705 698 723 707 721 719 704 714 714 705 697 695 702 724 721 710 702 685 699 693 702 714 702 693 692 669 669 709 688 677 702 692 694 690 660 690 703 691
-9999 -9999 -9999 -9999 -9999 -9999 -9999 -9999 -9999 -9999 -9999 -9999 -9999 -9999 -9999 -9999 -9999 -9999 -9999 -9999 -9999 -9999 -9999 -9999 -9999 -9999 -9999 754 727 717 742 748 713 720 712 740 716 724 712 696 699 701 724 703 719 719 707 689 698 720 719 689 701 706 699 696 702 736 694 710 698 701 698 697 697 682 691 696 689 687 706 680 690 669 702 679 692 686 699 689 657 665 676 696
-9999 -9999 -9999 -9999 -9999 -9999 -9999 -9999 -9999 -9999 -9999 -9999 -9999 -9999 -9999 -9999 -9999 -9999 -9999 -9999 -9999 -9999 -9999 -9999 -9999 -9999 -9999 -9999 709 713 733 721 741 712 710 733 723 733 723 699 712 724 726 712 726 694 717 703 701 704 695 715 682 710 720 695 715 695 719 704 694 710 706 692 696 691 697 693 692 703 693 690 690 675 675 675 702 696 678 690 702 679 712 707
-9999 -9999 -9999 -9999 -9999 -9999 -9999 -9999 -9999 -9999 -9999 -9999 -9999 -9999 -9999 -9999 -9999 -9999 -9999 -9999 -9999 -9999 -9999 -9999 -9999 -9999 -9999 -9999 718 719 741 726 740 713 717 708 733 710 699 701 716 708 698 730 693 703 707 700 698 717 695 721 701 705 716 734 719 693 717 713 701 713 695 699 701 695 694 698 695 680 699 685 684 677 692 702 672 690 680 691 702 708 712 709
-9999 -9999 -9999 -9999 -9999 -9999 -9999 -9999 -9999 -9999 -9999 -9999 -9999 -9999 -9999 -9999 -9999 -9999 -9999 -9999 -9999 -9999 -9999 -9999 -9999 -9999 -9999 731 746 740 699 713 721 713 724 714 719 728 703 725 725 725 710 689 703 698 688 707 706 707 716 689 704 708 703 703 720 722 684 701 713 710 703 701 698 665 708 696 690 680 699 687 684 691 711 702 676 676 647 701 676 709 699 699
-9999 -9999 -9999 -9999 -9999 -9999 -9999 -9999 -9999 -9999 -9999 -9999 -9999 -9999 -9999 -9999 -9999 -9999 -9999 -9999 -9999 -9999 -9999 -9999 -9999 -9999 -9999 -9999 750 727 713 735 747 703 733 706 732 737 698 699 699 726 701 707 707 689 705 684 697 700 683 710 692 693 693 689 703 734 700 698 676 690 679 701 699 705 696 704 701 701 693 712 691 711 664 700 719 654 709 694 664 671 691 663
-9999 -9999 -9999 -9999 -9999 -9999 -9999 -9999 -9999 -9999 -9999 -9999 -9999 -9999 -9999 -9999 -9999 -9999 -9999 -9999 -9999 -9999 -9999 -9999 -9999 -9999 -9999 -9999 729 738 749 721 721 708 697 737 725 714 699 730 701 710 713 723 691 678 694 693 703 686 697 707 693 720 711 734 693 715 679 689 710 686 707 686 685 697 699 689 684 684 682 686 719 693 664 674 696 681 674 674 677 699 666 696
-9999 -9999 -9999 -9999 -9999 -9999 -9999 -9999 -9999 -9999 -9999 -9999 -9999 -9999 -9999 -9999 -9999 -9999 -9999 -9999 -9999 -9999 -9999 -9999 -9999 -9999 -9999 -9999 727 699 704 719 741 706 708 711 707 691 681 679 708 676 702 699 698 676 688 693 703 691 711 684 688 699 713 720 711 715 664 691 678 672 690 665 671 662 683 693 693 693 701 657 697 698 664 700 667 693 685 673 692 677 690 676
-9999 -9999 -9999 -9999 -9999 -9999 -9999 -9999 -9999 -9999 -9999 -9999 -9999 -9999 -9999 -9999 -9999 -9999 -9999 -9999 -9999 -9999 -9999 -9999 -9999 727 716 721 710 715 720 706 683 697 692 687 691 704 679 707 688 684 675 680 684 673 680 675 704 685 696 715 684 707 693 713 691 706 697 679 679 665 665 662 674 694 684 684 697 666 665 709 698 682 671 669 669 665 671 663 670 681 716 674
-9999 -9999 -9999 -9999 -9999 -9999 -9999 -9999 -9999 -9999 -9999 -9999 -9999 -9999 -9999 -9999 -9999 -9999 -9999 -9999 -9999 -9999 -9999 -9999 -9999 722 703 724 718 715 697 683 697 702 700 679 678 687 687 698 671 689 698 679 682 667 688 661 707 696 703 689 705 711 707 724 713 697 662 660 656 679 679 670 667 685 669 665 682 687 699 693 682 671 686 672 670 674 694 701 693 704 702 702
-9999 -9999 -9999 -9999 -9999 -9999 -9999 -9999 -9999 -9999 -9999 -9999 -9999 -9999 -9999 -9999 -9999 -9999 -9999 -9999 -9999 -9999 -9999 -9999 -9999 723 722 724 723 696 696 710 672 679 683 692 687 705 702 674 705 661 673 676 695 669 694 673 683 700 707 705 703 710 687 667 688 697 666 672 692 688 679 669 692 703 702 694 696 693 687 693 711 690 688 676 693 684 693 692 673 683 670 715
-9999 -9999 -9999 -9999 -9999 -9999 -9999 -9999 -9999 -9999 -9999 -9999 -9999 -9999 -9999 -9999 -9999 -9999 -9999 -9999 -9999 -9999 -9999 -9999 -9999 -9999 705 723 671 692 718 696 679 713 716 705 677 693 702 702 669 688 673 676 673 688 676 676 685 702 695 724 695 694 688 686 694 687 697 692 689 699 684 684 712 691 682 682 668 682 693 682 700 680 688 687 681 680 683 678 673 698 690 696
-9999 -9999 -9999 -9999 -9999 -9999 -9999 -9999 -9999 -9999 -9999 -9999 -9999 -9999 -9999 -9999 -9999 -9999 -9999 -9999 -9999 -9999 -9999 -9999 -9999 702 715 687 678 670 674 679 684 691 699 727 708 679 680 691 686 685 685 688 665 688 688 691 705 691 694 678 710 687 701 676 671 700 680 680 674 685 690 691 691 683 695 681 696 676 682 669 682 683 684 693 685 677 679 659 684 684 683 703
-9999 -9999 -9999 -9999 -9999 -9999 -9999 -9999 -9999 -9999 -9999 -9999 -9999 -9999 -9999 -9999 -9999 -9999 -9999 -9999 -9999 -9999 -9999 -9999 694 701 691 727 710 669 675 698 705 697 684 697 680 671 -9999 -9999 -9999 -9999 676 690 689 689 674 674 671 710 691 687 676 686 679 700 684 680 685 694 670 684 683 705 701 703 684 684 697 686 677 682 677 677 687 680 691 697 676 693 703 684 681 691
-9999 -9999 -9999 -9999 -9999 -9999 -9999 -9999 -9999 -9999 -9999 -9999 -9999 -9999 -9999 -9999 -9999 -9999 -9999 -9999 -9999 -9999 -9999 -9999 736 714 712 713 693 685 692 684 681 708 703 722 -9999 -9999 -9999 -9999 -9999 -9999 -9999 662 674 682 684 687 671 715 691 706 676 687 693 674 686 680 694 694 669 685 669 696 684 675 664 687 687 684 669 676 688 677 691 671 693 693 674 693 684 697 670 725
-9999 -9999 -9999 -9999 -9999 -9999 -9999 -9999 -9999 -9999 -9999 -9999 -9999 -9999 -9999 -9999 -9999 -9999 -9999 -9999 -9999 -9999 -9999 -9999 717 707 698 720 662 687 693 727 722 -9999 -9999 -9999 -9999 -9999 -9999 -9999 -9999 -9999 -9999 -9999 698 679 706 706 683 707 691 702 710 695 686 684 708 709 694 694 670 694 687 705 693 693 677 680 682 666 682 691 670 691 681 701 679 689 705 713 703 701 694 698
-9999 -9999 -9999 -9999 -9999 -9999 -9999 -9999 -9999 -9999 -9999 -9999 -9999 -9999 -9999 -9999 -9999 -9999 -9999 -9999 -9999 -9999 -9999 -9999 686 720 664 703 675 684 -9999 -9999 -9999 -9999 -9999 -9999 -9999 -9999 -9999 -9999 -9999 -9999 -9999 -9999 -9999 -9999 692 698 686 702 686 696 684 692 690 680 679 693 696 684 692 688 681 684 677 695 700 694 684 673 691 678 677 677 677 679 679 693 704 714 691 688 703 688
-9999 -9999 -9999 -9999 -9999 -9999 -9999 -9999 -9999 -9999 -9999 -9999 -9999 -9999 -9999 -9999 -9999 -9999 -9999 -9999 -9999 -9999 -9999 -9999 688 706 710 -9999 -9999 -9999 -9999 -9999 -9999 -9999 -9999 -9999 -9999 -9999 -9999 -9999 -9999 -9999 -9999 -9999 -9999 -9999 -9999 -9999 687 686 687 687 680 686 696 680 658 647 692 677 670 710 684 684 693 677 677 686 680 701 687 677 677 691 680 686 682 682 697 701 706 674 665 689
