invasiveSpecies/singleSpecies/data/current_1960_1990_ASC/worldclim_KE_bio15.asc
ncols         348
nrows         296
xllcorner     36.067913676899
yllcorner     0.12509924133957
cellsize      0.0083333337679505
NODATA_value  -9999
[rows 152 to 189 of 296, columns 86 to 171 of 348]
-9999 -9999 -9999 -9999 -9999 -9999 -9999 -9999 -9999 -9999 -9999 -9999 -9999 -9999 -9999 -9999 -9999 -9999 -9999 -9999 -9999 -9999 -9999 -9999 -9999 -9999 -9999 -9999 -9999 -9999 -9999 -9999 -9999 -9999 -9999 -9999 -9999 -9999 -9999 88 86 87 86 87 86 86 86 87 87 88 89 88 88 87 89 84 84 82 88 88 89 89 90 90 91 92 93 95 95 94 94 95 95 96 96 97 97 96 96 98 97 97 97 97 100 99
-9999 -9999 -9999 -9999 -9999 -9999 -9999 -9999 -9999 -9999 -9999 -9999 -9999 -9999 -9999 -9999 -9999 -9999 -9999 -9999 -9999 -9999 -9999 -9999 -9999 -9999 -9999 -9999 -9999 -9999 -9999 -9999 -9999 -9999 -9999 -9999 -9999 -9999 -9999 87 88 88 87 87 86 87 86 86 85 88 86 87 87 86 87 85 79 74 83 80 87 87 90 90 92 93 93 93 93 95 95 94 95 95 95 97 97 96 96 97 95 97 97 99 99 99
-9999 -9999 -9999 -9999 -9999 -9999 -9999 -9999 -9999 -9999 -9999 -9999 -9999 -9999 -9999 -9999 -9999 -9999 -9999 -9999 -9999 -9999 -9999 -9999 -9999 -9999 -9999 -9999 -9999 -9999 -9999 -9999 -9999 -9999 -9999 -9999 -9999 -9999 -9999 -9999 87 89 87 87 86 86 87 87 85 86 88 88 87 85 85 75 74 76 83 83 78 81 87 90 92 93 93 93 94 94 93 95 95 94 96 96 95 97 96 98 97 97 97 97 100 99
-9999 -9999 -9999 -9999 -9999 -9999 -9999 -9999 -9999 -9999 -9999 -9999 -9999 -9999 -9999 -9999 -9999 -9999 -9999 -9999 -9999 -9999 -9999 -9999 -9999 -9999 -9999 -9999 -9999 -9999 -9999 -9999 -9999 -9999 -9999 -9999 -9999 -9999 -9999 -9999 87 87 86 86 86 86 86 87 84 85 86 86 88 87 80 72 73 79 87 86 83 88 90 91 92 93 94 93 94 95 94 94 93 93 96 95 96 97 96 96 97 97 98 97 98 97
-9999 -9999 -9999 -9999 -9999 -9999 -9999 -9999 -9999 -9999 -9999 -9999 -9999 -9999 -9999 -9999 -9999 -9999 -9999 -9999 -9999 -9999 -9999 -9999 -9999 -9999 -9999 -9999 -9999 -9999 -9999 -9999 -9999 -9999 -9999 -9999 -9999 -9999 -9999 -9999 88 86 87 87 86 87 86 87 85 85 87 84 86 83 77 72 72 80 86 89 85 85 87 91 91 91 92 92 92 94 93 93 94 95 96 95 95 95 97 96 96 96 98 99 98 98
-9999 -9999 -9999 -9999 -9999 -9999 -9999 -9999 -9999 -9999 -9999 -9999 -9999 -9999 -9999 -9999 -9999 -9999 -9999 -9999 -9999 -9999 -9999 -9999 -9999 -9999 -9999 -9999 -9999 -9999 -9999 -9999 -9999 -9999 -9999 -9999 -9999 -9999 -9999 -9999 87 88 87 86 87 87 86 86 87 87 86 86 85 75 71 72 72 72 81 89 89 87 80 88 90 91 91 91 92 92 93 93 93 93 95 94 95 97 96 96 96 97 96 99 98 98
-9999 -9999 -9999 -9999 -9999 -9999 -9999 -9999 -9999 -9999 -9999 -9999 -9999 -9999 -9999 -9999 -9999 -9999 -9999 -9999 -9999 -9999 -9999 -9999 -9999 -9999 -9999 -9999 -9999 -9999 -9999 -9999 -9999 -9999 -9999 -9999 -9999 -9999 -9999 86 87 86 87 87 87 87 87 88 88 88 87 88 83 77 71 72 71 73 81 88 90 88 83 81 90 91 91 92 92 92 93 93 92 93 93 94 96 97 96 97 98 97 96 98 99 99
-9999 -9999 -9999 -9999 -9999 -9999 -9999 -9999 -9999 -9999 -9999 -9999 -9999 -9999 -9999 -9999 -9999 -9999 -9999 -9999 -9999 -9999 -9999 -9999 -9999 -9999 -9999 -9999 -9999 -9999 -9999 -9999 -9999 -9999 -9999 -9999 -9999 -9999 -9999 86 86 86 86 87 86 88 87 87 88 87 88 88 82 76 71 75 73 72 78 88 89 89 89 86 89 91 92 91 91 93 92 93 93 94 92 95 96 96 96 96 98 97 97 96 97 99
-9999 -9999 -9999 -9999 -9999 -9999 -9999 -9999 -9999 -9999 -9999 -9999 -9999 -9999 -9999 -9999 -9999 -9999 -9999 -9999 -9999 -9999 -9999 -9999 -9999 -9999 -9999 -9999 -9999 -9999 -9999 -9999 -9999 -9999 -9999 -9999 -9999 -9999 86 88 86 88 87 86 87 87 88 87 88 87 87 87 84 77 74 80 79 72 77 88 90 91 89 86 79 81 89 92 92 92 93 92 94 95 94 95 96 97 96 96 95 97 97 97 97 97
-9999 -9999 -9999 -9999 -9999 -9999 -9999 -9999 -9999 -9999 -9999 -9999 -9999 -9999 -9999 -9999 -9999 -9999 -9999 -9999 -9999 -9999 -9999 -9999 -9999 -9999 -9999 -9999 -9999 -9999 -9999 -9999 -9999 -9999 -9999 -9999 -9999 -9999 87 86 87 87 87 87 87 87 88 87 87 87 88 87 83 80 75 79 83 76 77 80 89 90 90 86 80 83 90 92 92 91 93 93 95 93 94 96 95 97 97 96 95 97 97 96 98 98
-9999 -9999 -9999 -9999 -9999 -9999 -9999 -9999 -9999 -9999 -9999 -9999 -9999 -9999 -9999 -9999 -9999 -9999 -9999 -9999 -9999 -9999 -9999 -9999 -9999 -9999 -9999 -9999 -9999 -9999 -9999 -9999 -9999 -9999 -9999 -9999 -9999 -9999 85 86 86 87 88 88 87 88 88 87 87 88 88 87 87 82 79 82 87 82 80 88 90 91 90 89 87 86 89 92 92 93 92 94 95 93 94 96 95 95 97 96 96 96 96 98 97 97
-9999 -9999 -9999 -9999 -9999 -9999 -9999 -9999 -9999 -9999 -9999 -9999 -9999 -9999 -9999 -9999 -9999 -9999 -9999 -9999 -9999 -9999 -9999 -9999 -9999 -9999 -9999 -9999 -9999 -9999 -9999 -9999 -9999 -9999 -9999 -9999 -9999 -9999 86 87 86 86 88 88 85 86 87 87 88 87 87 87 86 82 85 82 87 85 81 85 90 90 90 90 91 89 89 91 93 93 92 92 94 94 94 95 94 96 97 96 96 96 96 98 97 98
-9999 -9999 -9999 -9999 -9999 -9999 -9999 -9999 -9999 -9999 -9999 -9999 -9999 -9999 -9999 -9999 -9999 -9999 -9999 -9999 -9999 -9999 -9999 -9999 -9999 -9999 -9999 -9999 -9999 -9999 -9999 -9999 -9999 -9999 -9999 -9999 -9999 -9999 -9999 86 86 87 86 86 86 86 87 87 87 88 86 88 88 83 87 86 87 89 82 86 90 90 90 91 91 91 91 91 92 92 92 92 93 94 94 94 95 96 95 95 97 97 96 96 98 97
-9999 -9999 -9999 -9999 -9999 -9999 -9999 -9999 -9999 -9999 -9999 -9999 -9999 -9999 -9999 -9999 -9999 -9999 -9999 -9999 -9999 -9999 -9999 -9999 -9999 -9999 -9999 -9999 -9999 -9999 -9999 -9999 -9999 -9999 -9999 -9999 -9999 -9999 -9999 87 87 87 86 87 88 87 87 87 87 86 85 88 88 87 88 88 88 89 89 86 90 90 91 92 91 92 91 92 92 92 93 93 93 94 95 95 94 96 96 96 95 97 96 96 98 98
-9999 -9999 -9999 -9999 -9999 -9999 -9999 -9999 -9999 -9999 -9999 -9999 -9999 -9999 -9999 -9999 -9999 -9999 -9999 -9999 -9999 -9999 -9999 -9999 -9999 -9999 -9999 -9999 -9999 -9999 -9999 -9999 -9999 -9999 -9999 -9999 -9999 -9999 -9999 88 86 87 87 87 87 86 87 89 87 87 86 88 89 88 88 90 89 90 90 88 89 91 91 90 91 92 91 92 92 92 93 92 93 93 93 95 94 95 96 95 95 95 97 97 96 96
-9999 -9999 -9999 -9999 -9999 -9999 -9999 -9999 -9999 -9999 -9999 -9999 -9999 -9999 -9999 -9999 -9999 -9999 -9999 -9999 -9999 -9999 -9999 -9999 -9999 -9999 -9999 -9999 -9999 -9999 -9999 -9999 -9999 -9999 -9999 -9999 -9999 -9999 -9999 86 87 87 87 87 86 88 87 87 87 88 87 88 89 89 89 89 89 89 90 90 91 91 91 91 91 90 92 92 92 92 92 92 94 94 93 94 96 94 97 95 97 96 96 97 96 97
-9999 -9999 -9999 -9999 -9999 -9999 -9999 -9999 -9999 -9999 -9999 -9999 -9999 -9999 -9999 -9999 -9999 -9999 -9999 -9999 -9999 -9999 -9999 -9999 -9999 -9999 -9999 -9999 -9999 -9999 -9999 -9999 -9999 -9999 -9999 -9999 -9999 -9999 -9999 -9999 86 87 88 87 87 87 87 88 87 88 89 88 89 90 89 90 89 89 89 90 91 90 92 91 91 91 91 92 93 92 92 92 94 94 94 93 94 93 96 96 97 96 97 95 97 97
-9999 -9999 -9999 -9999 -9999 -9999 -9999 -9999 -9999 -9999 -9999 -9999 -9999 -9999 -9999 -9999 -9999 -9999 -9999 -9999 -9999 -9999 -9999 -9999 -9999 -9999 -9999 -9999 -9999 -9999 -9999 -9999 -9999 -9999 -9999 -9999 -9999 -9999 -9999 -9999 86 87 87 86 87 88 88 87 88 87 89 89 88 90 89 90 90 90 89 91 91 90 91 91 91 92 92 92 91 92 93 93 93 93 94 94 93 94 94 95 95 95 96 97 96 98
-9999 -9999 -9999 -9999 -9999 -9999 -9999 -9999 -9999 -9999 -9999 -9999 -9999 -9999 -9999 -9999 -9999 -9999 -9999 -9999 -9999 -9999 -9999 -9999 -9999 -9999 -9999 -9999 -9999 -9999 -9999 -9999 -9999 -9999 -9999 -9999 -9999 -9999 -9999 86 87 87 87 88 87 88 87 88 88 88 88 89 89 90 90 89 89 89 90 91 91 90 91 91 91 92 91 92 92 92 92 93 92 93 93 93 93 95 95 95 95 96 97 96 96 96
-9999 -9999 -9999 -9999 -9999 -9999 -9999 -9999 -9999 -9999 -9999 -9999 -9999 -9999 -9999 -9999 -9999 -9999 -9999 -9999 -9999 -9999 -9999 -9999 -9999 -9999 -9999 -9999 -9999 -9999 -9999 -9999 -9999 -9999 -9999 -9999 -9999 -9999 -9999 85 87 87 87 86 87 87 88 88 88 88 89 88 88 89 90 89 89 90 90 91 90 90 91 92 91 92 92 92 91 93 90 93 94 94 93 94 93 93 94 94 94 96 96 97 97 97
-9999 -9999 -9999 -9999 -9999 -9999 -9999 -9999 -9999 -9999 -9999 -9999 -9999 -9999 -9999 -9999 -9999 -9999 -9999 -9999 -9999 -9999 -9999 -9999 -9999 -9999 -9999 -9999 -9999 -9999 -9999 -9999 -9999 -9999 -9999 -9999 -9999 -9999 -9999 86 86 86 87 88 88 88 87 87 88 88 89 89 89 89 89 89 89 90 90 90 91 91 90 89 92 91 93 93 89 92 89 93 93 93 94 93 94 94 94 93 94 96 96 96 96 98
-9999 -9999 -9999 -9999 -9999 -9999 -9999 -9999 -9999 -9999 -9999 -9999 -9999 -9999 -9999 -9999 -9999 -9999 -9999 -9999 -9999 -9999 -9999 -9999 -9999 -9999 -9999 -9999 -9999 -9999 -9999 -9999 -9999 -9999 -9999 -9999 -9999 -9999 -9999 86 86 87 87 87 88 87 87 88 87 89 88 89 89 89 90 90 90 90 90 91 91 91 86 89 91 89 90 91 87 90 91 93 93 93 94 95 94 95 94 94 95 94 97 97 97 96
-9999 -9999 -9999 -9999 -9999 -9999 -9999 -9999 -9999 -9999 -9999 -9999 -9999 -9999 -9999 -9999 -9999 -9999 -9999 -9999 -9999 -9999 -9999 -9999 -9999 -9999 -9999 -9999 -9999 -9999 -9999 -9999 -9999 -9999 -9999 -9999 -9999 -9999 -9999 85 87 87 87 88 88 88 88 88 88 89 89 89 89 88 89 89 89 90 90 91 90 92 91 86 85 86 84 91 87 90 93 93 93 94 94 93 94 94 94 95 95 94 96 96 96 96
-9999 -9999 -9999 -9999 -9999 -9999 -9999 -9999 -9999 -9999 -9999 -9999 -9999 -9999 -9999 -9999 -9999 -9999 -9999 -9999 -9999 -9999 -9999 -9999 -9999 -9999 -9999 -9999 -9999 -9999 -9999 -9999 -9999 -9999 -9999 -9999 -9999 -9999 -9999 87 87 86 87 88 87 88 88 88 89 88 89 89 89 89 90 91 90 91 90 90 91 91 91 90 87 86 81 89 93 92 93 93 93 92 93 95 95 94 95 94 94 96 96 96 97 97
-9999 -9999 -9999 -9999 -9999 -9999 -9999 -9999 -9999 -9999 -9999 -9999 -9999 -9999 -9999 -9999 -9999 -9999 -9999 -9999 -9999 -9999 -9999 -9999 -9999 -9999 -9999 -9999 -9999 -9999 -9999 -9999 -9999 -9999 -9999 -9999 -9999 -9999 -9999 86 86 87 88 88 88 87 87 89 89 88 88 88 89 88 90 90 90 90 90 91 91 91 91 92 91 85 84 92 93 93 94 93 92 93 94 94 96 94 94 95 95 95 97 97 96 96
-9999 -9999 -9999 -9999 -9999 -9999 -9999 -9999 -9999 -9999 -9999 -9999 -9999 -9999 -9999 -9999 -9999 -9999 -9999 -9999 -9999 -9999 -9999 -9999 -9999 -9999 -9999 -9999 -9999 -9999 -9999 -9999 -9999 -9999 -9999 -9999 -9999 -9999 -9999 87 85 86 87 87 88 88 87 89 88 89 89 89 89 89 90 90 90 90 90 91 92 92 92 92 92 91 87 94 93 92 93 93 92 94 93 94 96 95 94 95 96 97 96 95 97 97
-9999 -9999 -9999 -9999 -9999 -9999 -9999 -9999 -9999 -9999 -9999 -9999 -9999 -9999 -9999 -9999 -9999 -9999 -9999 -9999 -9999 -9999 -9999 -9999 -9999 -9999 -9999 -9999 -9999 -9999 -9999 -9999 85 85 -9999 -9999 -9999 -9999 -9999 86 86 87 87 88 88 88 89 89 89 88 89 89 89 90 89 91 90 90 91 91 91 91 91 92 93 93 90 93 93 93 93 93 92 93 95 95 95 93 96 97 96 96 98 97 97 97
-9999 -9999 -9999 -9999 -9999 -9999 -9999 -9999 -9999 -9999 -9999 -9999 -9999 -9999 -9999 -9999 -9999 -9999 -9999 -9999 -9999 -9999 -9999 -9999 -9999 -9999 -9999 -9999 -9999 -9999 -9999 85 85 85 85 -9999 -9999 -9999 -9999 86 87 86 87 87 88 88 89 88 88 89 89 89 88 89 89 89 90 91 91 91 92 92 92 92 93 93 93 92 92 92 93 93 94 92 94 94 94 94 96 96 96 95 95 96 95 97
-9999 -9999 -9999 -9999 -9999 -9999 -9999 -9999 -9999 -9999 -9999 -9999 -9999 -9999 -9999 -9999 -9999 -9999 -9999 -9999 -9999 -9999 -9999 -9999 -9999 -9999 -9999 -9999 -9999 -9999 -9999 84 84 85 85 -9999 -9999 -9999 -9999 86 88 87 88 87 88 88 88 89 88 89 89 90 90 90 90 90 90 90 90 91 91 92 92 92 92 93 92 92 92 93 93 92 93 93 94 95 93 95 95 95 95 95 96 97 96 96
-9999 -9999 -9999 -9999 -9999 -9999 -9999 -9999 -9999 -9999 -9999 -9999 -9999 -9999 -9999 -9999 -9999 -9999 -9999 -9999 -9999 -9999 -9999 -9999 -9999 -9999 -9999 -9999 -9999 -9999 -9999 85 84 85 85 86 -9999 -9999 87 86 86 87 87 88 87 87 88 87 88 89 90 89 90 89 90 89 90 90 91 91 91 92 92 93 93 93 92 92 92 93 93 93 93 93 94 93 93 95 96 96 96 96 96 96 97 97
-9999 -9999 -9999 -9999 -9999 -9999 -9999 -9999 -9999 -9999 -9999 -9999 -9999 -9999 -9999 -9999 -9999 -9999 -9999 -9999 -9999 -9999 -9999 -9999 -9999 -9999 -9999 -9999 -9999 -9999 -9999 85 85 86 85 86 86 -9999 87 88 87 87 87 87 87 88 89 89 88 88 88 89 90 90 89 91 90 90 91 91 92 92 92 93 92 92 91 91 93 91 93 92 94 93 95 94 95 94 96 96 96 96 97 97 96 96
-9999 -9999 -9999 -9999 -9999 -9999 -9999 -9999 -9999 -9999 -9999 -9999 -9999 -9999 -9999 -9999 -9999 -9999 -9999 -9999 -9999 -9999 -9999 -9999 -9999 -9999 -9999 -9999 -9999 -9999 -9999 85 85 86 86 86 86 -9999 -9999 86 88 88 88 88 88 88 88 89 88 88 90 90 89 90 90 90 90 90 90 90 91 93 92 93 93 93 91 92 93 92 93 93 93 95 93 93 95 94 94 95 96 97 95 96 97 98
-9999 -9999 -9999 -9999 -9999 -9999 -9999 -9999 -9999 -9999 -9999 -9999 -9999 -9999 -9999 -9999 -9999 -9999 -9999 -9999 -9999 -9999 -9999 -9999 -9999 -9999 -9999 -9999 -9999 -9999 -9999 85 85 86 85 86 86 88 87 88 88 88 88 88 89 88 88 89 88 89 90 88 89 90 90 90 91 91 90 91 91 91 92 92 93 93 92 93 92 92 92 93 92 94 93 93 95 95 95 95 94 95 96 97 96 96
-9999 -9999 -9999 -9999 -9999 -9999 -9999 -9999 -9999 -9999 -9999 -9999 -9999 -9999 -9999 -9999 -9999 -9999 -9999 -9999 -9999 -9999 -9999 -9999 -9999 -9999 -9999 -9999 -9999 -9999 85 84 85 86 85 86 86 86 87 87 88 87 88 87 89 88 89 89 88 89 90 88 90 89 89 90 90 91 90 91 91 91 92 91 92 93 93 92 92 92 92 93 92 94 94 93 93 93 96 95 95 96 96 97 95 96
-9999 -9999 -9999 -9999 -9999 -9999 -9999 -9999 -9999 -9999 -9999 -9999 -9999 -9999 -9999 -9999 -9999 -9999 -9999 -9999 -9999 -9999 -9999 -9999 -9999 -9999 -9999 -9999 -9999 -9999 84 85 86 86 86 86 87 86 87 87 88 87 87 89 89 89 89 89 89 89 90 89 90 90 91 90 90 91 90 90 90 90 91 91 92 93 92 91 93 93 92 91 93 94 94 94 95 94 94 96 96 96 95 95 97 96
-9999 -9999 -9999 -9999 -9999 -9999 -9999 -9999 -9999 -9999 -9999 -9999 -9999 -9999 -9999 -9999 -9999 -9999 -9999 -9999 -9999 -9999 -9999 -9999 -9999 -9999 -9999 -9999 -9999 -9999 84 85 85 85 86 87 88 87 87 87 87 88 88 88 89 88 89 89 89 89 90 89 90 90 90 90 91 90 90 90 91 91 91 92 92 92 91 92 92 92 92 93 94 94 94 95 93 94 95 95 95 95 95 95 97 96
-9999 -9999 -9999 -9999 -9999 -9999 -9999 -9999 -9999 -9999 -9999 -9999 -9999 -9999 -9999 -9999 -9999 -9999 -9999 -9999 -9999 -9999 -9999 -9999 -9999 -9999 -9999 -9999 -9999 83 85 85 86 86 87 87 88 87 87 87 87 88 88 88 89 89 89 89 89 89 89 89 90 90 90 89 89 90 91 90 91 91 91 92 91 92 91 91 91 92 94 92 93 93 92 94 94 93 94 95 96 96 97 96 97 96
-9999 -9999 -9999 -9999 -9999 -9999 -9999 -9999 -9999 -9999 -9999 -9999 -9999 -9999 -9999 -9999 -9999 -9999 -9999 -9999 -9999 -9999 -9999 -9999 -9999 -9999 -9999 -9999 -9999 84 85 85 86 87 87 87 86 88 88 87 88 88 89 87 89 89 89 89 89 89 90 89 90 90 91 90 90 90 90 91 90 91 90 91 92 91 92 91 93 92 92 92 93 92 94 93 94 95 95 95 95 96 96 96 96 95
