invasiveSpecies/singleSpecies/data/current_1960_1990_ASC/worldclim_KE_bio15.asc
ncols         348
nrows         296
xllcorner     36.067913676899
yllcorner     0.12509924133957
cellsize      0.0083333337679505
NODATA_value  -9999
[rows 228 to 265 of 296, columns 86 to 171 of 348]
59 60 60 61 63 -9999 -9999 -9999 -9999 -9999 -9999 -9999 -9999 -9999 -9999 -9999 -9999 -9999 -9999 -9999 -9999 -9999 -9999 -9999 -9999 -9999 -9999 -9999 -9999 -9999 -9999 -9999 -9999 -9999 -9999 -9999 -9999 -9999 -9999 -9999 -9999 -9999 -9999 -9999 -9999 -9999 -9999 -9999 -9999 -9999 86 86 86 86 87 87 87 86 86 87 86 86 87 86 87 87 88 87 88 88 88 89 89 90 90 91 90 90 91 92 91 92 91 93 92 92
59 59 60 61 62 64 64 63 -9999 -9999 -9999 -9999 -9999 -9999 -9999 -9999 -9999 -9999 -9999 -9999 -9999 -9999 -9999 -9999 -9999 -9999 -9999 -9999 -9999 -9999 -9999 -9999 -9999 -9999 -9999 -9999 -9999 -9999 -9999 -9999 -9999 -9999 -9999 -9999 -9999 -9999 -9999 -9999 -9999 86 85 87 86 87 87 87 86 86 86 86 87 87 86 86 88 87 88 89 87 89 88 88 90 90 89 90 90 90 91 92 92 91 91 92 92 93
59 60 60 61 62 63 64 62 -9999 -9999 -9999 -9999 -9999 -9999 -9999 -9999 -9999 -9999 -9999 -9999 -9999 -9999 -9999 -9999 -9999 -9999 -9999 -9999 -9999 -9999 -9999 -9999 -9999 -9999 -9999 -9999 -9999 -9999 -9999 -9999 -9999 -9999 -9999 -9999 -9999 -9999 -9999 -9999 85 86 86 86 86 86 86 87 86 86 86 86 87 87 86 87 88 87 88 88 88 87 89 89 89 91 90 89 89 91 91 92 92 91 91 92 93 93
58 60 60 60 61 64 65 62 62 -9999 -9999 -9999 -9999 -9999 -9999 -9999 -9999 -9999 -9999 -9999 -9999 -9999 -9999 -9999 -9999 -9999 -9999 -9999 -9999 -9999 -9999 -9999 -9999 -9999 -9999 -9999 -9999 -9999 -9999 -9999 -9999 -9999 -9999 -9999 -9999 -9999 -9999 -9999 85 86 86 85 86 85 86 85 86 86 85 87 87 86 86 86 87 87 87 88 87 87 88 89 89 89 90 90 89 90 90 90 90 90 92 92 92 93
58 59 59 59 60 60 64 62 63 63 -9999 -9999 -9999 -9999 -9999 -9999 -9999 -9999 -9999 -9999 -9999 -9999 -9999 -9999 -9999 -9999 -9999 -9999 -9999 -9999 -9999 -9999 -9999 -9999 -9999 -9999 -9999 -9999 -9999 -9999 -9999 -9999 -9999 -9999 -9999 -9999 -9999 85 86 86 85 85 85 86 85 85 86 86 85 86 86 86 86 86 87 87 87 87 87 87 88 89 89 89 89 89 89 90 90 91 91 91 93 92 92 92
59 59 59 60 61 61 63 65 64 67 -9999 -9999 -9999 -9999 -9999 -9999 -9999 -9999 -9999 -9999 -9999 -9999 -9999 -9999 -9999 -9999 -9999 -9999 -9999 -9999 -9999 -9999 -9999 -9999 -9999 -9999 -9999 -9999 -9999 -9999 -9999 -9999 -9999 -9999 -9999 -9999 85 86 86 85 85 85 85 86 85 85 85 86 86 85 85 86 87 87 87 87 87 87 87 88 88 89 88 88 90 89 90 89 90 89 90 91 92 92 92 93
58 59 59 59 62 65 65 67 63 65 -9999 -9999 -9999 -9999 -9999 -9999 -9999 -9999 -9999 -9999 -9999 -9999 -9999 -9999 -9999 -9999 -9999 -9999 -9999 -9999 -9999 -9999 -9999 -9999 -9999 -9999 -9999 -9999 -9999 -9999 -9999 -9999 -9999 -9999 -9999 85 85 85 85 85 84 83 84 85 85 85 85 86 85 85 85 85 86 87 86 86 88 87 88 87 89 87 88 89 89 90 90 90 90 91 90 91 93 92 93 92
59 59 60 60 60 66 66 68 71 68 -9999 -9999 -9999 -9999 -9999 -9999 -9999 -9999 -9999 -9999 -9999 -9999 -9999 -9999 -9999 -9999 -9999 -9999 -9999 -9999 -9999 -9999 -9999 -9999 -9999 -9999 -9999 -9999 -9999 -9999 -9999 -9999 -9999 -9999 -9999 85 85 85 84 84 84 83 84 85 85 85 84 85 85 85 86 86 86 86 86 87 87 87 87 88 88 87 88 89 89 89 90 90 90 90 90 91 93 91 92 92
59 59 59 61 64 66 68 70 71 69 65 -9999 -9999 -9999 -9999 -9999 -9999 -9999 -9999 -9999 -9999 -9999 -9999 -9999 -9999 -9999 -9999 -9999 -9999 -9999 -9999 -9999 -9999 -9999 -9999 -9999 -9999 -9999 -9999 -9999 -9999 -9999 -9999 -9999 -9999 84 85 84 84 84 84 84 85 85 84 84 84 85 85 85 86 86 86 87 86 86 87 87 86 87 88 88 87 88 88 88 89 89 90 90 91 91 92 92 91 93
59 59 58 59 64 65 68 69 70 69 -9999 -9999 -9999 -9999 -9999 -9999 -9999 -9999 -9999 -9999 -9999 -9999 -9999 -9999 -9999 -9999 -9999 -9999 -9999 -9999 -9999 -9999 -9999 -9999 -9999 -9999 -9999 -9999 -9999 -9999 -9999 -9999 -9999 -9999 85 85 85 84 83 84 84 83 84 84 85 84 84 84 85 85 85 85 85 86 86 86 86 87 86 88 87 89 88 89 89 89 90 90 90 89 91 92 92 92 92 92
57 58 57 59 62 61 67 68 71 71 -9999 -9999 -9999 -9999 -9999 -9999 -9999 -9999 -9999 -9999 -9999 -9999 -9999 -9999 -9999 -9999 -9999 -9999 -9999 -9999 -9999 -9999 -9999 -9999 -9999 -9999 86 -9999 85 85 -9999 -9999 -9999 85 84 84 84 84 84 83 83 84 84 84 85 84 84 84 85 86 85 85 86 85 86 86 86 86 86 87 88 88 88 88 89 89 88 90 90 89 90 91 92 91 93 93
57 57 57 59 62 61 67 69 70 72 73 -9999 -9999 -9999 -9999 -9999 -9999 -9999 -9999 -9999 -9999 -9999 -9999 -9999 -9999 -9999 -9999 -9999 -9999 -9999 -9999 -9999 -9999 86 86 85 85 85 85 84 84 85 85 84 85 84 84 83 84 84 84 83 84 83 83 84 84 85 85 84 85 85 85 86 86 86 86 86 88 86 88 87 89 87 89 89 89 89 90 90 92 92 92 92 92 93
56 57 58 59 62 66 68 68 69 71 -9999 -9999 -9999 -9999 -9999 -9999 -9999 -9999 -9999 -9999 -9999 -9999 -9999 -9999 -9999 -9999 -9999 -9999 -9999 -9999 -9999 -9999 85 85 85 85 86 85 85 85 84 84 84 84 84 83 83 83 84 83 83 83 84 83 83 84 84 84 86 85 84 85 86 85 86 86 86 86 86 86 87 88 87 89 89 89 89 89 90 91 91 92 91 94 93 93
56 57 58 57 61 64 66 68 68 69 -9999 -9999 -9999 -9999 -9999 -9999 -9999 -9999 -9999 -9999 -9999 -9999 -9999 -9999 -9999 -9999 -9999 -9999 -9999 -9999 -9999 -9999 85 84 84 84 85 85 84 85 84 84 84 83 83 83 84 84 84 83 84 83 83 84 84 83 84 84 85 86 84 84 86 86 85 85 86 86 86 86 87 88 89 88 88 90 89 89 89 90 90 91 91 92 93 93
57 58 57 58 58 65 66 67 68 70 -9999 -9999 -9999 -9999 -9999 -9999 -9999 -9999 -9999 -9999 -9999 -9999 -9999 -9999 -9999 -9999 -9999 -9999 -9999 -9999 -9999 -9999 80 77 80 85 85 84 84 84 84 84 83 83 83 83 84 83 83 83 83 82 82 83 84 83 83 83 85 85 85 84 85 84 84 86 85 85 86 87 87 87 88 89 89 88 88 89 90 90 89 91 90 90 91 93
56 57 59 61 63 65 66 66 68 69 70 70 69 69 -9999 -9999 -9999 -9999 -9999 -9999 -9999 -9999 -9999 -9999 -9999 -9999 -9999 -9999 -9999 -9999 -9999 82 83 74 75 84 84 82 84 84 84 83 83 83 83 83 84 84 84 83 83 84 84 82 83 84 83 84 85 84 85 84 85 85 85 85 85 86 86 85 87 86 87 87 87 88 88 88 89 89 90 89 91 91 92 92
57 57 60 59 59 63 61 66 67 69 68 68 70 69 68 69 67 69 68 70 69 68 -9999 -9999 -9999 -9999 -9999 -9999 -9999 -9999 -9999 -9999 75 72 74 82 84 74 84 84 83 83 83 82 83 83 83 83 83 82 82 83 83 82 83 84 85 84 85 85 85 84 84 84 86 84 86 86 87 87 86 88 87 87 89 87 87 89 88 90 89 89 90 90 91 92
-9999 58 58 58 58 59 59 65 69 68 67 67 69 69 69 69 69 68 68 67 69 69 69 69 67 67 65 65 64 66 -9999 -9999 73 66 67 73 78 75 83 83 83 83 83 83 83 83 83 83 82 82 83 83 83 84 82 84 82 82 85 85 84 85 84 84 85 84 85 85 86 87 86 86 88 87 87 88 87 88 88 88 90 89 89 90 91 92
-9999 -9999 -9999 -9999 59 59 60 60 65 69 68 66 68 68 68 68 68 67 67 66 67 67 67 68 65 66 66 65 65 64 68 71 69 67 69 70 74 74 81 83 83 83 82 83 83 84 82 82 83 83 83 83 83 83 82 83 83 82 85 85 84 85 85 85 84 84 86 85 85 87 86 87 87 86 87 88 89 88 87 90 90 90 90 90 90 91
-9999 -9999 -9999 -9999 -9999 63 61 63 65 68 69 67 67 68 67 66 67 66 65 66 66 64 67 67 67 67 66 65 64 64 66 68 68 67 68 71 76 73 76 83 82 82 83 77 83 83 83 82 82 83 82 83 83 82 82 83 82 79 82 84 84 84 85 84 85 84 84 86 85 86 86 86 87 86 87 88 89 88 89 89 89 89 90 91 91 90
-9999 -9999 -9999 -9999 -9999 64 64 65 68 -9999 67 67 66 66 68 67 67 66 65 66 65 64 65 67 67 66 65 64 64 63 65 67 67 67 68 71 69 73 73 82 82 83 83 77 82 83 83 83 82 82 82 83 83 82 83 84 79 79 84 85 85 85 85 84 84 84 84 86 85 85 86 86 86 87 87 87 88 89 88 89 88 90 91 90 90 91
-9999 -9999 -9999 -9999 -9999 65 66 65 -9999 -9999 68 67 66 65 66 67 67 66 66 67 67 66 66 65 65 65 64 64 64 63 63 65 66 65 66 68 68 72 75 82 83 79 77 74 78 82 82 81 82 82 82 83 83 82 83 84 81 -9999 84 83 83 84 84 83 84 85 84 85 84 85 86 86 86 87 87 87 88 88 88 89 89 90 89 90 91 90
-9999 -9999 -9999 -9999 -9999 -9999 -9999 -9999 -9999 -9999 -9999 67 67 66 66 66 66 66 66 67 66 66 66 63 65 65 64 64 65 62 62 63 64 67 67 68 70 74 70 77 82 79 76 73 77 82 82 82 82 82 83 83 82 82 82 -9999 -9999 -9999 -9999 83 84 83 83 84 83 84 84 84 85 85 86 86 86 86 86 86 88 87 87 88 88 88 90 90 90 90
-9999 -9999 -9999 -9999 -9999 -9999 -9999 -9999 -9999 -9999 -9999 66 67 66 66 67 67 68 67 68 67 66 66 64 64 65 65 65 65 62 63 64 65 67 68 70 70 75 72 74 80 79 69 72 81 81 81 81 82 82 80 82 83 81 -9999 -9999 -9999 -9999 -9999 -9999 83 83 84 83 83 84 84 84 85 84 86 86 85 86 86 88 87 88 88 88 88 90 89 90 89 89
-9999 -9999 -9999 -9999 -9999 -9999 -9999 -9999 -9999 -9999 -9999 -9999 67 66 67 67 66 65 66 67 67 67 65 66 65 65 65 65 64 64 63 63 64 64 66 69 71 74 73 78 79 75 73 76 81 81 82 82 81 81 82 81 82 -9999 -9999 -9999 -9999 -9999 -9999 -9999 -9999 84 83 83 83 84 84 84 84 85 85 86 86 86 86 86 86 86 88 87 87 89 88 89 89 89
-9999 -9999 -9999 -9999 -9999 -9999 -9999 -9999 -9999 -9999 -9999 -9999 -9999 66 66 65 65 65 65 65 66 66 66 65 65 64 64 65 63 63 64 64 64 64 66 67 72 76 73 74 77 70 75 78 78 78 81 80 81 81 81 -9999 -9999 -9999 -9999 -9999 -9999 -9999 -9999 -9999 -9999 83 83 83 84 83 84 85 84 85 85 86 85 86 85 86 87 87 88 88 88 88 89 89 90 91
-9999 -9999 -9999 -9999 -9999 -9999 -9999 -9999 -9999 -9999 -9999 -9999 -9999 66 65 65 65 65 64 64 64 65 65 65 65 64 63 63 63 62 63 64 65 67 69 70 72 75 71 69 72 69 71 76 71 73 77 78 80 81 -9999 -9999 -9999 -9999 -9999 -9999 -9999 -9999 -9999 -9999 -9999 83 83 82 84 84 84 85 85 85 85 85 86 85 86 86 86 87 87 88 87 89 88 89 91 91
-9999 -9999 -9999 -9999 -9999 -9999 -9999 -9999 -9999 -9999 -9999 -9999 -9999 66 65 65 65 65 64 64 -9999 -9999 -9999 -9999 -9999 -9999 64 63 62 62 62 63 65 67 69 70 71 71 71 69 69 70 69 71 75 70 72 73 78 -9999 -9999 -9999 -9999 -9999 -9999 -9999 -9999 -9999 -9999 -9999 -9999 -9999 83 83 83 83 84 84 84 84 84 85 85 85 85 86 86 86 86 88 87 87 89 88 91 91
-9999 -9999 -9999 -9999 -9999 -9999 -9999 -9999 -9999 -9999 -9999 -9999 -9999 -9999 65 65 65 64 65 -9999 -9999 -9999 -9999 -9999 -9999 -9999 -9999 -9999 -9999 61 62 63 63 67 68 71 72 73 72 70 69 67 67 70 75 70 70 70 -9999 -9999 -9999 -9999 -9999 -9999 -9999 -9999 -9999 -9999 -9999 -9999 -9999 -9999 82 83 83 83 83 84 83 85 85 85 85 85 86 86 86 87 87 88 88 88 89 88 90 92
-9999 -9999 -9999 -9999 -9999 -9999 -9999 -9999 -9999 -9999 -9999 -9999 -9999 -9999 64 64 64 -9999 -9999 -9999 -9999 -9999 -9999 -9999 -9999 -9999 -9999 -9999 -9999 62 61 62 63 65 66 71 70 71 69 71 72 70 69 68 73 71 70 70 -9999 -9999 -9999 -9999 -9999 -9999 -9999 -9999 -9999 -9999 -9999 -9999 -9999 -9999 83 83 83 84 82 84 84 84 84 85 86 86 85 86 87 87 87 86 87 87 90 89 89 91
-9999 -9999 -9999 -9999 -9999 -9999 -9999 -9999 -9999 -9999 -9999 -9999 -9999 -9999 -9999 -9999 -9999 -9999 -9999 -9999 -9999 -9999 -9999 -9999 -9999 -9999 -9999 -9999 -9999 -9999 61 61 62 63 65 70 67 68 67 69 70 69 69 66 66 70 69 68 -9999 -9999 -9999 -9999 -9999 -9999 -9999 -9999 -9999 -9999 -9999 -9999 -9999 -9999 82 82 82 83 84 83 84 84 84 84 86 85 86 85 86 86 87 86 87 88 89 89 88 90
-9999 -9999 -9999 -9999 -9999 -9999 -9999 -9999 -9999 -9999 -9999 -9999 -9999 -9999 -9999 -9999 -9999 -9999 -9999 -9999 -9999 -9999 -9999 -9999 -9999 -9999 -9999 -9999 -9999 -9999 61 60 61 65 66 69 67 65 65 66 68 68 67 66 66 69 68 67 -9999 -9999 -9999 -9999 -9999 -9999 -9999 -9999 -9999 -9999 -9999 -9999 -9999 -9999 -9999 83 83 83 84 84 84 84 85 84 85 84 85 85 86 87 86 87 87 87 89 88 89 89
-9999 -9999 -9999 -9999 -9999 -9999 -9999 -9999 -9999 -9999 -9999 -9999 -9999 -9999 -9999 -9999 -9999 -9999 -9999 -9999 -9999 -9999 -9999 -9999 -9999 -9999 -9999 -9999 -9999 -9999 -9999 60 62 63 66 69 67 65 64 65 65 66 66 65 65 68 66 66 -9999 -9999 -9999 -9999 -9999 -9999 -9999 -9999 -9999 -9999 -9999 -9999 -9999 -9999 -9999 83 82 83 83 84 84 84 84 83 84 85 86 85 86 86 86 86 88 88 89 90 90 90
-9999 -9999 -9999 -9999 -9999 -9999 -9999 -9999 -9999 -9999 -9999 -9999 -9999 -9999 -9999 -9999 -9999 -9999 -9999 -9999 -9999 -9999 -9999 -9999 -9999 -9999 -9999 -9999 -9999 -9999 -9999 61 61 65 67 69 65 65 64 65 64 64 67 66 66 67 66 -9999 -9999 -9999 -9999 -9999 -9999 -9999 -9999 -9999 -9999 -9999 -9999 -9999 -9999 -9999 -9999 82 83 83 83 84 84 83 83 84 84 85 85 85 85 86 87 87 88 87 88 91 90 90
-9999 -9999 -9999 -9999 -9999 -9999 -9999 -9999 -9999 -9999 -9999 -9999 -9999 -9999 -9999 -9999 -9999 -9999 -9999 -9999 -9999 -9999 -9999 -9999 -9999 -9999 -9999 -9999 -9999 -9999 -9999 -9999 64 63 64 66 66 66 64 65 64 63 66 65 -9999 -9999 -9999 -9999 -9999 -9999 -9999 -9999 -9999 -9999 -9999 -9999 -9999 -9999 -9999 -9999 -9999 -9999 -9999 82 82 83 83 84 83 83 83 83 84 85 85 85 86 86 87 87 87 87 89 91 91 91
-9999 -9999 -9999 -9999 -9999 -9999 -9999 -9999 -9999 -9999 -9999 -9999 -9999 -9999 -9999 -9999 -9999 -9999 -9999 -9999 -9999 -9999 -9999 -9999 -9999 -9999 -9999 -9999 -9999 -9999 -9999 -9999 61 61 65 64 67 65 65 65 66 65 65 64 -9999 -9999 -9999 -9999 -9999 -9999 -9999 -9999 -9999 -9999 -9999 -9999 -9999 -9999 -9999 -9999 -9999 -9999 -9999 -9999 83 82 83 83 83 83 84 84 84 84 84 86 86 86 86 87 87 88 89 90 90 90
-9999 -9999 -9999 -9999 -9999 -9999 -9999 -9999 -9999 -9999 -9999 -9999 -9999 -9999 -9999 -9999 -9999 -9999 -9999 -9999 -9999 -9999 -9999 -9999 -9999 -9999 -9999 -9999 -9999 -9999 -9999 -9999 60 62 64 64 65 65 66 65 65 64 -9999 -9999 -9999 -9999 -9999 -9999 -9999 -9999 -9999 -9999 -9999 -9999 -9999 -9999 -9999 -9999 -9999 -9999 -9999 -9999 -9999 -9999 83 83 83 83 83 83 84 84 84 85 85 85 85 86 86 87 87 87 88 88 90 90
-9999 -9999 -9999 -9999 -9999 -9999 -9999 -9999 -9999 -9999 -9999 -9999 -9999 -9999 -9999 -9999 -9999 -9999 -9999 -9999 -9999 -9999 -9999 -9999 -9999 -9999 -9999 -9999 -9999 -9999 -9999 -9999 60 62 62 63 65 64 64 64 65 65 -9999 -9999 -9999 -9999 -9999 -9999 -9999 -9999 -9999 -9999 -9999 -9999 -9999 -9999 -9999 -9999 -9999 -9999 -9999 -9999 -9999 -9999 82 83 83 83 83 83 84 84 84 84 85 85 86 86 86 87 86 87 87 88 90 89
