invasiveSpecies/multiSpecies/data/biophysical_var/current/meanNDVI.asc
NCOLS 348 
NROWS 296 
XLLCORNER 36.067921193441 
YLLCORNER 0.122660859495 
CELLSIZE 0.00833333333300001 
NODATA_value -3.4e+38 
[rows 184 to 206 of 296, columns 255 to 305 of 348]
0.306800007820129 0.306800007820129 0.297150015830994 0.234400004148483 0.24779999256134 0.245650008320808 0.253450006246567 0.296499997377396 0.315699994564056 0.297849982976913 0.305000007152557 0.262699991464615 0.250800013542175 0.242500007152557 0.209850013256073 0.195549994707108 0.186250001192093 0.194950014352798 0.221650004386902 0.312049984931946 0.332899987697601 0.332899987697601 0.208099991083145 0.199950009584427 0.172499999403954 0.168400004506111 0.174149990081787 0.190999999642372 0.248999997973442 0.267850011587143 0.291649997234344 0.216650009155273 0.207850009202957 0.207949995994568 0.188800007104874 0.164249986410141 0.175749987363815 0.175999999046326 0.167800009250641 0.175249993801117 0.184399992227554 0.184399992227554 0.19200000166893 0.23285000026226 0.236149996519089 0.258249998092651 0.242899999022484 0.228399991989136 -3.4e+38 -3.4e+38 -3.4e+38
0.269349992275238 0.269349992275238 0.216350004076958 0.219900012016296 0.236950010061264 0.285449981689453 0.291599988937378 0.313499987125397 0.31470000743866 0.323449999094009 0.327450007200241 0.24770000576973 0.254299998283386 0.243100002408028 0.238399997353554 0.219200000166893 0.196549996733665 0.167199999094009 0.233599990606308 0.193049997091293 0.214949995279312 0.214949995279312 0.200800001621246 0.17485000193119 0.182649999856949 0.191349998116493 0.224449992179871 0.257299989461899 0.24040000140667 0.244450002908707 0.206249997019768 0.188850000500679 0.176449999213219 0.176699995994568 0.181450009346008 0.267899990081787 0.174750000238419 0.159400001168251 0.163500010967255 0.190750002861023 0.185999989509583 0.185999989509583 0.186300009489059 0.205049991607666 0.237199991941452 0.271099984645844 0.258249998092651 0.234400004148483 0.258549988269806 -3.4e+38 -3.4e+38
0.25 0.25 0.219650000333786 0.239549994468689 0.250400006771088 0.270749986171722 0.292649984359741 0.294699996709824 0.300650000572205 0.29569998383522 0.305550009012222 0.280299991369247 0.277099996805191 0.255750000476837 0.260900020599365 0.213750004768372 0.20100000500679 0.188800007104874 0.196000009775162 0.163949996232986 0.171149998903275 0.171149998903275 0.165600001811981 0.183100000023842 0.20160000026226 0.229000002145767 0.226350009441376 0.23769998550415 0.196700006723404 0.177300006151199 0.191650003194809 0.192950010299683 0.167349994182587 0.174500003457069 0.209350004792213 0.233899995684624 0.304049998521805 0.286049991846085 0.162999987602234 0.179199993610382 0.198550000786781 0.198550000786781 0.205650001764297 0.194700002670288 0.199949994683266 0.223850011825562 0.260999977588654 0.266350001096725 0.301849991083145 0.296949982643127 -3.4e+38
0.216949999332428 0.216949999332428 0.207349985837936 0.23555001616478 0.236699998378754 0.253899991512299 0.286199986934662 0.307300001382828 0.303799986839294 0.290899991989136 0.30825001001358 0.288850009441376 0.284949988126755 0.268049985170364 0.271200001239777 0.259599983692169 0.226599991321564 0.222399994730949 0.173849999904633 0.169300004839897 0.192350000143051 0.192350000143051 0.184399992227554 0.196150004863739 0.212599992752075 0.237749993801117 0.210150003433228 0.18419998884201 0.17679999768734 0.158050000667572 0.160300001502037 0.155599996447563 0.150999993085861 0.158100008964539 0.205799996852875 0.23429998755455 0.225300014019012 0.20974999666214 0.197149991989136 0.177949994802475 0.207650005817413 0.207650005817413 0.239199995994568 0.229849994182587 0.212850004434586 0.269649982452393 0.251000016927719 0.240850001573563 0.231799989938736 0.263049989938736 -3.4e+38
0.255750000476837 0.255750000476837 0.251199990510941 0.253949999809265 0.238000005483627 0.299449980258942 0.304450005292892 0.268249988555908 0.289799988269806 0.293350011110306 0.286550015211105 0.285549998283386 0.250800013542175 0.254649996757507 0.269299983978271 0.229999989271164 0.239549994468689 0.225950002670288 0.188050001859665 0.168400004506111 0.186700001358986 0.186700001358986 0.210150003433228 0.196750000119209 0.227699995040894 0.222450003027916 0.228750005364418 0.196700006723404 0.160149991512299 0.146750003099442 0.146950006484985 0.14384999871254 0.143099993467331 0.156949996948242 0.181749999523163 0.23225000500679 0.230499982833862 0.193949997425079 0.20524999499321 0.238600000739098 0.233000010251999 0.233000010251999 0.192149996757507 0.258350014686584 0.204950004816055 0.224050015211105 0.250950008630753 0.269650012254715 -3.4e+38 -3.4e+38 -3.4e+38
0.222849994897842 0.222849994897842 0.245550006628036 0.258149981498718 0.27590000629425 0.304549992084503 0.297150015830994 0.293850004673004 0.303900003433228 0.311500012874603 0.274599999189377 0.306250005960464 0.306349992752075 0.286199986934662 0.273800015449524 0.270150005817413 0.228299990296364 0.207650005817413 0.188199996948242 0.182449996471405 0.1841000020504 0.1841000020504 0.194649994373322 0.194150000810623 0.191200003027916 0.183600008487701 0.188250005245209 0.177749991416931 0.162999987602234 0.15845000743866 0.153249993920326 0.142549991607666 0.146200001239777 0.156199991703033 0.170849993824959 0.184899985790253 0.206050008535385 0.265650004148483 0.199849992990494 0.203050002455711 0.179549992084503 0.179549992084503 0.1942999958992 0.177500009536743 0.225699990987778 0.276549994945526 0.297049999237061 -3.4e+38 -3.4e+38 -3.4e+38 -3.4e+38
0.251049995422363 0.251049995422363 0.261600017547607 0.252449989318848 0.300249993801117 0.300000011920929 0.292400002479553 0.302349984645844 0.31020000576973 0.308200001716614 0.353550016880035 0.311899989843369 0.290549993515015 0.242249995470047 0.252249985933304 0.265699982643127 0.24864998459816 0.243399992585182 0.254400014877319 0.218199998140335 0.190400004386902 0.190400004386902 0.21399998664856 0.192200005054474 0.208999991416931 0.175500005483627 0.171749994158745 0.171000003814697 0.184349998831749 0.18469999730587 0.183499991893768 0.18860000371933 0.29764997959137 0.185900002717972 0.175200000405312 0.190699994564056 0.230800002813339 0.219899997115135 0.210249990224838 0.171200007200241 0.167449995875359 0.167449995875359 0.171550005674362 0.231549993157387 0.261649996042252 0.31920000910759 -3.4e+38 -3.4e+38 -3.4e+38 -3.4e+38 -3.4e+38
0.245849996805191 0.245849996805191 0.268399983644485 0.287200003862381 0.309399992227554 0.306800007820129 0.283300012350082 0.302350014448166 0.302049994468689 0.326099991798401 0.313650012016296 0.293949991464615 0.26884999871254 0.238000005483627 0.259299993515015 0.265150010585785 0.251950025558472 0.25229999423027 0.244199991226196 0.231049984693527 0.197750002145767 0.197750002145767 0.225950002670288 0.250050008296967 0.20610000193119 0.18520000576973 0.164849996566772 0.200699999928474 0.22545000910759 0.282200008630753 0.219150006771088 0.222699999809265 0.231049999594688 0.235449999570847 0.201450005173683 0.301850020885468 0.23309999704361 0.25789999961853 0.195749998092651 0.173050001263618 0.168350011110306 0.168350011110306 0.182899996638298 0.21764999628067 0.239100009202957 -3.4e+38 -3.4e+38 -3.4e+38 -3.4e+38 -3.4e+38 -3.4e+38
0.298049986362457 0.298049986362457 0.290899991989136 0.273800015449524 0.315150022506714 0.309549987316132 0.29899999499321 0.295650005340576 0.308950006961823 0.300249993801117 0.302500009536743 0.283649981021881 0.273999989032745 0.253250002861023 0.26774999499321 0.254150003194809 0.225899994373322 0.273750007152557 0.244849994778633 0.189150005578995 0.188450008630753 0.188450008630753 0.229399994015694 0.259450018405914 0.223049998283386 0.230649992823601 0.258700013160706 0.268900007009506 0.313300013542175 0.294450014829636 0.280799984931946 0.232350006699562 0.234950006008148 0.210549995303154 0.30265000462532 0.254700005054474 0.288399994373322 0.24210000038147 0.203999996185303 0.20100000500679 0.18639999628067 0.18639999628067 0.191049993038177 0.245800003409386 0.327600002288818 -3.4e+38 -3.4e+38 -3.4e+38 -3.4e+38 -3.4e+38 -3.4e+38
0.294400006532669 0.294400006532669 0.302249997854233 0.327549993991852 0.355500012636185 0.315200001001358 0.293949991464615 0.290149986743927 0.292999982833862 0.282949984073639 0.279199987649918 0.293900012969971 0.27539998292923 0.298200011253357 0.276050001382828 0.259400010108948 0.253600001335144 0.230350002646446 0.224000006914139 0.20464999973774 0.207650005817413 0.207650005817413 0.238200008869171 0.257250010967255 0.230900004506111 0.267100006341934 0.279650002717972 0.225600004196167 0.255950003862381 0.258149981498718 0.256650000810623 0.249150007963181 0.221900001168251 0.203850001096725 0.191949993371964 0.224050000309944 0.297850012779236 0.24779999256134 0.219049990177155 0.195050001144409 0.176349997520447 0.176349997520447 0.158950001001358 0.212050005793571 0.331750005483627 -3.4e+38 -3.4e+38 -3.4e+38 -3.4e+38 -3.4e+38 -3.4e+38
0.259450018405914 0.259450018405914 0.28710001707077 0.321250021457672 0.324349999427795 0.303449988365173 0.268200010061264 0.265550017356873 0.282499998807907 0.291049987077713 0.26485002040863 0.260299980640411 0.278649985790253 0.314999997615814 0.300549983978271 0.279650002717972 0.298000007867813 0.278200000524521 0.26129999756813 0.242900013923645 0.237250000238419 0.237250000238419 0.22265000641346 0.239300012588501 0.216049998998642 0.228450000286102 0.239849984645844 0.256449997425079 0.273400008678436 0.250699996948242 0.260399997234344 0.264200001955032 0.234499990940094 0.236600011587143 0.215099990367889 0.302100002765656 0.285149991512299 0.258399993181229 0.205149993300438 0.189750000834465 0.164350003004074 0.164350003004074 0.208200007677078 0.256500005722046 -3.4e+38 -3.4e+38 -3.4e+38 -3.4e+38 -3.4e+38 -3.4e+38 -3.4e+38
0.299849987030029 0.299849987030029 0.286949992179871 0.321399986743927 0.318599998950958 0.306450009346008 0.303950011730194 0.312649995088577 0.296050012111664 0.269299983978271 0.281350016593933 0.294349998235703 0.300150007009506 0.299600005149841 0.299099981784821 0.313799977302551 0.301149994134903 0.26690000295639 0.259499996900558 0.265699982643127 0.251300007104874 0.251300007104874 0.249099999666214 0.246849998831749 0.250400006771088 0.235100001096725 0.265450000762939 0.22435000538826 0.213249996304512 0.233999997377396 0.251800000667572 0.242949992418289 0.255699992179871 0.278499990701675 0.248649999499321 0.240500003099442 0.236900001764297 0.18469999730587 0.206999987363815 0.1841000020504 0.165399998426437 0.165399998426437 0.17315000295639 0.238000005483627 0.36149999499321 -3.4e+38 -3.4e+38 -3.4e+38 -3.4e+38 -3.4e+38 -3.4e+38
0.312900006771088 0.312900006771088 0.30715000629425 0.326399981975555 0.299950003623962 0.305200010538101 0.315599977970123 0.314649999141693 0.291249990463257 0.277750015258789 0.311500012874603 0.268500000238419 0.266200006008148 0.260450005531311 0.301499992609024 0.307900011539459 0.299300014972687 0.266799986362457 0.254700005054474 0.226850003004074 0.256650000810623 0.256650000810623 0.263099998235703 0.265749990940094 0.299950003623962 0.278299987316132 0.263799995183945 0.222049996256828 0.211549997329712 0.218950003385544 0.225299999117851 0.229049995541573 0.248499989509583 0.266299992799759 0.240299999713898 0.254400014877319 0.233349993824959 0.213800013065338 0.185400009155273 0.17509999871254 0.176899999380112 0.176899999380112 0.179399996995926 0.267400026321411 -3.4e+38 -3.4e+38 -3.4e+38 -3.4e+38 -3.4e+38 -3.4e+38 -3.4e+38
0.330549985170364 0.330549985170364 0.322849988937378 0.350300014019012 0.322549998760223 0.320500016212463 0.318149983882904 0.309949994087219 0.258650004863739 0.275049984455109 0.307249993085861 0.276150017976761 0.259350001811981 0.260150015354156 0.317499995231628 0.310050010681152 0.299899995326996 0.285099983215332 0.241449996829033 0.227099999785423 0.233199998736382 0.233199998736382 0.230500012636185 0.295500010251999 0.280299991369247 0.276149988174438 0.241400003433228 0.224150002002716 0.245049998164177 0.226500004529953 0.22155000269413 0.221900001168251 0.242149993777275 0.248449996113777 0.213200002908707 0.207350015640259 0.204099997878075 0.193650007247925 0.201900005340576 0.187449991703033 0.195549994707108 0.195549994707108 0.257750004529953 0.327399998903275 -3.4e+38 -3.4e+38 -3.4e+38 -3.4e+38 -3.4e+38 -3.4e+38 -3.4e+38
0.330549985170364 0.330549985170364 0.322849988937378 0.350300014019012 0.322549998760223 0.320500016212463 0.318149983882904 0.309949994087219 0.258650004863739 0.275049984455109 0.307249993085861 0.276150017976761 0.259350001811981 0.260150015354156 0.317499995231628 0.310050010681152 0.299899995326996 0.285099983215332 0.241449996829033 0.227099999785423 0.233199998736382 0.233199998736382 0.230500012636185 0.295500010251999 0.280299991369247 0.276149988174438 0.241400003433228 0.224150002002716 0.245049998164177 0.226500004529953 0.22155000269413 0.221900001168251 0.242149993777275 0.248449996113777 0.213200002908707 0.207350015640259 0.204099997878075 0.193650007247925 0.201900005340576 0.187449991703033 0.195549994707108 0.195549994707108 0.257750004529953 0.327399998903275 -3.4e+38 -3.4e+38 -3.4e+38 -3.4e+38 -3.4e+38 -3.4e+38 -3.4e+38
0.298649996519089 0.298649996519089 0.296599984169006 0.320150017738342 0.322400003671646 0.324050009250641 0.330799996852875 0.337749987840652 0.295549988746643 0.302900016307831 0.275849997997284 0.286849975585938 0.26129999756813 0.329450011253357 0.329800009727478 0.284350007772446 0.251800000667572 0.245149999856949 0.226999998092651 0.276349991559982 0.287499994039536 0.287499994039536 0.305449992418289 0.293900012969971 0.271650016307831 0.253199994564056 0.272100001573563 0.235500007867813 0.238050013780594 0.216199994087219 0.222450003027916 0.221700012683868 0.242449998855591 0.246550008654594 0.218799993395805 0.20915000140667 0.193499997258186 0.187999993562698 0.194199994206429 0.246749997138977 0.213550001382828 0.213550001382828 0.29899999499321 -3.4e+38 -3.4e+38 -3.4e+38 -3.4e+38 -3.4e+38 -3.4e+38 -3.4e+38 -3.4e+38
0.310499995946884 0.310499995946884 0.372749984264374 0.25110000371933 0.265300005674362 0.304100006818771 0.323050022125244 0.320100009441376 0.284449994564056 0.303149998188019 0.276899993419647 0.273849993944168 0.254199981689453 0.309599995613098 0.317799985408783 0.344300001859665 0.278499990701675 0.246500000357628 0.237500011920929 0.255549997091293 0.244049996137619 0.244049996137619 0.247900009155273 0.296499997377396 0.263049989938736 0.243400007486343 0.249949991703033 0.245299994945526 0.244199991226196 0.219249993562698 0.222750008106232 0.229600012302399 0.226150006055832 0.21340000629425 0.229650005698204 0.216349989175797 0.214100003242493 0.194649994373322 0.205399990081787 0.214700013399124 0.236550003290176 0.236550003290176 -3.4e+38 -3.4e+38 -3.4e+38 -3.4e+38 -3.4e+38 -3.4e+38 -3.4e+38 -3.4e+38 -3.4e+38
0.32694998383522 0.32694998383522 0.298750013113022 0.31360000371933 0.328799992799759 0.317300021648407 0.307600021362305 0.31224998831749 0.3125 0.274550020694733 0.332399994134903 0.30935001373291 0.29559999704361 0.305749982595444 0.316350013017654 0.307550013065338 0.29365000128746 0.300599992275238 0.291799992322922 0.298299998044968 0.289750009775162 0.289750009775162 0.27564999461174 0.27004998922348 0.292050004005432 0.270349979400635 0.247599989175797 0.259249985218048 0.240600004792213 0.177249997854233 0.239199995994568 0.257349997758865 0.237049996852875 0.208800002932549 0.219599992036819 0.215999990701675 0.207599997520447 0.206299990415573 0.209600001573563 0.232749998569489 0.252999991178513 -3.4e+38 -3.4e+38 -3.4e+38 -3.4e+38 -3.4e+38 -3.4e+38 -3.4e+38 -3.4e+38 -3.4e+38 -3.4e+38
0.30460000038147 0.30460000038147 0.322450011968613 0.297849982976913 0.304549992084503 0.326600015163422 0.342549979686737 0.335700005292892 0.32124999165535 0.344900012016296 0.314500004053116 0.331149995326996 0.336400002241135 0.287699997425079 0.334150016307831 0.337700009346008 0.325150012969971 0.28600001335144 0.341349989175797 0.282000005245209 0.267100006341934 0.267100006341934 0.295199990272522 0.303749978542328 0.297250002622604 0.293850004673004 0.29135000705719 0.261000007390976 0.250950008630753 0.209300011396408 0.201299995183945 0.217000007629395 0.227950006723404 0.253899991512299 0.223700001835823 0.296649992465973 0.245350003242493 0.208000004291534 0.221900001168251 0.313849985599518 -3.4e+38 -3.4e+38 -3.4e+38 -3.4e+38 -3.4e+38 -3.4e+38 -3.4e+38 -3.4e+38 -3.4e+38 -3.4e+38 -3.4e+38
0.352850019931793 0.352850019931793 0.366450011730194 0.311199992895126 0.310849994421005 0.367499977350235 0.354299992322922 0.302850008010864 0.331399977207184 0.362200021743774 0.342450022697449 0.341800004243851 0.358900010585785 0.342000007629395 0.328350007534027 0.365049988031387 0.359600007534027 0.351449996232986 0.34960001707077 0.294050008058548 0.267499983310699 0.267499983310699 0.254400014877319 0.269650012254715 0.276250004768372 0.279150009155273 0.284500002861023 0.308550000190735 0.277999997138977 0.208599999547005 0.234549999237061 0.218400001525879 0.21620000898838 0.234449997544289 0.222249999642372 0.216349989175797 0.204999998211861 0.23539999127388 0.249949991703033 0.39885002374649 -3.4e+38 -3.4e+38 -3.4e+38 -3.4e+38 -3.4e+38 -3.4e+38 -3.4e+38 -3.4e+38 -3.4e+38 -3.4e+38 -3.4e+38
0.363299995660782 0.363299995660782 0.3158999979496 0.331499993801117 0.340849995613098 0.321749985218048 0.314649999141693 0.359849989414215 0.387600004673004 0.373650014400482 0.360300004482269 0.373300015926361 0.378350019454956 0.378549993038177 0.37279999256134 0.39164999127388 0.382449984550476 0.359750032424927 0.345450013875961 0.315450012683868 0.297549992799759 0.297549992799759 0.265349984169006 0.280349999666214 0.284249991178513 0.269299983978271 0.278850018978119 0.289299994707108 0.267599999904633 0.282150000333786 0.273900002241135 0.281199991703033 0.269349992275238 0.272650003433228 0.260049998760223 0.210600003600121 0.228000000119209 0.254949986934662 0.255699992179871 0.402300000190735 -3.4e+38 -3.4e+38 -3.4e+38 -3.4e+38 -3.4e+38 -3.4e+38 -3.4e+38 -3.4e+38 -3.4e+38 -3.4e+38 -3.4e+38
0.367300003767014 0.367300003767014 0.32845002412796 0.322700023651123 0.343950003385544 0.337650001049042 0.323350012302399 0.332249999046326 0.350149989128113 0.360449999570847 0.344049990177155 0.365350008010864 0.369049996137619 0.386099994182587 0.383499979972839 0.394500017166138 0.377649992704391 0.370049983263016 0.354350000619888 0.348749995231628 0.297049999237061 0.297049999237061 0.272850006818771 0.276650011539459 0.283600002527237 0.281650006771088 0.317299991846085 0.315600007772446 0.312950015068054 0.293900012969971 0.284999996423721 0.26894998550415 0.262699991464615 0.281149983406067 0.274399995803833 0.298700004816055 0.239050000905991 0.251450002193451 0.337149977684021 -3.4e+38 -3.4e+38 -3.4e+38 -3.4e+38 -3.4e+38 -3.4e+38 -3.4e+38 -3.4e+38 -3.4e+38 -3.4e+38 -3.4e+38 -3.4e+38
0.320500016212463 0.320500016212463 0.341399997472763 0.347550004720688 0.32464998960495 0.31114998459816 0.323499977588654 0.346749991178513 0.348850011825562 0.367500007152557 0.392199993133545 0.381449997425079 0.380299985408783 0.371349990367889 0.377550005912781 0.378299981355667 0.335999995470047 0.384649991989136 0.360249996185303 0.351700007915497 0.312900006771088 0.312900006771088 0.29585000872612 0.28914999961853 0.273299992084503 0.383650004863739 0.474299997091293 0.441599994897842 0.365299999713898 0.4130499958992 0.308649986982346 0.292600005865097 0.311599999666214 0.311999976634979 -3.4e+38 -3.4e+38 0.299849987030029 0.307199984788895 0.417999982833862 -3.4e+38 -3.4e+38 -3.4e+38 -3.4e+38 -3.4e+38 -3.4e+38 -3.4e+38 -3.4e+38 -3.4e+38 -3.4e+38 -3.4e+38 -3.4e+38
