invasiveSpecies/multiSpecies/data/biophysical_var/current/meanNDVI.asc
NCOLS 348 
NROWS 296 
XLLCORNER 36.067921193441 
YLLCORNER 0.122660859495 
CELLSIZE 0.00833333333300001 
NODATA_value -3.4e+38 
[rows 138 to 160 of 296, columns 153 to 203 of 348]
0.700299978256226 0.686850011348724 0.686850011348724 0.679199993610382 0.641550004482269 0.579750001430511 0.504400014877319 0.450550019741058 0.450699985027313 0.438549995422363 0.389699995517731 0.316049993038177 0.306699991226196 0.310050010681152 0.312000006437302 0.33490002155304 0.355699986219406 0.345200002193451 0.33270001411438 0.320850014686584 0.309149980545044 0.270649999380112 0.270649999380112 0.252250015735626 0.279850006103516 0.30919998884201 0.31344997882843 0.300249993801117 0.273550003767014 0.262099981307983 0.235500007867813 0.289000004529953 0.287550002336502 0.226750001311302 0.225499987602234 0.209950000047684 0.222800001502037 0.219999998807907 0.2255499958992 0.217900007963181 0.226149991154671 0.231600001454353 0.231600001454353 0.245049998164177 0.248600006103516 0.214599996805191 0.206699997186661 0.213799998164177 0.250600010156631 0.240249991416931 0.240700006484985
0.514150023460388 0.673949956893921 0.673949956893921 0.698400020599365 0.641499996185303 0.632699966430664 0.605000019073486 0.463599979877472 0.438849985599518 0.407800018787384 0.390150010585785 0.361099988222122 0.309700012207031 0.330349981784821 0.354200005531311 0.379800021648407 0.391699999570847 0.363650023937225 0.353049993515015 0.292649984359741 0.256900012493134 0.257750004529953 0.257750004529953 0.263000011444092 0.289400011301041 0.297850012779236 0.297049999237061 0.294050008058548 0.279349982738495 0.280900001525879 0.297699987888336 0.293200016021729 0.296900004148483 0.234600007534027 0.216250002384186 0.218400001525879 0.216300010681152 0.232350006699562 0.234899997711182 0.224299997091293 0.24669998884201 0.245450004935265 0.245450004935265 0.230549991130829 0.236999988555908 0.211250007152557 0.194700002670288 0.219099998474121 0.266999989748001 0.254449993371964 0.247999995946884
0.710799992084503 0.648149967193604 0.648149967193604 0.638849973678589 0.670949995517731 0.587049961090088 0.610350012779236 0.560699999332428 0.479750007390976 0.408899992704391 0.384800016880035 0.373300015926361 0.349250018596649 0.346450001001358 0.346549987792969 0.343100011348724 0.384999990463257 0.375599980354309 0.382050007581711 0.348600000143051 0.29925000667572 0.249699994921684 0.249699994921684 0.250200003385544 0.308499991893768 0.305350005626678 0.303099989891052 0.301499992609024 0.295150011777878 0.296599984169006 0.295750021934509 0.287299990653992 0.29339998960495 0.293500006198883 0.252449989318848 0.234899997711182 0.226400002837181 0.22979998588562 0.224200010299683 0.238649994134903 0.254200011491776 0.252950012683868 0.252950012683868 0.24864998459816 0.231950014829636 0.208750009536743 0.200550004839897 0.203600004315376 0.258949995040894 0.249700009822845 0.243000000715256
0.677349984645844 0.700800001621246 0.700800001621246 0.67044997215271 0.582900047302246 0.552250027656555 0.486599981784821 0.446950018405914 0.397549986839294 0.350300014019012 0.379000008106232 0.378600001335144 0.373049974441528 0.35809999704361 0.319700002670288 0.300300002098083 0.368000000715256 0.367700010538101 0.36395001411438 0.349050015211105 0.342799991369247 0.321550011634827 0.321550011634827 0.307399988174438 0.336800009012222 0.33380001783371 0.35495001077652 0.339900016784668 0.317649990320206 0.310100018978119 0.287200003862381 0.279500007629395 0.314000010490417 0.346149981021881 0.297549992799759 0.24125000834465 0.265200018882751 0.266749978065491 0.240600004792213 0.246299996972084 0.2567999958992 0.237349987030029 0.237349987030029 0.244100004434586 0.253250002861023 0.22155000269413 0.231949999928474 0.217299997806549 0.228899985551834 0.26774999499321 0.265350013971329
0.565299987792969 0.551800012588501 0.551800012588501 0.502149999141693 0.509400010108948 0.473850011825562 0.44744998216629 0.413550019264221 0.420300006866455 0.396799981594086 0.40090000629425 0.392800003290176 0.406399995088577 0.39300000667572 0.374199986457825 0.37814998626709 0.380549997091293 0.394800007343292 0.356400012969971 0.345000028610229 0.354000002145767 0.396549999713898 0.396549999713898 0.381600022315979 0.352800011634827 0.367699980735779 0.347899973392487 0.341049998998642 0.334500014781952 0.33050000667572 0.334049999713898 0.33380001783371 0.353450000286102 0.368550002574921 0.357899993658066 0.324799984693527 0.299899995326996 0.32150000333786 0.339150011539459 0.373549997806549 0.351249992847443 0.301849991083145 0.301849991083145 0.266249984502792 0.247000008821487 0.275350004434586 0.240549996495247 0.20074999332428 0.20974999666214 0.209349989891052 0.208449989557266
0.538699984550476 0.467249989509583 0.467249989509583 0.439599990844727 0.454050004482269 0.399649977684021 0.393449991941452 0.358699977397919 0.393299996852875 0.42059999704361 0.444449990987778 0.387449979782104 0.340650022029877 0.395999997854233 0.387250006198883 0.402850031852722 0.385299980640411 0.32735002040863 0.343899995088577 0.356900006532669 0.369450002908707 0.347949981689453 0.347949981689453 0.337449997663498 0.342949986457825 0.355499982833862 0.365649998188019 0.358799993991852 0.332650005817413 0.302200019359589 0.320100009441376 0.377849996089935 0.350400000810623 0.367699980735779 0.354449987411499 0.364199995994568 0.336250007152557 0.337100028991699 0.290349990129471 0.338249981403351 0.313749998807907 0.258399993181229 0.258399993181229 0.233500003814697 0.224000006914139 0.215100005269051 0.231350004673004 0.224749997258186 0.25585001707077 0.228650003671646 0.211199998855591
0.504949986934662 0.490949988365173 0.490949988365173 0.437999993562698 0.433400005102158 0.402599990367889 0.399999976158142 0.36175000667572 0.363749980926514 0.376599997282028 0.397199988365173 0.38305002450943 0.346500009298325 0.385800004005432 0.40090000629425 0.425049990415573 0.393550008535385 0.369599997997284 0.370100021362305 0.34579998254776 0.355549991130829 0.377400010824203 0.377400010824203 0.369549989700317 0.36505001783371 0.347600013017654 0.339850008487701 0.38289999961853 0.376399993896484 0.333350002765656 0.358799993991852 0.429450005292892 0.41619998216629 0.377799987792969 0.387549996376038 0.342999994754791 0.32039999961853 0.303200006484985 0.294200003147125 0.300049990415573 0.267049998044968 0.266350001096725 0.266350001096725 0.251650005578995 0.241200000047684 0.257799983024597 0.232500001788139 0.252750009298325 0.244550004601479 0.230549991130829 0.245649993419647
0.568899989128113 0.516499996185303 0.516499996185303 0.495449990034103 0.430750012397766 0.429499983787537 0.409099996089935 0.347299993038177 0.337949991226196 0.395799994468689 0.444199979305267 0.405799984931946 0.415050029754639 0.430649995803833 0.453350007534027 0.384199976921082 0.387950003147125 0.354499995708466 0.353650003671646 0.362949997186661 0.377950012683868 0.372500002384186 0.372500002384186 0.33950001001358 0.322200000286102 0.33050000667572 0.339049994945526 0.363649994134903 0.405100017786026 0.366649985313416 0.39190000295639 0.387849986553192 0.4444500207901 0.452600002288818 0.422749996185303 0.363049983978271 0.364950001239777 0.363449990749359 0.338599979877472 0.311199992895126 0.300200015306473 0.296249985694885 0.296249985694885 0.293749988079071 0.286700010299683 0.273149996995926 0.266799986362457 0.240699991583824 0.249799996614456 0.248700007796288 0.277399986982346
0.537150025367737 0.446449995040894 0.446449995040894 0.466450035572052 0.450999975204468 0.458249986171722 0.48404997587204 0.44489997625351 0.424800008535385 0.428550004959106 0.42629998922348 0.415850013494492 0.436250030994415 0.474449992179871 0.419300019741058 0.352100014686584 0.361599981784821 0.345849990844727 0.310999989509583 0.324450016021729 0.326099991798401 0.323949992656708 0.323949992656708 0.293500006198883 0.300249993801117 0.318199992179871 0.322200000286102 0.352050006389618 0.394699990749359 0.390349984169006 0.369599997997284 0.363600015640259 0.365149974822998 0.352899998426437 0.351850003004074 0.370800018310547 0.343850016593933 0.346499979496002 0.331799983978271 0.31029999256134 0.299199998378754 0.297800004482269 0.297800004482269 0.289900004863739 0.285449981689453 0.2744500041008 0.27004998922348 0.268099993467331 0.23819999396801 0.252000004053116 0.258750021457672
0.520600020885468 0.481949985027313 0.481949985027313 0.46424999833107 0.517500042915344 0.562200009822845 0.534099996089935 0.48404997587204 0.367650002241135 0.410850018262863 0.464100003242493 0.38714998960495 0.323249995708466 0.346149981021881 0.427950024604797 0.335449993610382 0.353100001811981 0.374850004911423 0.319000005722046 0.329050004482269 0.298049986362457 0.305800020694733 0.305800020694733 0.306950002908707 0.296550005674362 0.306400001049042 0.316349983215332 0.340049982070923 0.381099998950958 0.381200015544891 0.3505499958992 0.367200016975403 0.360949993133545 0.341500014066696 0.295899987220764 0.332399994134903 0.347450017929077 0.358449995517731 0.337150007486343 0.301699995994568 0.295300006866455 0.311450004577637 0.311450004577637 0.305849999189377 0.279000014066696 0.26664999127388 0.308799982070923 0.311349987983704 0.245350003242493 0.246500000357628 0.235349997878075
0.554549992084503 0.580099999904633 0.580099999904633 0.600199997425079 0.550400018692017 0.4966000020504 0.442800015211105 0.416000008583069 0.371250003576279 0.367749989032745 0.376450002193451 0.361900001764297 0.298399984836578 0.291400015354156 0.338450014591217 0.304949998855591 0.354350000619888 0.347950011491776 0.335099995136261 0.302300006151199 0.343500018119812 0.35725000500679 0.35725000500679 0.34264999628067 0.333499997854233 0.327700018882751 0.328700006008148 0.347299993038177 0.377799987792969 0.376900017261505 0.369300007820129 0.379199981689453 0.41210001707077 0.350099980831146 0.268599987030029 0.321550011634827 0.323100000619888 0.32244998216629 0.302949994802475 0.295049995183945 0.31580001115799 0.318599998950958 0.318599998950958 0.297450006008148 0.250699996948242 0.253499984741211 0.28030002117157 0.281949996948242 0.246500015258789 0.246050000190735 0.221599996089935
0.627900004386902 0.58585000038147 0.58585000038147 0.545650005340576 0.497299998998642 0.506550014019012 0.428050011396408 0.423299998044968 0.445500016212463 0.399150013923645 0.345849990844727 0.350650012493134 0.332800000905991 0.380649983882904 0.335999995470047 0.305800020694733 0.349849998950958 0.369300007820129 0.354250013828278 0.343249976634979 0.344150006771088 0.329649984836578 0.329649984836578 0.33899998664856 0.343949973583221 0.344049990177155 0.334650009870529 0.353999972343445 0.395150005817413 0.397350013256073 0.397900015115738 0.414699971675873 0.409999996423721 0.375950008630753 0.276849985122681 0.307399988174438 0.325249999761581 0.304349988698959 0.295650005340576 0.289550006389618 0.312350004911423 0.319550007581711 0.319550007581711 0.283899992704391 0.257200002670288 0.257799983024597 0.248450011014938 0.271799981594086 0.234950006008148 0.231400012969971 0.207900002598763
0.608150005340576 0.558749973773956 0.558749973773956 0.539900004863739 0.503499984741211 0.482749998569489 0.458150029182434 0.45210000872612 0.458250015974045 0.432700008153915 0.385949999094009 0.375649988651276 0.374199986457825 0.396499991416931 0.327849984169006 0.317149996757507 0.35369998216629 0.367399990558624 0.351050019264221 0.345750004053116 0.357200026512146 0.346450001001358 0.346450001001358 0.338750004768372 0.346399992704391 0.380149990320206 0.346549987792969 0.3682000041008 0.368550002574921 0.403149992227554 0.399600028991699 0.395950019359589 0.384450018405914 0.305000007152557 0.302549988031387 0.292850017547607 0.312150001525879 0.303000003099442 0.299199998378754 0.30120000243187 0.295150011777878 0.316350013017654 0.316350013017654 0.276950001716614 0.259499996900558 0.276450008153915 0.243900001049042 0.247050002217293 0.250550001859665 0.227200001478195 0.215700000524521
0.597699999809265 0.576099991798401 0.576099991798401 0.522449970245361 0.484200000762939 0.488499999046326 0.464200019836426 0.477299988269806 0.430999994277954 0.401950001716614 0.384149998426437 0.387899994850159 0.363999992609024 0.382650017738342 0.38034999370575 0.355650007724762 0.373250007629395 0.367399990558624 0.360100001096725 0.352100014686584 0.346350014209747 0.343050003051758 0.343050003051758 0.339349985122681 0.335950016975403 0.368000000715256 0.331799983978271 0.321399986743927 0.349000006914139 0.373600006103516 0.366100013256073 0.390949994325638 0.374199986457825 0.320600003004074 0.339800000190735 0.297549992799759 0.317750006914139 0.31989997625351 0.327549993991852 0.321999996900558 0.302949994802475 0.306549996137619 0.306549996137619 0.290600001811981 0.276349991559982 0.277399986982346 0.243149995803833 0.251299977302551 0.250849992036819 0.225099995732307 0.221850007772446
0.60794997215271 0.54355001449585 0.54355001449585 0.550300002098083 0.426599979400635 0.445899993181229 0.432500004768372 0.440150022506714 0.4375 0.37830001115799 0.355199992656708 0.351700007915497 0.399800002574921 0.404300004243851 0.400550007820129 0.397450000047684 0.39029997587204 0.379050016403198 0.368950009346008 0.383149981498718 0.327950000762939 0.317299991846085 0.317299991846085 0.333299994468689 0.344449996948242 0.351799994707108 0.328299999237061 0.312550008296967 0.325650006532669 0.349849998950958 0.366699993610382 0.380699992179871 0.372099995613098 0.319700002670288 0.316399991512299 0.311150014400482 0.333149999380112 0.354449987411499 0.361800014972687 0.334300011396408 0.319649994373322 0.310900002717972 0.310900002717972 0.303600013256073 0.288349986076355 0.266200006008148 0.254949986934662 0.264750003814697 0.263350009918213 0.250950008630753 0.228300005197525
0.589999973773956 0.506850004196167 0.506850004196167 0.535549998283386 0.533500015735626 0.520850002765656 0.506399989128113 0.467700004577637 0.421350002288818 0.394600003957748 0.414499998092651 0.373699992895126 0.396699994802475 0.422349989414215 0.402999997138977 0.411900013685226 0.408499985933304 0.394300013780594 0.394200026988983 0.372900009155273 0.328099995851517 0.308099985122681 0.308099985122681 0.319949984550476 0.295949995517731 0.329299986362457 0.364549994468689 0.295549988746643 0.310750007629395 0.33024999499321 0.347000002861023 0.367650002241135 0.349999994039536 0.315249979496002 0.291750013828278 0.29899999499321 0.31454998254776 0.345899999141693 0.354300022125244 0.343200027942657 0.344600021839142 0.338449984788895 0.338449984788895 0.319150000810623 0.288850009441376 0.273000001907349 0.268200010061264 0.261999994516373 0.280400007963181 0.269050002098083 0.251550018787384
0.618550002574921 0.515150010585785 0.515150010585785 0.542699992656708 0.589699983596802 0.570249974727631 0.50884997844696 0.424149990081787 0.38629999756813 0.405349999666214 0.401149988174438 0.39384999871254 0.398699998855591 0.414700001478195 0.415700018405914 0.403150022029877 0.400150001049042 0.404550015926361 0.399899989366531 0.360849976539612 0.326499998569489 0.324400007724762 0.324400007724762 0.338299989700317 0.338949978351593 0.420400023460388 0.357699990272522 0.292850017547607 0.306950002908707 0.328500002622604 0.342149972915649 0.352949976921082 0.351300001144409 0.339850008487701 0.310350000858307 0.318300008773804 0.32244998216629 0.372600018978119 0.350499987602234 0.350000023841858 0.359200000762939 0.355599999427795 0.355599999427795 0.34145000576973 0.303700000047684 0.281850010156631 0.274399995803833 0.270399987697601 0.2742999792099 0.28329998254776 0.295949995517731
0.652699947357178 0.582350015640259 0.582350015640259 0.629799962043762 0.625349998474121 0.554700016975403 0.550400018692017 0.467600017786026 0.427749991416931 0.423349976539612 0.384249985218048 0.420500010251999 0.414550006389618 0.425700008869171 0.420350015163422 0.398699998855591 0.426050007343292 0.400099992752075 0.386550009250641 0.390850007534027 0.411549985408783 0.381250023841858 0.381250023841858 0.374350011348724 0.396950006484985 0.363300025463104 0.313899993896484 0.29109999537468 0.303999990224838 0.326049983501434 0.343249976634979 0.345849990844727 0.365750014781952 0.353500008583069 0.311650007963181 0.310950011014938 0.338899999856949 0.379000008106232 0.381749987602234 0.376800000667572 0.365799993276596 0.355599999427795 0.355599999427795 0.337400019168854 0.297749996185303 0.288100004196167 0.284249991178513 0.286400020122528 0.282499998807907 0.30145001411438 0.337700009346008
0.681100010871887 0.671999990940094 0.671999990940094 0.662599980831146 0.670899987220764 0.636150002479553 0.617150008678436 0.50534999370575 0.51894998550415 0.469200015068054 0.397750020027161 0.39394998550415 0.427500009536743 0.406450003385544 0.387749999761581 0.394699990749359 0.427100002765656 0.418200016021729 0.392599999904633 0.413749992847443 0.416549980640411 0.357249975204468 0.357249975204468 0.384799987077713 0.397399991750717 0.361349999904633 0.297100007534027 0.288199990987778 0.307700008153915 0.32234999537468 0.343250006437302 0.363299995660782 0.364650011062622 0.351700007915497 0.316550016403198 0.311650007963181 0.330200016498566 0.355800002813339 0.381049990653992 0.375649988651276 0.353550016880035 0.361249983310699 0.361249983310699 0.335749983787537 0.296149998903275 0.290149986743927 0.285149991512299 0.272750020027161 0.276549994945526 0.283699989318848 0.330099999904633
0.681100010871887 0.671999990940094 0.671999990940094 0.662599980831146 0.670899987220764 0.636150002479553 0.617150008678436 0.50534999370575 0.51894998550415 0.469200015068054 0.397750020027161 0.39394998550415 0.427500009536743 0.406450003385544 0.387749999761581 0.394699990749359 0.427100002765656 0.418200016021729 0.392599999904633 0.413749992847443 0.416549980640411 0.357249975204468 0.357249975204468 0.384799987077713 0.397399991750717 0.361349999904633 0.297100007534027 0.288199990987778 0.307700008153915 0.32234999537468 0.343250006437302 0.363299995660782 0.364650011062622 0.351700007915497 0.316550016403198 0.311650007963181 0.330200016498566 0.355800002813339 0.381049990653992 0.375649988651276 0.353550016880035 0.361249983310699 0.361249983310699 0.335749983787537 0.296149998903275 0.290149986743927 0.285149991512299 0.272750020027161 0.276549994945526 0.283699989318848 0.330099999904633
0.72205001115799 0.693549990653992 0.693549990653992 0.671999990940094 0.736299991607666 0.72064995765686 0.676349997520447 0.665650010108948 0.650200009346008 0.631550014019012 0.54449999332428 0.392700016498566 0.417850017547607 0.430550009012222 0.38824999332428 0.416599988937378 0.421199977397919 0.420350015163422 0.432850003242493 0.397850006818771 0.359650015830994 0.356550008058548 0.356550008058548 0.381250023841858 0.380100011825562 0.377999991178513 0.329199999570847 0.303000003099442 0.312649995088577 0.342999994754791 0.34604999423027 0.355850011110306 0.340000003576279 0.332850009202957 0.348349988460541 0.344150006771088 0.350600004196167 0.355350017547607 0.361299991607666 0.345899999141693 0.351850003004074 0.357050001621246 0.357050001621246 0.306450009346008 0.298350006341934 0.296499997377396 0.282649993896484 0.276500016450882 0.282550007104874 0.291649997234344 0.342550009489059
0.687350034713745 0.70864999294281 0.70864999294281 0.721099972724915 0.727949976921082 0.729349970817566 0.742500007152557 0.715800046920776 0.681550025939941 0.632550001144409 0.548250019550323 0.410300016403198 0.444950014352798 0.462449997663498 0.455749988555908 0.459699988365173 0.42425000667572 0.431650012731552 0.42305001616478 0.418049991130829 0.417400002479553 0.37279999256134 0.37279999256134 0.336650013923645 0.372099995613098 0.381650000810623 0.34060001373291 0.327600002288818 0.317449986934662 0.334650009870529 0.326400011777878 0.38170000910759 0.370050013065338 0.348900020122528 0.354650020599365 0.352999985218048 0.345650017261505 0.343600004911423 0.365549981594086 0.367500007152557 0.364149987697601 0.351549983024597 0.351549983024597 0.332399994134903 0.322899997234344 0.313800007104874 0.272049993276596 0.279550015926361 0.287349998950958 0.321049988269806 0.350199997425079
0.757600009441376 0.775950014591217 0.775950014591217 0.776350021362305 0.727150022983551 0.683399975299835 0.657700002193451 0.651100039482117 0.653400003910065 0.65215003490448 0.455550014972687 0.445250004529953 0.459100008010864 0.463649988174438 0.449899971485138 0.471249997615814 0.446799993515015 0.445850014686584 0.450800001621246 0.427799999713898 0.439049988985062 0.39640000462532 0.39640000462532 0.394649982452393 0.38629999756813 0.370450019836426 0.342050015926361 0.338649988174438 0.304049998521805 0.305400013923645 0.321599990129471 0.36379998922348 0.362299978733063 0.387000024318695 0.371749997138977 0.354200005531311 0.346100002527237 0.330900013446808 0.356100022792816 0.36395001411438 0.369100004434586 0.360500007867813 0.360500007867813 0.353900015354156 0.329450011253357 0.320749998092651 0.285349994897842 0.282750010490417 0.297949999570847 0.31810000538826 0.341399997472763
