invasiveSpecies/multiSpecies/data/biophysical_var/current/meanNDVI.asc
NCOLS 348 
NROWS 296 
XLLCORNER 36.067921193441 
YLLCORNER 0.122660859495 
CELLSIZE 0.00833333333300001 
NODATA_value -3.4e+38 
[rows 184 to 206 of 296, columns 102 to 152 of 348]
-3.4e+38 -3.4e+38 -3.4e+38 -3.4e+38 -3.4e+38 -3.4e+38 -3.4e+38 -3.4e+38 -3.4e+38 -3.4e+38 -3.4e+38 -3.4e+38 -3.4e+38 -3.4e+38 -3.4e+38 0.357699990272522 0.341350018978119 0.309400022029877 0.281149983406067 0.277500003576279 0.270600020885468 0.252399981021881 0.243699997663498 0.271099984645844 0.240199998021126 0.226150006055832 0.236249998211861 0.227950006723404 0.250950008630753 0.254000008106232 0.245350003242493 0.239349991083145 0.25110000371933 0.25110000371933 0.244699984788895 0.262500017881393 0.275000005960464 0.256049990653992 0.259750008583069 0.287000000476837 0.305849999189377 0.340099990367889 0.373700022697449 0.347400009632111 0.3716000020504 0.380199998617172 0.421149998903275 0.546350002288818 0.712350010871887 0.715049982070923 0.718150019645691
-3.4e+38 -3.4e+38 -3.4e+38 -3.4e+38 -3.4e+38 -3.4e+38 -3.4e+38 -3.4e+38 -3.4e+38 -3.4e+38 -3.4e+38 -3.4e+38 -3.4e+38 -3.4e+38 0.379450023174286 0.382750004529953 0.316650003194809 0.300750017166138 0.300899982452393 0.302599996328354 0.300650000572205 0.259700000286102 0.250249981880188 0.245449990034103 0.250800013542175 0.227449998259544 0.224750012159348 0.216850012540817 0.231250002980232 0.236050009727478 0.251599997282028 0.241600006818771 0.24439999461174 0.24439999461174 0.24099999666214 0.24770000576973 0.257799983024597 0.240599989891052 0.25984999537468 0.277899980545044 0.307700008153915 0.314149975776672 0.32354998588562 0.330550014972687 0.342150002717972 0.357800006866455 0.404799997806549 0.428950011730194 0.62024998664856 0.648549973964691 0.697899997234344
-3.4e+38 -3.4e+38 -3.4e+38 -3.4e+38 -3.4e+38 -3.4e+38 -3.4e+38 -3.4e+38 -3.4e+38 -3.4e+38 -3.4e+38 -3.4e+38 -3.4e+38 -3.4e+38 0.357150018215179 0.357899993658066 0.300449997186661 0.294250011444092 0.28914999961853 0.298900008201599 0.305899977684021 0.260650008916855 0.247200012207031 0.243499994277954 0.240249991416931 0.242749989032745 0.224500000476837 0.21815000474453 0.225149989128113 0.225349992513657 0.24159999191761 0.244349986314774 0.249049991369247 0.249049991369247 0.252950012683868 0.253700017929077 0.250750005245209 0.241300001740456 0.260850012302399 0.262950003147125 0.276199996471405 0.274550020694733 0.313899993896484 0.313300013542175 0.380750000476837 0.3507000207901 0.287999987602234 0.358599990606308 0.399949997663498 0.528200030326843 0.670949995517731
-3.4e+38 -3.4e+38 -3.4e+38 -3.4e+38 -3.4e+38 -3.4e+38 -3.4e+38 -3.4e+38 -3.4e+38 -3.4e+38 -3.4e+38 -3.4e+38 -3.4e+38 0.414449989795685 0.396700024604797 0.370299994945526 0.303900003433228 0.287750005722046 0.292250007390976 0.295849978923798 0.291900008916855 0.260150015354156 0.258700013160706 0.258599996566772 0.232100009918213 0.236800000071526 0.216700002551079 0.221650004386902 0.20745000243187 0.219599992036819 0.227149993181229 0.243750005960464 0.267949998378754 0.267949998378754 0.256550014019012 0.252600014209747 0.241149991750717 0.23089998960495 0.244549989700317 0.250900000333786 0.250849992036819 0.247549995779991 0.283699989318848 0.346149981021881 0.347249984741211 0.334999978542328 0.304350018501282 0.306199997663498 0.325800001621246 0.413100004196167 0.623549997806549
-3.4e+38 -3.4e+38 -3.4e+38 -3.4e+38 -3.4e+38 -3.4e+38 -3.4e+38 -3.4e+38 -3.4e+38 -3.4e+38 -3.4e+38 -3.4e+38 -3.4e+38 0.419250011444092 0.429450005292892 0.405550003051758 0.35605001449585 0.283100008964539 0.28659999370575 0.310350000858307 0.288999974727631 0.273599982261658 0.264999985694885 0.26230001449585 0.244899988174438 0.241150006651878 0.242949992418289 0.226000010967255 0.237800002098083 0.256449997425079 0.260049998760223 0.25534999370575 0.265349984169006 0.265349984169006 0.254949986934662 0.250550001859665 0.238350003957748 0.222200006246567 0.239250004291534 0.255299985408783 0.244149997830391 0.232700005173683 0.266600012779236 0.340649992227554 0.29805001616478 0.361400008201599 0.32464998960495 0.31275001168251 0.326449990272522 0.340050011873245 0.411049991846085
-3.4e+38 -3.4e+38 -3.4e+38 -3.4e+38 -3.4e+38 -3.4e+38 -3.4e+38 -3.4e+38 -3.4e+38 -3.4e+38 -3.4e+38 -3.4e+38 -3.4e+38 0.440250009298325 0.438250005245209 0.424400001764297 0.430750012397766 0.393150001764297 0.371749997138977 0.323899984359741 0.289700001478195 0.288450002670288 0.290399998426437 0.277300000190735 0.241650000214577 0.226599991321564 0.235700011253357 0.234099999070168 0.272749990224838 0.288349986076355 0.266299992799759 0.268249988555908 0.265249997377396 0.265249997377396 0.259249985218048 0.245849996805191 0.225749999284744 0.218149989843369 0.240199998021126 0.256749987602234 0.277700006961823 0.295500010251999 0.315050005912781 0.31045001745224 0.358399987220764 0.380250006914139 0.318349987268448 0.328999996185303 0.352100014686584 0.384999990463257 0.360499978065491
-3.4e+38 -3.4e+38 -3.4e+38 -3.4e+38 -3.4e+38 -3.4e+38 -3.4e+38 -3.4e+38 -3.4e+38 -3.4e+38 -3.4e+38 -3.4e+38 -3.4e+38 0.479900002479553 0.494000017642975 0.535650014877319 0.507149994373322 0.457199990749359 0.447750002145767 0.399300009012222 0.29339998960495 0.258049994707108 0.291850000619888 0.285250008106232 0.25229999423027 0.229100003838539 0.237149998545647 0.241349995136261 0.260349988937378 0.298099994659424 0.28710001707077 0.268350005149841 0.258300006389618 0.258300006389618 0.252700001001358 0.243049994111061 0.22775000333786 0.226750001311302 0.226500004529953 0.260349988937378 0.288100004196167 0.252799987792969 0.285699993371964 0.282499998807907 0.321749985218048 0.369050025939941 0.356800019741058 0.327449977397919 0.377149999141693 0.396950006484985 0.38510000705719
-3.4e+38 -3.4e+38 -3.4e+38 -3.4e+38 -3.4e+38 -3.4e+38 -3.4e+38 -3.4e+38 -3.4e+38 -3.4e+38 -3.4e+38 -3.4e+38 0.435400009155273 0.482400000095367 0.508450031280518 0.456050008535385 0.430350005626678 0.475950002670288 0.431699991226196 0.381999999284744 0.293449997901917 0.269649982452393 0.303200006484985 0.295800000429153 0.276899993419647 0.267899990081787 0.239150002598763 0.249099999666214 0.278750002384186 0.30035001039505 0.298900008201599 0.275550007820129 0.25900000333786 0.25900000333786 0.260349988937378 0.242749989032745 0.231200009584427 0.232050001621246 0.220499992370605 0.234050005674362 0.284599989652634 0.259400010108948 0.277700006961823 0.259050011634827 0.290849983692169 0.340900003910065 0.365649998188019 0.359650015830994 0.384400010108948 0.446799993515015 0.440599977970123
-3.4e+38 -3.4e+38 -3.4e+38 -3.4e+38 -3.4e+38 -3.4e+38 -3.4e+38 -3.4e+38 -3.4e+38 -3.4e+38 -3.4e+38 -3.4e+38 0.392549991607666 0.496499985456467 0.474799990653992 0.402750015258789 0.388650000095367 0.470499992370605 0.412550002336502 0.329849988222122 0.299050003290176 0.289950013160706 0.310549974441528 0.295450001955032 0.287450015544891 0.270799994468689 0.268350005149841 0.251599997282028 0.275350004434586 0.297049999237061 0.318599998950958 0.296299993991852 0.269450008869171 0.269450008869171 0.269050002098083 0.255650013685226 0.248400002717972 0.241849988698959 0.245849996805191 0.304949998855591 0.273249983787537 0.268550008535385 0.2810999751091 0.286700010299683 0.302749991416931 0.336899995803833 0.348100006580353 0.401149988174438 0.399900019168854 0.449449986219406 0.493399977684021
-3.4e+38 -3.4e+38 -3.4e+38 -3.4e+38 -3.4e+38 -3.4e+38 -3.4e+38 -3.4e+38 -3.4e+38 -3.4e+38 -3.4e+38 -3.4e+38 0.424400001764297 0.516650021076202 0.4305499792099 0.426250010728836 0.385049998760223 0.445699989795685 0.460950016975403 0.42629998922348 0.335350006818771 0.316049993038177 0.361100018024445 0.310400009155273 0.283199995756149 0.283800005912781 0.288950026035309 0.295100003480911 0.288800001144409 0.291800022125244 0.296149998903275 0.297699987888336 0.261599987745285 0.261599987745285 0.270749986171722 0.250649988651276 0.240700006484985 0.245400011539459 0.246849998831749 0.299499988555908 0.294699996709824 0.276300013065338 0.29925000667572 0.319900006055832 0.313849985599518 0.338750004768372 0.355450004339218 0.375499993562698 0.42865002155304 0.395900011062622 0.436850011348724
-3.4e+38 -3.4e+38 -3.4e+38 -3.4e+38 -3.4e+38 -3.4e+38 -3.4e+38 -3.4e+38 -3.4e+38 -3.4e+38 -3.4e+38 0.481549978256226 0.481549978256226 0.479049980640411 0.418850004673004 0.441850006580353 0.407599985599518 0.383300006389618 0.383850008249283 0.426750004291534 0.39504998922348 0.400499999523163 0.369099974632263 0.349449992179871 0.321550011634827 0.298049986362457 0.284250020980835 0.275299996137619 0.29009997844696 0.272799998521805 0.259099990129471 0.257049977779388 0.267099976539612 0.267099976539612 0.26104998588562 0.250900000333786 0.2483000010252 0.249700009822845 0.256599992513657 0.282499998807907 0.255199998617172 0.270599991083145 0.311699986457825 0.341149985790253 0.343800008296967 0.340849995613098 0.376349985599518 0.378350019454956 0.394050002098083 0.368350028991699 0.424649983644485
-3.4e+38 -3.4e+38 -3.4e+38 -3.4e+38 -3.4e+38 -3.4e+38 -3.4e+38 -3.4e+38 -3.4e+38 -3.4e+38 -3.4e+38 0.495599985122681 0.495599985122681 0.551699995994568 0.475250005722046 0.414099991321564 0.465900003910065 0.461050003767014 0.419200003147125 0.413249999284744 0.410400003194809 0.389800012111664 0.436150014400482 0.40064999461174 0.391849994659424 0.347649991512299 0.27590000629425 0.273699998855591 0.287349998950958 0.259999990463257 0.275099992752075 0.247649997472763 0.262499988079071 0.262499988079071 0.284099996089935 0.261900007724762 0.252000004053116 0.25110000371933 0.273099988698959 0.268500000238419 0.245250001549721 0.23955000936985 0.27920001745224 0.310149997472763 0.334899991750717 0.317049980163574 0.329150021076202 0.344449996948242 0.34154999256134 0.355399996042252 0.503849983215332
-3.4e+38 -3.4e+38 -3.4e+38 -3.4e+38 -3.4e+38 -3.4e+38 -3.4e+38 -3.4e+38 -3.4e+38 -3.4e+38 -3.4e+38 0.543400049209595 0.543400049209595 0.582299947738647 0.484750032424927 0.396099984645844 0.398450016975403 0.481399983167648 0.445250004529953 0.455150008201599 0.431600004434586 0.378350019454956 0.364699989557266 0.407599985599518 0.39495000243187 0.332350015640259 0.301599979400635 0.263999998569489 0.252649992704391 0.236099988222122 0.245400011539459 0.254299998283386 0.247500002384186 0.247500002384186 0.243950009346008 0.250349998474121 0.252550005912781 0.288100004196167 0.25220000743866 0.252849996089935 0.25884997844696 0.257950007915497 0.264099985361099 0.30460000038147 0.292199999094009 0.291850000619888 0.306050002574921 0.329450011253357 0.330349981784821 0.3125 0.457300007343292
-3.4e+38 -3.4e+38 -3.4e+38 -3.4e+38 -3.4e+38 -3.4e+38 -3.4e+38 -3.4e+38 -3.4e+38 -3.4e+38 0.497649997472763 0.559249997138977 0.559249997138977 0.564599990844727 0.493950009346008 0.409600019454956 0.382400006055832 0.429949998855591 0.463150024414062 0.479250013828278 0.489849984645844 0.479650020599365 0.459300011396408 0.362150013446808 0.3716000020504 0.323400020599365 0.258650004863739 0.238249987363815 0.232050001621246 0.239150002598763 0.234050005674362 0.290049999952316 0.253000020980835 0.253000020980835 0.260399997234344 0.274049997329712 0.297900021076202 0.259050011634827 0.244899988174438 0.230849996209145 0.231949999928474 0.240099996328354 0.249350011348724 0.290600001811981 0.301750004291534 0.296649992465973 0.30799999833107 0.307500004768372 0.355000019073486 0.347750008106232 0.394699990749359
-3.4e+38 -3.4e+38 -3.4e+38 -3.4e+38 -3.4e+38 -3.4e+38 -3.4e+38 -3.4e+38 -3.4e+38 -3.4e+38 0.497649997472763 0.559249997138977 0.559249997138977 0.564599990844727 0.493950009346008 0.409600019454956 0.382400006055832 0.429949998855591 0.463150024414062 0.479250013828278 0.489849984645844 0.479650020599365 0.459300011396408 0.362150013446808 0.3716000020504 0.323400020599365 0.258650004863739 0.238249987363815 0.232050001621246 0.239150002598763 0.234050005674362 0.290049999952316 0.253000020980835 0.253000020980835 0.260399997234344 0.274049997329712 0.297900021076202 0.259050011634827 0.244899988174438 0.230849996209145 0.231949999928474 0.240099996328354 0.249350011348724 0.290600001811981 0.301750004291534 0.296649992465973 0.30799999833107 0.307500004768372 0.355000019073486 0.347750008106232 0.394699990749359
-3.4e+38 -3.4e+38 -3.4e+38 -3.4e+38 -3.4e+38 -3.4e+38 -3.4e+38 -3.4e+38 -3.4e+38 -3.4e+38 0.530849993228912 0.554350018501282 0.554350018501282 0.54009997844696 0.471199989318848 0.380050003528595 0.367200016975403 0.369000017642975 0.412150025367737 0.394649982452393 0.430500030517578 0.4583999812603 0.436749994754791 0.435599982738495 0.374800026416779 0.31479999423027 0.290300011634827 0.251500010490417 0.254600018262863 0.25534999370575 0.232749998569489 0.27020001411438 0.272700011730194 0.272700011730194 0.266449987888336 0.287550002336502 0.264800012111664 0.219300001859665 0.225100010633469 0.232100009918213 0.239449992775917 0.232600003480911 0.273499995470047 0.302749991416931 0.305899977684021 0.288850009441376 0.320999979972839 0.364149987697601 0.37950000166893 0.39630001783371 0.476999998092651
-3.4e+38 -3.4e+38 -3.4e+38 -3.4e+38 -3.4e+38 -3.4e+38 -3.4e+38 -3.4e+38 -3.4e+38 -3.4e+38 0.527649998664856 0.529299974441528 0.529299974441528 0.444999992847443 0.398900002241135 0.382099986076355 0.316150009632111 0.373699992895126 0.382950007915497 0.367900013923645 0.366699993610382 0.362949997186661 0.338949978351593 0.35359999537468 0.419449985027313 0.417400002479553 0.425050020217896 0.417100012302399 0.304350018501282 0.28014999628067 0.251450002193451 0.291500002145767 0.283749997615814 0.283749997615814 0.268599987030029 0.282750010490417 0.286350011825562 0.230450004339218 0.217749997973442 0.215499997138977 0.220650002360344 0.231649994850159 0.24210000038147 0.281800001859665 0.28999999165535 0.288199990987778 0.388400018215179 0.329750001430511 0.314750015735626 0.349049985408783 0.444599986076355
-3.4e+38 -3.4e+38 -3.4e+38 -3.4e+38 -3.4e+38 -3.4e+38 -3.4e+38 -3.4e+38 -3.4e+38 -3.4e+38 0.503899991512299 0.477549970149994 0.477549970149994 0.404650002717972 0.369049996137619 0.345449984073639 0.347900003194809 0.394500017166138 0.390399992465973 0.341300010681152 0.370299994945526 0.357199996709824 0.328050017356873 0.351400017738342 0.386399984359741 0.358300000429153 0.393800020217896 0.446900010108948 0.34264999628067 0.317649990320206 0.32379999756813 0.325049996376038 0.28710001707077 0.28710001707077 0.276950001716614 0.272300004959106 0.291150003671646 0.249149993062019 0.251450002193451 0.232699990272522 0.220600008964539 0.218549996614456 0.225050002336502 0.230099990963936 0.27564999461174 0.270700007677078 0.265749990940094 0.276800006628036 0.31020000576973 0.291999995708466 0.328249990940094
-3.4e+38 -3.4e+38 -3.4e+38 -3.4e+38 -3.4e+38 -3.4e+38 -3.4e+38 -3.4e+38 -3.4e+38 0.467700004577637 0.498149991035461 0.370999991893768 0.370999991893768 0.435400009155273 0.457800000905991 0.376249998807907 0.347800016403198 0.319750010967255 0.361450016498566 0.349749982357025 0.324999988079071 0.322899997234344 0.351850003004074 0.31470000743866 0.341199994087219 0.355750024318695 0.366549998521805 0.36149999499321 0.386449992656708 0.409999996423721 0.352549999952316 0.311500012874603 0.286199986934662 0.286199986934662 0.272799998521805 0.289099991321564 0.31470000743866 0.280900001525879 0.239499986171722 0.249650001525879 0.225999996066093 0.221850007772446 0.22639998793602 0.253600001335144 0.249099999666214 0.282499998807907 0.264050006866455 0.271050006151199 0.292199999094009 0.310400009155273 0.314899981021881
-3.4e+38 -3.4e+38 -3.4e+38 -3.4e+38 -3.4e+38 -3.4e+38 -3.4e+38 -3.4e+38 -3.4e+38 0.44854998588562 0.424800008535385 0.406750023365021 0.406750023365021 0.359549999237061 0.436549991369247 0.387499988079071 0.340950012207031 0.338299989700317 0.357850015163422 0.34705001115799 0.373950004577637 0.407700002193451 0.383599996566772 0.353799998760223 0.384599983692169 0.393099993467331 0.37389999628067 0.340750008821487 0.413450002670288 0.431050002574921 0.516200006008148 0.404699981212616 0.442149996757507 0.442149996757507 0.365550011396408 0.298250019550323 0.278499990701675 0.270099997520447 0.239100009202957 0.251749992370605 0.26324999332428 0.253600001335144 0.269749999046326 0.258650004863739 0.282599985599518 0.255450010299683 0.255499988794327 0.246299996972084 0.265650004148483 0.262699991464615 0.271899998188019
-3.4e+38 -3.4e+38 -3.4e+38 -3.4e+38 -3.4e+38 -3.4e+38 -3.4e+38 -3.4e+38 -3.4e+38 0.416299998760223 0.472499996423721 0.397149980068207 0.397149980068207 0.396950006484985 0.452650010585785 0.432600021362305 0.425000011920929 0.390850007534027 0.379400014877319 0.390249997377396 0.396099984645844 0.415849983692169 0.361949980258942 0.347699999809265 0.358399987220764 0.366450011730194 0.364749997854233 0.372049987316132 0.365700006484985 0.433099985122681 0.46544998884201 0.337199985980988 0.326049983501434 0.326049983501434 0.31674998998642 0.286799997091293 0.267800003290176 0.271050006151199 0.255849987268448 0.243599995970726 0.256399989128113 0.263099998235703 0.238250002264977 0.22775000333786 0.257499992847443 0.243050009012222 0.245400011539459 0.235000014305115 0.245049998164177 0.27539998292923 0.251650005578995
-3.4e+38 -3.4e+38 -3.4e+38 -3.4e+38 -3.4e+38 -3.4e+38 -3.4e+38 -3.4e+38 -3.4e+38 0.437000006437302 0.391650021076202 0.366149991750717 0.366149991750717 0.36599999666214 0.412150025367737 0.374350011348724 0.385999977588654 0.365549981594086 0.35369998216629 0.384099990129471 0.371300011873245 0.393999993801117 0.369350016117096 0.387499988079071 0.395749986171722 0.341350018978119 0.312900006771088 0.327699989080429 0.347800016403198 0.438000023365021 0.500349998474121 0.315149992704391 0.291750013828278 0.291750013828278 0.284249991178513 0.284700006246567 0.283100008964539 0.293049991130829 0.27385002374649 0.253749996423721 0.25204998254776 0.262799978256226 0.266449987888336 0.238600000739098 0.232299998402596 0.243000000715256 0.223949998617172 0.231649994850159 0.258350014686584 0.307300001382828 0.274949997663498
-3.4e+38 -3.4e+38 -3.4e+38 -3.4e+38 -3.4e+38 -3.4e+38 -3.4e+38 -3.4e+38 -3.4e+38 -3.4e+38 0.349200010299683 0.37389999628067 0.37389999628067 0.382149994373322 0.405399978160858 0.39724999666214 0.456650018692017 0.425699979066849 0.36285001039505 0.352100014686584 0.354250013828278 0.379850000143051 0.396849989891052 0.410449981689453 0.421049982309341 0.369800001382828 0.348549991846085 0.312000006437302 0.334049999713898 0.420150011777878 0.503449976444244 0.359350025653839 0.277899980545044 0.277899980545044 0.268249988555908 0.255050003528595 0.258399993181229 0.290600001811981 0.296999990940094 0.265249997377396 0.236999988555908 0.234600007534027 0.280349999666214 0.244549989700317 0.230749994516373 0.239850014448166 0.242700010538101 0.240399986505508 0.261599987745285 0.257950007915497 0.272949993610382
