invasiveSpecies/multiSpecies/data/biophysical_var/current/meanNDVI.asc
NCOLS 348 
NROWS 296 
XLLCORNER 36.067921193441 
YLLCORNER 0.122660859495 
CELLSIZE 0.00833333333300001 
NODATA_value -3.4e+38 
[rows 161 to 183 of 296, columns 204 to 254 of 348]
0.319550007581711 0.281749993562698 0.274399995803833 0.313650012016296 0.335500001907349 0.361199975013733 0.319099992513657 0.29009997844696 0.271899998188019 0.307500004768372 0.311949998140335 0.311949998140335 0.286500006914139 0.287800014019012 0.283399999141693 0.297199994325638 0.293200016021729 0.261000007390976 0.263000011444092 0.283749997615814 0.294149994850159 0.260650008916855 0.22299998998642 0.244800001382828 0.267349988222122 0.259249985218048 0.251150012016296 0.260850012302399 0.263700008392334 0.234099999070168 0.25330001115799 0.227899998426437 0.227899998426437 0.2119500041008 0.2119500041008 0.237649992108345 0.299349993467331 0.269999980926514 0.242550015449524 0.233300000429153 0.237499997019768 0.235200002789497 0.232099995017052 0.28999999165535 0.312150001525879 0.278400003910065 0.287200003862381 0.24795001745224 0.240899994969368 0.251900017261505 0.246500015258789
0.325399994850159 0.296599984169006 0.295450001955032 0.325249999761581 0.328949987888336 0.307300001382828 0.299050003290176 0.275049984455109 0.2742999792099 0.281399995088577 0.298799991607666 0.298799991607666 0.296999990940094 0.296649992465973 0.275350004434586 0.287050008773804 0.25560000538826 0.264050006866455 0.272899985313416 0.266950011253357 0.23759999871254 0.262499988079071 0.259350001811981 0.283950001001358 0.275150001049042 0.285199999809265 0.294250011444092 0.269749999046326 0.275150001049042 0.265749990940094 0.257400006055832 0.275049984455109 0.275049984455109 0.243649989366531 0.249449998140335 0.267350018024445 0.274049997329712 0.304250001907349 0.227500006556511 0.242500007152557 0.210150003433228 0.180200010538101 0.229200005531311 0.273149996995926 0.28345000743866 0.313849985599518 0.309249997138977 0.264200001955032 0.239500001072884 0.254400014877319 0.259050011634827
0.321949988603592 0.302049994468689 0.282549977302551 0.319599986076355 0.342199981212616 0.337999999523163 0.326250016689301 0.291000008583069 0.272199988365173 0.284000009298325 0.288349986076355 0.288349986076355 0.283800005912781 0.285950005054474 0.283399999141693 0.29925000667572 0.281749993562698 0.272000014781952 0.261150002479553 0.263150006532669 0.240299999713898 0.246950000524521 0.236849993467331 0.269800007343292 0.285199999809265 0.282999992370605 0.290049999952316 0.291999995708466 0.295149981975555 0.293000012636185 0.263049989938736 0.269800007343292 0.269800007343292 0.27454999089241 0.266300022602081 0.27114999294281 0.280849993228912 0.270649999380112 0.293099999427795 0.290850013494492 0.241150006651878 0.23004999756813 0.273499995470047 0.239499986171722 0.242150008678436 0.214049994945526 0.252849996089935 0.250900000333786 0.226900011301041 0.287400007247925 0.276600003242493
0.321099996566772 0.318250000476837 0.280550003051758 0.327699989080429 0.341699987649918 0.33490002155304 0.327899992465973 0.303299993276596 0.291449993848801 0.300449997186661 0.316599994897842 0.316599994897842 0.302349984645844 0.300249993801117 0.316249996423721 0.307049989700317 0.303799986839294 0.297800004482269 0.283999979496002 0.276050001382828 0.232699990272522 0.246349990367889 0.227850005030632 0.240850001573563 0.269050002098083 0.277999997138977 0.288749992847443 0.298799991607666 0.293249994516373 0.312599986791611 0.322750002145767 0.300400018692017 0.300400018692017 0.333400011062622 0.314200013875961 0.33704999089241 0.271699994802475 0.260699987411499 0.289350003004074 0.282150000333786 0.265799999237061 0.271950006484985 0.279650002717972 0.258699983358383 0.254900008440018 0.239600002765656 0.236550003290176 0.243499994277954 0.250050008296967 0.285600006580353 0.243100002408028
0.343400001525879 0.317200005054474 0.302949994802475 0.328700006008148 0.335150003433228 0.333400011062622 0.320549994707108 0.322050005197525 0.324000000953674 0.320800006389618 0.314099997282028 0.314099997282028 0.298000007867813 0.306650012731552 0.337199985980988 0.341499984264374 0.309650003910065 0.311200022697449 0.297499984502792 0.281149983406067 0.249950006604195 0.245949983596802 0.249599993228912 0.258199989795685 0.265749990940094 0.28549998998642 0.303250014781952 0.299950003623962 0.280499994754791 0.269450008869171 0.265850007534027 0.250699996948242 0.250699996948242 0.243699997663498 0.297300010919571 0.344999998807907 0.323300004005432 0.300249993801117 0.247850000858307 0.28125 0.26434999704361 0.307399988174438 0.259149998426437 0.263899981975555 0.262799978256226 0.213449984788895 0.22104999423027 0.235449999570847 0.213550001382828 0.215499997138977 0.215250000357628
0.325349986553192 0.316599994897842 0.326150000095367 0.322250008583069 0.323899984359741 0.320649981498718 0.306100010871887 0.312700003385544 0.325049996376038 0.316650003194809 0.3158999979496 0.3158999979496 0.331200003623962 0.323899984359741 0.348249971866608 0.337949991226196 0.322499990463257 0.336400002241135 0.305599987506866 0.254150003194809 0.267099976539612 0.270649999380112 0.29365000128746 0.299350023269653 0.286500006914139 0.297250002622604 0.301499992609024 0.313100010156631 0.319999992847443 0.334049999713898 0.32379999756813 0.308299988508224 0.308299988508224 0.265349984169006 0.271899998188019 0.296700000762939 0.25025001168251 0.262849986553192 0.294400006532669 0.247649997472763 0.262600004673004 0.284500002861023 0.254200011491776 0.254150003194809 0.218950003385544 0.210249990224838 0.229099988937378 0.202050000429153 0.194550007581711 0.216849997639656 0.207699999213219
0.289550006389618 0.3194500207901 0.310999989509583 0.306500017642975 0.31275001168251 0.317499995231628 0.321850001811981 0.328700006008148 0.362150013446808 0.356450021266937 0.340649992227554 0.340649992227554 0.344599992036819 0.326999992132187 0.335350006818771 0.349650025367737 0.327300012111664 0.335399985313416 0.296599984169006 0.263150006532669 0.280050009489059 0.293900012969971 0.340999990701675 0.326299995183945 0.329349994659424 0.345999985933304 0.324400007724762 0.313950002193451 0.337300002574921 0.348450005054474 0.318399995565414 0.337650001049042 0.337650001049042 0.321350008249283 0.318549990653992 0.308650016784668 0.290749996900558 0.239700004458427 0.249950006604195 0.241200000047684 0.245299994945526 0.249200016260147 0.253799974918365 0.23479999601841 0.228400006890297 0.237049996852875 0.243100002408028 0.208000004291534 0.215749993920326 0.245600014925003 0.221500009298325
0.309700012207031 0.287699997425079 0.311700016260147 0.308400005102158 0.311999976634979 0.326550006866455 0.34604999423027 0.365000009536743 0.348299980163574 0.378099977970123 0.363849997520447 0.363849997520447 0.343950003385544 0.280699998140335 0.277599990367889 0.344550013542175 0.334349989891052 0.358150005340576 0.29109999537468 0.275000005960464 0.300249993801117 0.333149999380112 0.374249994754791 0.372150003910065 0.345550000667572 0.332899987697601 0.333600014448166 0.328550010919571 0.340550005435944 0.329800009727478 0.3192999958992 0.309899985790253 0.309899985790253 0.317350000143051 0.312599986791611 0.292899996042252 0.283399999141693 0.289499998092651 0.275200009346008 0.243500009179115 0.262749999761581 0.267199993133545 0.259700000286102 0.258399993181229 0.247150003910065 0.238250017166138 0.238000005483627 0.224449992179871 0.214650005102158 0.239449992775917 0.245099991559982
0.321299999952316 0.31470000743866 0.360099971294403 0.350300014019012 0.359149992465973 0.353749990463257 0.388399988412857 0.375450015068054 0.321099996566772 0.361600011587143 0.343699991703033 0.343699991703033 0.291000008583069 0.272850006818771 0.29899999499321 0.341850012540817 0.352199971675873 0.416000008583069 0.313400000333786 0.3680499792099 0.371800005435944 0.370200008153915 0.352600008249283 0.341899991035461 0.350099980831146 0.333750009536743 0.335749983787537 0.351449996232986 0.332150012254715 0.332599997520447 0.312649995088577 0.310849994421005 0.310849994421005 0.302900016307831 0.302799999713898 0.291549980640411 0.281149983406067 0.29254999756813 0.347599983215332 0.276549994945526 0.287499994039536 0.282449990510941 0.275849997997284 0.254949986934662 0.252250015735626 0.218950003385544 0.246150001883507 0.240500003099442 0.235100001096725 0.254999995231628 0.252900004386902
0.332749992609024 0.315249979496002 0.389900028705597 0.358650028705597 0.345250010490417 0.352549999952316 0.374300003051758 0.349799990653992 0.305599987506866 0.321999996900558 0.317799985408783 0.317799985408783 0.301499992609024 0.28659999370575 0.294450014829636 0.304899990558624 0.295700013637543 0.31810000538826 0.324250012636185 0.345450013875961 0.329750001430511 0.329250007867813 0.322849988937378 0.325700014829636 0.326499998569489 0.324850022792816 0.313800007104874 0.321700006723404 0.341300010681152 0.324999988079071 0.31045001745224 0.301899999380112 0.301899999380112 0.308100014925003 0.312700003385544 0.299499988555908 0.284799993038177 0.317099988460541 0.311049997806549 0.306300014257431 0.297749996185303 0.287149995565414 0.273499995470047 0.283300012350082 0.242399990558624 0.251650005578995 0.209300011396408 0.252250015735626 0.277149975299835 0.257049977779388 0.245650008320808
0.320349991321564 0.306850016117096 0.352299988269806 0.392899990081787 0.372099995613098 0.38620001077652 0.411899983882904 0.332650005817413 0.294799983501434 0.299899995326996 0.294550001621246 0.294550001621246 0.282449990510941 0.297399997711182 0.288500010967255 0.251000016927719 0.278599977493286 0.34850001335144 0.320899993181229 0.337350010871887 0.333750009536743 0.321649998426437 0.312700003385544 0.305299997329712 0.304049998521805 0.302949994802475 0.307449996471405 0.312200009822845 0.317099988460541 0.311700016260147 0.299750000238419 0.28779998421669 0.28779998421669 0.29695001244545 0.304300010204315 0.300000011920929 0.307500004768372 0.316399991512299 0.278349995613098 0.298349976539612 0.311650007963181 0.309399992227554 0.280099987983704 0.263999998569489 0.276250004768372 0.244800001382828 0.234349995851517 0.284599989652634 0.296200007200241 0.267650008201599 0.261900007724762
0.311850011348724 0.309349983930588 0.322800010442734 0.392250001430511 0.411799997091293 0.396499991416931 0.349249988794327 0.290450006723404 0.277199983596802 0.26570001244545 0.272100001573563 0.272100001573563 0.290699988603592 0.293300002813339 0.252700001001358 0.251049995422363 0.260850012302399 0.329199999570847 0.30019998550415 0.330150008201599 0.336600005626678 0.33474999666214 0.332350015640259 0.313400000333786 0.292149990797043 0.290450006723404 0.304149985313416 0.306249976158142 0.309450000524521 0.310699999332428 0.292699992656708 0.284049987792969 0.284049987792969 0.278800010681152 0.296099990606308 0.31784999370575 0.318450003862381 0.318499982357025 0.30689999461174 0.312200009822845 0.32260000705719 0.31479999423027 0.304949998855591 0.27810001373291 0.273050010204315 0.275099992752075 0.290149986743927 0.275299996137619 0.283500015735626 0.255650013685226 0.243849992752075
0.303799986839294 0.302349984645844 0.322950005531311 0.338850021362305 0.356000006198883 0.341399997472763 0.30715000629425 0.283650010824203 0.274599999189377 0.263800024986267 0.273050010204315 0.273050010204315 0.298099994659424 0.262849986553192 0.239749997854233 0.239699989557266 0.273149996995926 0.301550000905991 0.294900000095367 0.302200019359589 0.315849989652634 0.316449999809265 0.30919998884201 0.315200001001358 0.300999999046326 0.301149994134903 0.298500001430511 0.31810000538826 0.310699999332428 0.302100002765656 0.279900014400482 0.279199987649918 0.279199987649918 0.294099986553192 0.296249985694885 0.280499994754791 0.300449997186661 0.337949991226196 0.379999995231628 0.310350000858307 0.300549983978271 0.292750000953674 0.277449995279312 0.277249991893768 0.266250014305115 0.277399986982346 0.278299987316132 0.271849989891052 0.288650006055832 0.265450000762939 0.206400007009506
0.321049988269806 0.305400013923645 0.322650015354156 0.333149999380112 0.339650005102158 0.326999992132187 0.300799995660782 0.280550003051758 0.273299992084503 0.283749997615814 0.298400014638901 0.298400014638901 0.294099986553192 0.266149997711182 0.254549980163574 0.248349994421005 0.262950003147125 0.287149995565414 0.285349994897842 0.300000011920929 0.298399984836578 0.30019998550415 0.296350002288818 0.316700011491776 0.31360000371933 0.31470000743866 0.331149995326996 0.328750014305115 0.310849994421005 0.281049996614456 0.275749981403351 0.298200011253357 0.298200011253357 0.3091000020504 0.286899983882904 0.287000000476837 0.287000000476837 0.314300000667572 0.311049997806549 0.316799998283386 0.282299995422363 0.268099993467331 0.272399991750717 0.299199998378754 0.300599992275238 0.289449989795685 0.258949995040894 0.28014999628067 0.237649992108345 0.257149994373322 0.249599993228912
0.311450004577637 0.301999986171722 0.293850004673004 0.311699986457825 0.329999983310699 0.32490000128746 0.29135000705719 0.278599977493286 0.283749997615814 0.303250014781952 0.279900014400482 0.279900014400482 0.289350003004074 0.279300004243851 0.247649997472763 0.238849997520447 0.265100002288818 0.265349984169006 0.269450008869171 0.264550000429153 0.256750017404556 0.285149991512299 0.299799978733063 0.313950002193451 0.323150008916855 0.311800003051758 0.324849992990494 0.335599988698959 0.320950001478195 0.31454998254776 0.308800011873245 0.299100011587143 0.299100011587143 0.290950000286102 0.259299993515015 0.299149990081787 0.288550019264221 0.311749994754791 0.318949997425079 0.378850013017654 0.375950008630753 0.284600019454956 0.294999986886978 0.301899999380112 0.309549987316132 0.271650016307831 0.271449983119965 0.258899986743927 0.251550018787384 0.244249999523163 0.266750007867813
0.293600022792816 0.302249997854233 0.295149981975555 0.293300002813339 0.303049981594086 0.328949987888336 0.284600019454956 0.274100005626678 0.265350013971329 0.273400008678436 0.271200001239777 0.271200001239777 0.266750007867813 0.275249987840652 0.254050016403198 0.24329999089241 0.253349989652634 0.25534999370575 0.267850011587143 0.253899991512299 0.246950000524521 0.24549999833107 0.28125 0.281300008296967 0.283800005912781 0.314449995756149 0.308849990367889 0.305400013923645 0.3125 0.308849990367889 0.311300009489059 0.291850000619888 0.291850000619888 0.290849983692169 0.300149977207184 0.323899984359741 0.292899996042252 0.30935001373291 0.346850007772446 0.324699997901917 0.351400017738342 0.351449996232986 0.356749981641769 0.36285001039505 0.301400005817413 0.24549999833107 0.24015000462532 0.225000008940697 0.241050004959106 0.252799987792969 0.295849978923798
0.293600022792816 0.302249997854233 0.295149981975555 0.293300002813339 0.303049981594086 0.328949987888336 0.284600019454956 0.274100005626678 0.265350013971329 0.273400008678436 0.271200001239777 0.271200001239777 0.266750007867813 0.275249987840652 0.254050016403198 0.24329999089241 0.253349989652634 0.25534999370575 0.267850011587143 0.253899991512299 0.246950000524521 0.24549999833107 0.28125 0.281300008296967 0.283800005912781 0.314449995756149 0.308849990367889 0.305400013923645 0.3125 0.308849990367889 0.311300009489059 0.291850000619888 0.291850000619888 0.290849983692169 0.300149977207184 0.323899984359741 0.292899996042252 0.30935001373291 0.346850007772446 0.324699997901917 0.351400017738342 0.351449996232986 0.356749981641769 0.36285001039505 0.301400005817413 0.24549999833107 0.24015000462532 0.225000008940697 0.241050004959106 0.252799987792969 0.295849978923798
0.291550010442734 0.298249989748001 0.303700000047684 0.282499998807907 0.283699989318848 0.298449993133545 0.292850017547607 0.267500013113022 0.251450002193451 0.265949994325638 0.280050009489059 0.280050009489059 0.273050010204315 0.278499990701675 0.275000005960464 0.252849996089935 0.273249983787537 0.278149992227554 0.25984999537468 0.273699998855591 0.245649993419647 0.251949995756149 0.282000005245209 0.291050016880035 0.294650018215179 0.303799986839294 0.312200009822845 0.308299988508224 0.310750007629395 0.286350011825562 0.287699997425079 0.275550007820129 0.275550007820129 0.313499987125397 0.298350006341934 0.301099985837936 0.289950013160706 0.296299993991852 0.315400004386902 0.307500004768372 0.33950001001358 0.343849986791611 0.289649993181229 0.316799998283386 0.322400003671646 0.2466000020504 0.237800002098083 0.215550005435944 0.243000000715256 0.301649987697601 0.294699996709824
0.279949992895126 0.301849991083145 0.287400007247925 0.277400016784668 0.271849989891052 0.283500015735626 0.278450012207031 0.267149984836578 0.263850003480911 0.263900011777878 0.262050002813339 0.262050002813339 0.27224999666214 0.280099987983704 0.293700009584427 0.265399992465973 0.271899998188019 0.260850012302399 0.279399991035461 0.284500002861023 0.275250017642975 0.294349998235703 0.270600020885468 0.307300001382828 0.313349992036819 0.330749988555908 0.315250009298325 0.320450007915497 0.3125 0.311699986457825 0.316600024700165 0.312599986791611 0.312599986791611 0.305900007486343 0.307850003242493 0.29585000872612 0.296700000762939 0.298500001430511 0.350400000810623 0.349249988794327 0.35725000500679 0.35605001449585 0.264299988746643 0.269450008869171 0.24940000474453 0.282449990510941 0.230849996209145 0.239799991250038 0.267549991607666 0.254299998283386 0.282050013542175
0.280749976634979 0.287050008773804 0.289449989795685 0.284750014543533 0.274599999189377 0.280299991369247 0.287499994039536 0.29254999756813 0.275849997997284 0.269749999046326 0.269050002098083 0.269050002098083 0.281399995088577 0.277150005102158 0.286899983882904 0.276149988174438 0.260850012302399 0.258300006389618 0.278249979019165 0.291750013828278 0.330799996852875 0.344399988651276 0.319999992847443 0.311699986457825 0.325249999761581 0.339450001716614 0.350100010633469 0.351300001144409 0.352200001478195 0.335750013589859 0.32124999165535 0.304049998521805 0.304049998521805 0.306250005960464 0.288749992847443 0.29245001077652 0.246500015258789 0.280099987983704 0.31479999423027 0.334199994802475 0.357100009918213 0.309949994087219 0.289449989795685 0.276300013065338 0.277999997138977 0.277200013399124 0.241699993610382 0.253899991512299 0.243900001049042 0.25450000166893 0.27004998922348
0.274599999189377 0.279650002717972 0.290749996900558 0.283399999141693 0.291000008583069 0.28685000538826 0.298849999904633 0.311150014400482 0.300049990415573 0.280800014734268 0.285300016403198 0.285300016403198 0.278349995613098 0.27004998922348 0.27590000629425 0.274650007486343 0.255100011825562 0.267949998378754 0.307249993085861 0.309249997138977 0.324299991130829 0.284049987792969 0.278899997472763 0.305550009012222 0.353249996900558 0.326400011777878 0.297250002622604 0.320150017738342 0.314050018787384 0.33050000667572 0.33270001411438 0.311649978160858 0.311649978160858 0.310499995946884 0.304149985313416 0.279449999332428 0.292600005865097 0.302300006151199 0.307949990034103 0.289299994707108 0.350600004196167 0.318849980831146 0.29449999332428 0.285100013017654 0.287800014019012 0.280799984931946 0.262499988079071 0.248199999332428 0.230700001120567 0.208450004458427 0.215900003910065
0.283100008964539 0.283150017261505 0.29254999756813 0.308650016784668 0.284599989652634 0.29899999499321 0.307900011539459 0.313499987125397 0.30265000462532 0.291549980640411 0.276600003242493 0.276600003242493 0.280600011348724 0.269400000572205 0.258949995040894 0.264800012111664 0.256900012493134 0.262350022792816 0.299800008535385 0.263449996709824 0.271800011396408 0.261099994182587 0.261799991130829 0.278750002384186 0.306999981403351 0.302200019359589 0.323100000619888 0.322950005531311 0.337549984455109 0.350899994373322 0.322499990463257 0.321049988269806 0.321049988269806 0.276600003242493 0.329750001430511 0.301349997520447 0.30009999871254 0.307850003242493 0.310999989509583 0.307950019836426 0.315499991178513 0.321749985218048 0.306250005960464 0.316900014877319 0.325699985027313 0.30035001039505 0.274949997663498 0.254000008106232 0.24219998717308 0.24439999461174 0.266749978065491
0.28345000743866 0.29365000128746 0.294950008392334 0.323000013828278 0.28905001282692 0.300550013780594 0.298700004816055 0.296800017356873 0.292750000953674 0.282549977302551 0.283749997615814 0.283749997615814 0.297500014305115 0.290699988603592 0.27250000834465 0.26230001449585 0.266099989414215 0.275200009346008 0.296200007200241 0.26884999871254 0.267100006341934 0.264699995517731 0.275849997997284 0.284049987792969 0.289350003004074 0.292999982833862 0.307599991559982 0.296200007200241 0.343299984931946 0.343349993228912 0.316449999809265 0.32014998793602 0.32014998793602 0.317900002002716 0.287250012159348 0.304349988698959 0.319649994373322 0.329699993133545 0.318149983882904 0.322899997234344 0.326350003480911 0.334299981594086 0.332949995994568 0.333449989557266 0.32490000128746 0.297100007534027 0.295899987220764 0.302850008010864 0.268150001764297 0.288349986076355 0.28329998254776
