invasiveSpecies/singleSpecies/data/biophysical_var/2050_26/meanndviextent_conservancies_final.asc
ncols         347
nrows         295
xllcorner     36.068012264173
yllcorner     0.13039239511974
cellsize      0.0083333333333333
NODATA_value  -9999
[rows 240 to 269 of 295, columns 134 to 200 of 347]
0.2721992 0.2667698 0.2569769 0.2527049 0.2543321 0.2616483 0.2731158 0.2758443 0.267963 0.2704207 0.2976604 0.321724 0.306717 0.2783418 0.2621578 0.2554026 0.2554026 0.2554835 0.2573711 0.263108 0.2693791 0.2749265 0.2813482 0.2838009 0.2821335 0.2794026 0.2795505 0.2783308 0.2758009 0.2786075 0.2836017 0.2890944 0.3005962 0.3019633 0.2995339 0.2993356 0.3005344 0.3033999 0.3051009 0.3115267 0.3218145 0.3209232 0.3051869 0.3060365 0.3201991 0.319126 0.308304 0.2848576 0.2783761 0.2826146 0.2784317 0.276447 0.2740549 0.2507447 0.2225338 0.2152135 0.217304 0.2343704 0.2436463 0.2468052 0.2613012 0.3194829 0.3506564 0.3150976 0.2860948 0.2704526 0.269665
0.2682146 0.2625989 0.2542586 0.2554844 0.2648515 0.2748589 0.2830417 0.2873799 0.2819451 0.2823492 0.3120569 0.3472677 0.3443623 0.315826 0.2938931 0.2824979 0.2762896 0.2642813 0.2598717 0.2616792 0.2672864 0.2736466 0.2777619 0.2816643 0.2853537 0.2875708 0.2889766 0.2912773 0.2911416 0.2940199 0.2991416 0.3021092 0.3063275 0.3013192 0.2949258 0.2937034 0.2988051 0.3077348 0.315426 0.3194246 0.328908 0.3278898 0.3168798 0.3116842 0.3124292 0.3112373 0.3024209 0.2845171 0.2761229 0.2752991 0.2723694 0.2701932 0.2604656 0.2450953 0.2352433 0.235853 0.2426401 0.258684 0.2696133 0.2669271 0.2804189 0.3354211 0.3729345 0.3609242 0.3354046 0.2963882 0.2764846
0.27177 0.2679185 0.2651828 0.2707618 0.282277 0.2944699 0.302439 0.3102035 0.3074363 0.2973742 0.3067647 0.3313555 0.3393251 0.3248302 0.3085299 0.2990798 0.2878823 0.2654584 0.2547134 0.2540538 0.2625915 0.2779815 0.2903155 0.2908366 0.2840872 0.2856447 0.2922857 0.3009254 0.3019389 0.2983491 0.29623 0.2977193 0.2977546 0.2925317 0.2947188 0.2970794 0.2923831 0.2966366 0.308366 0.3174323 0.3229254 0.3291953 0.3276664 0.317235 0.312 0.3119315 0.3125404 0.312001 0.3007616 0.2797895 0.2606901 0.2626355 0.2664993 0.260882 0.2548498 0.2568647 0.265744 0.2760298 0.2766811 0.268 0.2778211 0.3247606 0.3776445 0.3810948 0.3611232 0.3074667 0.2790024
0.287018 0.2885452 0.2886529 0.2904544 0.2969342 0.3014302 0.3140816 0.3353407 0.3422921 0.3308738 0.3277989 0.3388743 0.3372969 0.3214998 0.3055616 0.2962455 0.284765 0.263272 0.2543909 0.2550896 0.2690302 0.2909815 0.3061126 0.3092981 0.3022569 0.2939468 0.292028 0.293961 0.2964017 0.297508 0.2997545 0.2998409 0.299829 0.299509 0.2983979 0.2897613 0.2757327 0.2784088 0.2941024 0.3048154 0.306329 0.3104812 0.3118373 0.3074387 0.304491 0.3056097 0.3116303 0.3185223 0.3108567 0.2913533 0.2702173 0.2697073 0.2744253 0.2703752 0.2672635 0.2693381 0.2744925 0.270418 0.2638694 0.260491 0.2673879 0.3043986 0.3614359 0.3850696 0.3658992 0.3222447 0.2903962
0.2992171 0.3063384 0.3125778 0.3123954 0.3131079 0.3096432 0.3201843 0.3610049 0.4025303 0.4077878 0.3975002 0.3912328 0.3687768 0.3336438 0.3090551 0.2997391 0.2913247 0.2728247 0.2633731 0.269384 0.2881647 0.3017442 0.2946773 0.2857268 0.285269 0.2874911 0.2933886 0.295835 0.296 0.2974392 0.3 0.2973673 0.2925219 0.2912344 0.2836019 0.271868 0.2696792 0.2760323 0.2870307 0.2927829 0.294052 0.2980365 0.3018595 0.3030382 0.300261 0.2992246 0.2970131 0.2985752 0.2986034 0.2888369 0.2783635 0.2766489 0.2776424 0.2719303 0.2737072 0.2793525 0.2758516 0.2625091 0.2546047 0.2487829 0.2510161 0.269669 0.32331 0.3791662 0.3806953 0.3518213 0.3244696
0.3037236 0.3112112 0.3247798 0.3341727 0.3348166 0.3288079 0.3375097 0.3808943 0.4404166 0.4679234 0.4655682 0.4485569 0.4071877 0.3595875 0.3263785 0.3148943 0.3112742 0.2995667 0.2915631 0.3001635 0.3133814 0.307148 0.2797591 0.2653821 0.2667937 0.2707103 0.2762505 0.2838426 0.291261 0.2960995 0.2962764 0.2895272 0.2771057 0.2770105 0.2739173 0.2694367 0.2742935 0.2809445 0.2866001 0.2931958 0.2969927 0.3009773 0.3038091 0.3027772 0.3 0.2988082 0.296 0.297161 0.2998417 0.2960571 0.2863326 0.2835231 0.2815562 0.276718 0.2825327 0.293102 0.2954818 0.2805813 0.2577755 0.2405528 0.2406855 0.2489233 0.2926652 0.3615026 0.3825487 0.3608313 0.3470289
0.3114163 0.3136979 0.3270242 0.3516315 0.3606135 0.3474047 0.3532195 0.4007865 0.4598339 0.4868325 0.4834934 0.4700364 0.4374101 0.3958044 0.3684345 0.3567895 0.3519889 0.3370768 0.3239989 0.3298091 0.3375061 0.3128271 0.2750079 0.2588718 0.2609117 0.269501 0.2735939 0.2778692 0.2848414 0.2922919 0.2922919 0.2826397 0.2661667 0.273691 0.2832175 0.2829308 0.2820848 0.282535 0.2903082 0.2981836 0.3046854 0.3063455 0.304 0.3039108 0.3037081 0.3036211 0.3023257 0.2997929 0.3 0.2966099 0.2858522 0.2792729 0.2764256 0.2780585 0.2839386 0.2856967 0.2886519 0.2828946 0.2626812 0.2474163 0.2447463 0.2438484 0.2842902 0.3496253 0.3854862 0.3638068 0.3628713
0.3304634 0.3323353 0.3490297 0.3855338 0.4031428 0.3860371 0.3859343 0.4285023 0.478436 0.4958502 0.4914264 0.4888329 0.476424 0.4517629 0.4177797 0.3932341 0.3837717 0.3605332 0.3448542 0.3445469 0.334216 0.2976686 0.2650664 0.2553253 0.2656418 0.2768863 0.2781281 0.2761129 0.2793283 0.2872718 0.292 0.2886426 0.2838562 0.2919727 0.3037206 0.3036701 0.2962111 0.293709 0.3028783 0.312154 0.3140039 0.3115964 0.3113854 0.3102565 0.3076927 0.3065924 0.3049956 0.3073854 0.3042129 0.2939604 0.2847419 0.2752082 0.2723073 0.2724715 0.2719501 0.2673938 0.2612079 0.259001 0.2574896 0.248 0.2460062 0.2463772 0.2846527 0.3516404 0.3873709 0.3689406 -9999
0.365095 0.3686877 0.3893304 0.4303927 0.4540065 0.4372927 0.4260898 0.4551985 0.4966381 0.5144267 0.5092844 0.4949993 0.480507 0.4619991 0.4252965 0.3996772 0.3853137 0.3578849 0.3449115 0.3331259 0.3080553 0.2792517 0.2676985 0.2697726 0.2821686 0.2917475 0.2831376 0.2746486 0.2738948 0.2808469 0.2883228 0.2945685 0.3087365 0.3167175 0.322496 0.3200161 0.312047 0.3057118 0.3039919 0.3047492 0.3071994 0.3166101 0.3267089 0.3232379 0.3153545 0.3141626 0.3136123 0.3211662 0.3240027 0.3137256 0.2983405 0.2849221 0.2803507 0.2820497 0.2753983 0.2622482 0.2571797 0.262534 0.2689698 0.2627089 0.2590237 0.2530981 0.2875472 -9999 -9999 -9999 -9999
0.3936324 0.4008034 0.4256639 0.4619918 0.4768028 0.4561664 0.4456738 0.4756589 -9999 -9999 0.5012839 0.4687263 0.4445244 0.4253168 0.3987821 0.3816912 0.3654292 0.3340437 0.3162031 0.3034524 0.2939387 0.2857025 0.2826471 0.2871132 0.2977264 0.2989475 0.2885651 0.284545 0.28677 0.2899853 0.2953235 0.3023647 0.3181091 0.3248173 0.3264151 0.3250049 0.3267602 0.3225848 0.3137952 0.3124995 0.3163618 0.3220429 0.3314006 0.335317 0.3269853 0.3247024 0.3227533 0.3375583 0.3555359 0.3536903 0.3263756 0.2957809 0.2884072 0.2902553 0.2840762 0.2719611 0.2643454 0.2749492 0.2983719 0.3006176 -9999 -9999 -9999 -9999 -9999 -9999 -9999
0.4105852 0.4197792 0.4520164 0.4920612 0.4973912 0.4701084 0.4617638 -9999 -9999 -9999 -9999 0.4532415 0.4287021 0.4072962 0.3832411 0.3690611 0.3556505 0.3282306 0.3143177 0.309558 0.3037824 0.2959515 0.2898821 0.2922419 0.3026792 0.3045117 0.2963216 0.2927627 0.2979446 0.3054635 0.3105852 0.3124916 0.3137071 0.3107921 0.3157772 0.3253822 0.3401457 0.3447322 0.3329315 0.3326871 0.3379901 0.3373104 0.3367498 0.3407903 0.3425852 0.3391151 0.3333957 0.3483749 0.3770531 0.3832999 0.3440377 0.3019914 0.2900715 0.2965256 0.2967403 0.2874733 0.2805386 -9999 -9999 -9999 -9999 -9999 -9999 -9999 -9999 -9999 -9999
0.4483086 0.4525706 0.4712677 0.4986475 0.5041925 -9999 -9999 -9999 -9999 -9999 -9999 -9999 0.4544514 0.4333974 0.4043566 0.3861543 0.371545 0.3438751 0.3325451 0.3256673 0.3100057 0.2960807 0.2968926 0.3020977 0.3061651 0.3027297 0.2997258 0.2993974 0.3012197 0.3068783 0.312 0.3134083 0.3132145 0.3093773 0.3184323 0.3375004 0.3546391 0.3612128 0.355305 0.3538895 0.3629371 0.3584724 0.3400041 0.3361809 0.344 0.34367 0.3441775 0.3554955 0.3825038 0.3884348 0.3465222 0.3061352 0.2937982 0.3016687 0.3089786 -9999 -9999 -9999 -9999 -9999 -9999 -9999 -9999 -9999 -9999 -9999 -9999
0.4520001 0.4557438 0.4729951 0.4990459 -9999 -9999 -9999 -9999 -9999 -9999 -9999 -9999 -9999 0.436195 0.4066322 0.388 0.3732394 0.3455015 0.3343908 0.3272189 0.3105305 0.296 0.2975473 0.3030638 0.3064836 0.302499 0.3 0.3 0.3014546 0.3068783 0.312 0.3134083 0.3132145 0.3093773 0.3188093 0.3387321 0.3559929 0.3626845 0.3573999 0.3558538 0.3652691 0.3604779 0.3402853 0.3356683 0.344 0.344 0.3451764 0.3561266 0.3828729 0.3886997 0.3466251 0.3065044 -9999 -9999 -9999 -9999 -9999 -9999 -9999 -9999 -9999 -9999 -9999 -9999 -9999 -9999 -9999
0.4987993 0.497489 0.4989699 -9999 -9999 -9999 -9999 -9999 -9999 -9999 -9999 -9999 -9999 0.458359 0.4246319 0.4059997 0.3912391 0.3620391 0.344446 0.3265159 0.3075919 0.2995999 0.3039325 0.3111063 0.3046245 0.2903484 0.2882741 0.2928001 0.2942547 0.3009736 0.3084001 0.3110757 0.3144679 0.3142169 0.3309119 0.3676022 0.4015879 0.4095319 0.3923192 0.3810534 0.3893265 0.3786927 0.3488564 0.3359668 0.3368001 0.3378728 0.3426352 0.354037 0.3715494 -9999 -9999 -9999 -9999 -9999 -9999 -9999 -9999 -9999 -9999 -9999 -9999 -9999 -9999 -9999 -9999 -9999 -9999
0.5255069 -9999 -9999 -9999 -9999 -9999 -9999 -9999 -9999 -9999 -9999 -9999 -9999 0.482891 0.438565 0.4115845 0.3997633 0.3775421 0.3620438 0.3422039 0.3237734 0.3129375 0.3098491 0.3070427 0.2999667 0.287653 0.2807241 0.2825639 0.2875891 0.2980226 0.308 0.3082926 0.3086863 0.3136387 0.3370617 0.3815992 0.4317334 0.4565251 0.4404681 0.4198298 0.4172641 0.3986393 0.3655121 0.3434662 0.336 0.3350557 0.336238 0.3481396 -9999 -9999 -9999 -9999 -9999 -9999 -9999 -9999 -9999 -9999 -9999 -9999 -9999 -9999 -9999 -9999 -9999 -9999 -9999
-9999 -9999 -9999 -9999 -9999 -9999 -9999 -9999 -9999 -9999 -9999 -9999 -9999 -9999 0.4542244 0.4262761 0.4104056 0.3797961 0.361821 0.3482975 0.3406187 0.3330626 0.3192063 0.3037345 0.2990779 0.2995434 0.2916252 0.2859848 0.2869092 0.2977566 0.308 0.3092565 0.3128118 0.3206474 0.3423265 0.3804471 0.4310651 0.4696331 0.4680847 0.4492442 0.4286349 0.4065231 0.3802492 0.3610858 0.3502761 0.3501477 0.3502254 0.3515133 -9999 -9999 -9999 -9999 -9999 -9999 -9999 -9999 -9999 -9999 -9999 -9999 -9999 -9999 -9999 -9999 -9999 -9999 -9999
-9999 -9999 -9999 -9999 -9999 -9999 -9999 -9999 -9999 -9999 -9999 -9999 -9999 -9999 0.46364 0.4315536 0.4136959 0.3769904 0.3544562 0.3417054 0.3367167 0.3317581 0.3153351 0.2976581 0.2981736 0.3112189 0.311711 0.2968263 0.2891705 0.2964781 0.3044464 0.3071057 0.3158675 0.3322873 0.3606628 0.390748 0.424715 0.4634764 0.4765746 0.4746252 0.4638915 0.4451998 0.4107445 0.3762369 0.3626607 0.3637196 0.3620339 0.3489059 -9999 -9999 -9999 -9999 -9999 -9999 -9999 -9999 -9999 -9999 -9999 -9999 -9999 -9999 -9999 -9999 -9999 -9999 -9999
-9999 -9999 -9999 -9999 -9999 -9999 -9999 -9999 -9999 -9999 -9999 -9999 -9999 -9999 0.4610682 0.4284619 0.4147732 0.385141 0.3627544 0.3450695 0.331812 0.3206973 0.3054703 0.291215 0.2945276 0.3102924 0.3206278 0.3171107 0.3093967 0.3127351 0.3181525 0.3197233 0.3267927 0.3454739 0.3782521 0.4050053 0.4216233 0.4519158 0.4749119 0.4819759 0.487958 0.4818136 0.4407464 0.3898755 0.3710763 0.3691054 0.3587157 0.3393871 -9999 -9999 -9999 -9999 -9999 -9999 -9999 -9999 -9999 -9999 -9999 -9999 -9999 -9999 -9999 -9999 -9999 -9999 -9999
-9999 -9999 -9999 -9999 -9999 -9999 -9999 -9999 -9999 -9999 -9999 -9999 -9999 -9999 0.4635495 0.4350453 0.4204804 0.389775 0.3674769 0.3449373 0.3269998 0.3193116 0.3029006 0.2869455 0.2865366 0.2945914 0.3077969 0.3203123 0.3286527 0.3372817 0.3446586 0.339866 0.3352237 0.350425 0.3743354 0.3973106 0.4119272 0.4364334 0.4605095 0.4639533 0.4578863 0.4481149 0.4214594 0.3808726 0.361432 0.3590483 0.349622 0.335695 -9999 -9999 -9999 -9999 -9999 -9999 -9999 -9999 -9999 -9999 -9999 -9999 -9999 -9999 -9999 -9999 -9999 -9999 -9999
-9999 -9999 -9999 -9999 -9999 -9999 -9999 -9999 -9999 -9999 -9999 -9999 -9999 -9999 -9999 0.4289856 0.4113489 0.377648 0.3588435 0.3406244 0.3278056 0.3214486 0.3040727 0.2886322 0.2828572 0.2815403 0.291011 0.3124664 0.327402 0.3342865 0.3374784 0.3330802 0.3291639 0.3462875 0.3759212 0.4054147 0.4211827 0.4311106 0.4376444 0.4299942 0.4137697 0.401998 0.3874 0.367556 0.3529856 0.3506019 0.3445508 0.3408993 -9999 -9999 -9999 -9999 -9999 -9999 -9999 -9999 -9999 -9999 -9999 -9999 -9999 -9999 -9999 -9999 -9999 -9999 -9999
-9999 -9999 -9999 -9999 -9999 -9999 -9999 -9999 -9999 -9999 -9999 -9999 -9999 -9999 -9999 0.4245083 0.4121943 0.3891886 0.3736174 0.3539985 0.3392116 0.3314608 0.3182304 0.301566 0.2916351 0.2869835 0.2945998 0.3135588 0.3218301 0.3169596 0.3150495 0.315742 0.3211948 0.3410624 0.3833898 0.432384 0.454094 0.4527767 0.4521588 0.4430359 0.4245435 0.410206 0.3959332 0.3763614 0.3624752 0.3590511 0.3520104 0.3541802 -9999 -9999 -9999 -9999 -9999 -9999 -9999 -9999 -9999 -9999 -9999 -9999 -9999 -9999 -9999 -9999 -9999 -9999 -9999
-9999 -9999 -9999 -9999 -9999 -9999 -9999 -9999 -9999 -9999 -9999 -9999 -9999 -9999 -9999 0.4622393 0.4564602 0.4404469 0.4183491 0.3887306 0.3596911 0.3460197 0.3389896 0.3202682 0.3020782 0.2936482 0.2963218 0.3091263 0.3166665 0.3133101 0.3085237 0.3074842 0.3121703 0.3393136 0.3902715 0.4453765 0.4667783 0.4687155 0.4777307 0.4825729 0.4631242 0.4311253 0.4036854 0.3813625 0.3674763 0.3649365 0.3591066 0.3614942 -9999 -9999 -9999 -9999 -9999 -9999 -9999 -9999 -9999 -9999 -9999 -9999 -9999 -9999 -9999 -9999 -9999 -9999 -9999
-9999 -9999 -9999 -9999 -9999 -9999 -9999 -9999 -9999 -9999 -9999 -9999 -9999 -9999 -9999 0.5060693 0.4997301 0.483891 0.4628052 0.4275894 0.3847552 0.3564348 0.345827 0.3318659 0.3077484 0.294499 0.2926007 0.2980276 0.3106516 0.320318 0.3218434 0.3204351 0.318782 0.3333064 0.3772343 0.4248413 0.4449257 0.4510041 0.463896 0.4763992 0.4696758 0.4363467 0.4067133 0.3898658 0.3783825 0.3759988 0.3703825 0.3727044 -9999 -9999 -9999 -9999 -9999 -9999 -9999 -9999 -9999 -9999 -9999 -9999 -9999 -9999 -9999 -9999 -9999 -9999 -9999
-9999 -9999 -9999 -9999 -9999 -9999 -9999 -9999 -9999 -9999 -9999 -9999 -9999 -9999 -9999 -9999 0.5417538 0.5108206 0.4873489 0.4549207 0.4096164 0.3709375 0.356009 0.3523363 0.335981 0.3207693 0.3122791 0.3076593 0.3154563 0.3248845 0.3274454 0.3260372 0.3234454 0.3287232 0.350801 0.3823659 0.4011327 0.4100472 0.4244207 0.4434348 0.4555678 0.4511667 0.4380556 0.415798 0.3903362 -9999 -9999 -9999 -9999 -9999 -9999 -9999 -9999 -9999 -9999 -9999 -9999 -9999 -9999 -9999 -9999 -9999 -9999 -9999 -9999 -9999 -9999
-9999 -9999 -9999 -9999 -9999 -9999 -9999 -9999 -9999 -9999 -9999 -9999 -9999 -9999 -9999 -9999 0.5873522 0.5491955 0.5198346 0.4845422 0.434364 0.3888701 0.3725939 0.3764947 0.3678573 0.3511505 0.3382792 0.3250074 0.3194818 0.3232433 0.328 0.3277993 0.3310128 0.3394896 0.3467481 0.3588952 0.3706524 0.379937 0.3922612 0.4075536 0.4278411 0.4408479 0.4285103 0.3999568 0.3817102 -9999 -9999 -9999 -9999 -9999 -9999 -9999 -9999 -9999 -9999 -9999 -9999 -9999 -9999 -9999 -9999 -9999 -9999 -9999 -9999 -9999 -9999
-9999 -9999 -9999 -9999 -9999 -9999 -9999 -9999 -9999 -9999 -9999 -9999 -9999 -9999 -9999 -9999 0.6132172 0.5837057 0.5568398 0.5243807 0.4714222 0.4148114 0.3882045 0.3881366 0.3813668 0.357201 0.3377651 0.3288447 0.3184478 0.3114064 0.3143421 0.3191505 0.3321784 0.3449045 0.3546422 0.3548564 0.3564185 0.3634572 0.3730472 0.3943726 0.419117 0.4287069 0.4090218 0.3816786 -9999 -9999 -9999 -9999 -9999 -9999 -9999 -9999 -9999 -9999 -9999 -9999 -9999 -9999 -9999 -9999 -9999 -9999 -9999 -9999 -9999 -9999 -9999
-9999 -9999 -9999 -9999 -9999 -9999 -9999 -9999 -9999 -9999 -9999 -9999 -9999 -9999 -9999 -9999 0.6274985 0.6001008 0.5630093 0.5324873 0.4900492 0.4318205 0.3906764 0.3793348 0.3765702 0.3587687 0.3391657 0.3290599 0.3169455 0.3035943 0.3018029 0.3086325 0.3253803 0.3387112 0.3515165 0.3569418 0.36146 0.3669957 0.3716898 0.3906847 0.4161888 0.4244486 0.4139445 0.3861888 -9999 -9999 -9999 -9999 -9999 -9999 -9999 -9999 -9999 -9999 -9999 -9999 -9999 -9999 -9999 -9999 -9999 -9999 -9999 -9999 -9999 -9999 -9999
-9999 -9999 -9999 -9999 -9999 -9999 -9999 -9999 -9999 -9999 -9999 -9999 -9999 -9999 -9999 -9999 -9999 0.6021293 0.5631267 0.5328441 0.4923263 0.434121 0.390716 0.3775319 0.3754507 0.3589942 0.3395435 0.3290599 0.316727 0.3025609 0.3 0.3070412 0.3241783 0.3375093 0.3507237 0.3573464 0.3626619 0.368 0.3719001 0.3902767 0.4158075 0.4240001 0.4153325 0.3874406 -9999 -9999 -9999 -9999 -9999 -9999 -9999 -9999 -9999 -9999 -9999 -9999 -9999 -9999 -9999 -9999 -9999 -9999 -9999 -9999 -9999 -9999 -9999
-9999 -9999 -9999 -9999 -9999 -9999 -9999 -9999 -9999 -9999 -9999 -9999 -9999 -9999 -9999 -9999 -9999 0.6176019 0.5711794 0.5341861 0.4970233 0.4408572 0.3948464 0.3723723 0.3683626 0.3699454 0.3631203 0.350161 0.3335676 0.3181896 0.3134724 0.3193279 0.3331099 0.3407663 0.3485024 0.3607476 0.3738869 0.3825801 0.3832673 0.3816234 0.3856566 0.3880064 0.3920775 0.391559 -9999 -9999 -9999 -9999 -9999 -9999 -9999 -9999 -9999 -9999 -9999 -9999 -9999 -9999 -9999 -9999 -9999 -9999 -9999 -9999 -9999 -9999 -9999
-9999 -9999 -9999 -9999 -9999 -9999 -9999 -9999 -9999 -9999 -9999 -9999 -9999 -9999 -9999 -9999 -9999 0.6299334 0.5874495 0.545858 0.5012572 0.4480933 0.4069762 0.383531 0.3732778 0.3745161 0.3717586 0.3565841 0.3507475 0.3491492 0.3461739 0.3470855 0.3480467 0.3480826 0.3559324 0.3703151 0.3815826 0.3875656 0.3843102 0.3712639 0.3588203 0.3577851 0.3663218 0.3837675 -9999 -9999 -9999 -9999 -9999 -9999 -9999 -9999 -9999 -9999 -9999 -9999 -9999 -9999 -9999 -9999 -9999 -9999 -9999 -9999 -9999 -9999 -9999
