invasiveSpecies/singleSpecies/data/biophysical_var/2050_26/meanndviextent_conservancies_final.asc
ncols         347
nrows         295
xllcorner     36.068012264173
yllcorner     0.13039239511974
cellsize      0.0083333333333333
NODATA_value  -9999
[rows 30 to 59 of 295, columns 201 to 267 of 347]
-9999 -9999 -9999 0.1734796 0.1718365 0.1766317 0.1832326 0.1832326 0.1835797 0.1860222 0.1902592 0.1903647 0.1870465 0.1868611 -9999 -9999 -9999 -9999 -9999 -9999 -9999 -9999 -9999 -9999 -9999 -9999 -9999 -9999 -9999 -9999 -9999 -9999 -9999 -9999 -9999 0.3689743 0.3582866 0.3630465 0.3633111 0.3669871 0.3661039 0.3666013 0.3726881 0.3825122 0.3899258 0.3643281 0.3493426 0.3605674 0.3782868 0.3846669 0.364428 0.3290911 0.326093 0.3261164 0.3289445 0.3268573 0.319838 0.3169743 0.3139409 0.3030263 0.2897863 0.288603 0.2907998 0.2927093 0.2898255 0.2888038 0.2831089
-9999 -9999 -9999 0.181867 0.1812845 0.1843858 0.1952126 0.2001242 0.1995724 0.1961857 0.1925284 0.1964159 0.2036603 0.2040557 -9999 -9999 -9999 -9999 -9999 -9999 -9999 -9999 -9999 -9999 -9999 -9999 -9999 -9999 -9999 -9999 -9999 -9999 -9999 -9999 -9999 0.3698628 0.3559193 0.3549068 0.3555723 0.3655351 0.3741187 0.3754145 0.3823139 0.3865542 0.3756421 0.3479824 0.327312 0.3426309 0.368429 0.3877423 0.3764415 0.3438678 0.328 0.3279752 0.3249386 0.3179357 0.3129859 0.3129689 0.3150081 0.3061967 0.2804919 0.2770379 0.2847561 0.2820302 0.2722212 0.2631299 0.2589508
-9999 -9999 -9999 0.1797905 0.1882068 0.1947865 0.2029771 0.2070156 0.2062874 0.2015901 0.1957129 0.2026032 0.2237431 0.2415153 -9999 -9999 -9999 -9999 -9999 -9999 -9999 -9999 -9999 -9999 -9999 -9999 -9999 -9999 -9999 -9999 -9999 -9999 -9999 -9999 -9999 0.3767876 0.361513 0.3550156 0.3554103 0.3615438 0.3699688 0.3704051 0.3780187 0.3783453 0.3648957 0.3400463 0.3173355 0.3275475 0.3466491 0.373018 0.3766499 0.3598403 0.3460936 0.3460116 0.3359889 0.3190098 0.3060134 0.3029751 0.3069086 0.3020436 0.2833733 0.2732125 0.2807716 0.2771063 0.2624843 0.2417258 0.2342014
-9999 -9999 -9999 0.1778123 0.1871724 0.1975491 0.2041897 0.2049998 0.205364 0.2066438 0.2056977 0.2136028 0.2426644 0.2799069 0.3000024 -9999 -9999 -9999 -9999 -9999 -9999 -9999 -9999 -9999 -9999 -9999 -9999 -9999 -9999 -9999 -9999 -9999 -9999 -9999 -9999 0.390757 0.3749665 0.3620003 0.3616696 0.357498 0.3657007 0.3774368 0.3843923 0.3720168 0.3510975 0.3306478 0.3220707 0.3242195 0.3315219 0.3501881 0.3579398 0.3549041 0.3489998 0.3489999 0.3489142 0.3289919 0.3100652 0.3000728 0.2920886 0.2939697 0.2841887 0.2693409 0.2738667 0.2730303 0.2633434 0.2485735 0.2403371
-9999 -9999 -9999 0.1799946 0.18637 0.1975491 0.204 0.204 0.2041848 0.2076744 0.2227172 0.2401416 0.2667313 0.3011461 0.3293613 0.3382808 -9999 -9999 -9999 -9999 -9999 -9999 -9999 -9999 -9999 -9999 -9999 -9999 -9999 -9999 -9999 -9999 -9999 -9999 -9999 0.4030145 0.3785978 0.3610153 0.360881 0.359297 0.3647601 0.3769633 0.3752504 0.3592172 0.3412998 0.3246256 0.3152562 0.3213279 0.3313425 0.344048 0.3459716 0.3430298 0.3420306 0.3419901 0.3370418 0.3290104 0.3180071 0.3030938 0.2940699 0.2890896 0.2811663 0.2682959 0.2631777 0.2688335 0.2641722 0.2581997 0.2560242
-9999 -9999 -9999 0.1837747 0.1887528 0.1981241 0.2064057 0.204 0.2029189 0.2010961 0.2211667 0.2575723 0.2990648 0.3235761 0.3398449 0.3517985 0.3638893 0.3763099 0.3859319 0.3954146 -9999 -9999 -9999 -9999 -9999 -9999 -9999 -9999 -9999 -9999 -9999 -9999 -9999 -9999 -9999 0.4081006 0.3730229 0.36 0.3601964 0.3632183 0.366803 0.3637429 0.356343 0.3408218 0.3338844 0.3295855 0.3210849 0.3262217 0.3352992 0.3468991 0.3441557 0.3518297 0.3489077 0.3488181 0.3379084 0.3309657 0.3229966 0.3100334 0.3020276 0.2940586 0.2860895 0.2742113 0.263261 0.2649679 0.2611681 0.2543277 0.2569059
-9999 -9999 -9999 0.188354 0.1949042 0.2007055 0.2094831 0.2158151 0.2143587 0.2106661 0.230788 0.2721754 0.3173517 0.3417679 0.3532523 0.3622635 0.3709865 0.3792485 0.3948417 0.4201105 -9999 -9999 -9999 -9999 -9999 -9999 -9999 -9999 -9999 -9999 -9999 -9999 -9999 -9999 -9999 0.4098094 0.3829288 0.3718151 0.3712983 0.3640651 0.3644065 0.353495 0.3427769 0.3353979 0.3232655 0.326357 0.3328982 0.3340658 0.3391213 0.3450215 0.3442372 0.3561243 0.3638151 0.3637412 0.3547345 0.3467614 0.3299652 0.3121304 0.3040892 0.2990295 0.2911048 0.2792266 0.267273 0.2669538 0.2630911 0.2552593 0.2502969
-9999 -9999 -9999 0.2001809 0.2026667 0.2079948 0.2190923 0.228815 0.2300332 0.2399283 0.26627 0.2996217 0.3299691 0.3572279 0.3651523 0.3681783 0.3750988 0.3783564 0.3983915 -9999 -9999 -9999 -9999 -9999 -9999 -9999 -9999 -9999 -9999 -9999 -9999 -9999 -9999 -9999 -9999 0.4198632 0.407899 0.3995066 0.3983244 0.3810811 0.3722857 0.3627783 0.3456739 0.3415403 0.3344848 0.3297715 0.327185 0.3273104 0.3313758 0.3384011 0.3501138 0.3620208 0.3709383 0.3708729 0.3628912 0.3519924 0.3349966 0.3180009 0.3041546 0.2971658 0.2920955 0.2860159 0.2799162 0.2712069 0.2670757 0.2564178 0.2511512
-9999 -9999 -9999 0.2051771 0.211213 0.2196583 0.2356329 0.2524601 0.256241 0.2787387 0.3082013 0.3304775 0.3494074 0.3686436 0.3675357 0.365411 0.3685566 0.3805087 0.4165867 0.4917377 -9999 -9999 -9999 -9999 -9999 -9999 -9999 -9999 -9999 -9999 -9999 -9999 -9999 -9999 0.4424132 0.4204554 0.412918 0.4109229 0.4103734 0.4020492 0.3927286 0.3782819 0.3531987 0.3408899 0.3368591 0.3316873 0.324 0.3242171 0.3310625 0.3362399 0.346507 0.3640807 0.3690771 0.3690117 0.3610128 0.3461484 0.3331218 0.3171936 0.307036 0.2961639 0.2920755 0.2852345 0.2868738 0.2781223 0.2739831 0.2594928 0.2522911
-9999 -9999 0.1985102 0.2061964 0.2176359 0.2329465 0.2561952 0.2803519 0.2857797 0.3158686 0.3451464 0.3609955 0.3703546 0.3737834 0.3678264 0.3669074 0.3700393 0.396357 0.4607068 0.5573996 0.6497391 0.6804259 -9999 -9999 -9999 -9999 -9999 -9999 -9999 -9999 -9999 -9999 -9999 -9999 0.4289344 0.4023857 0.4007998 0.4061852 0.4066897 0.4136788 0.4105254 0.390878 0.3575073 0.3312266 0.3302631 0.3318009 0.3270098 0.330248 0.3436597 0.3446365 0.341258 0.3496652 0.3621852 0.3621435 0.3570487 0.3469034 0.3378459 0.3190451 0.3081216 0.2990439 0.2978355 0.2899967 0.2880483 0.2830626 0.2790447 0.2691112 0.2610587
-9999 -9999 -9999 0.213365 0.2312991 0.2511072 0.275435 0.2966759 0.3014485 0.3285939 0.3596976 0.3828376 0.3832305 0.3746982 0.3689189 0.3755769 0.388979 0.4197923 0.4964025 0.6038947 0.673647 0.686689 0.6853517 0.6860695 -9999 -9999 -9999 -9999 -9999 -9999 -9999 -9999 0.5381246 0.5001256 0.4355414 0.3902161 0.3916614 0.4097839 0.4103863 0.4181716 0.406156 0.3861493 0.3646019 0.3420537 0.3337073 0.3318436 0.3281409 0.3325017 0.348159 0.3534582 0.3399076 0.3354866 0.3455402 0.3456021 0.3530985 0.3508884 0.3429193 0.3259085 0.311058 0.3087091 0.3030011 0.2922477 0.2852914 0.2840338 0.2801373 0.269524 0.2614445
-9999 -9999 -9999 0.2315684 0.2566537 0.2791024 0.2990525 0.311506 0.3153515 0.3378189 0.365827 0.3851235 0.3836036 0.3751662 0.3721474 0.3822483 0.4038221 0.4302386 0.4947684 0.5979925 0.6693889 0.6831535 0.6891235 0.6901162 -9999 -9999 -9999 -9999 -9999 -9999 -9999 0.5045785 0.4840938 0.474085 0.4463576 0.4076884 0.4037302 0.4206296 0.4203977 0.415769 0.3942024 0.3751254 0.3700087 0.3531913 0.3417048 0.3403608 0.3337926 0.3353782 0.3510965 0.3585664 0.3455949 0.3377887 0.34 0.3400275 0.3433705 0.3433682 0.3382645 0.319508 0.3092377 0.3062901 0.298398 0.2893309 0.2841363 0.2812111 0.2744831 0.2627053 0.2600945
-9999 -9999 -9999 0.2376383 0.2647401 0.2878728 0.3062773 0.316 0.319641 0.3409892 0.3674864 0.384 0.3826672 0.3753491 0.3732709 0.38372 0.4070228 0.4316583 0.4909146 0.5917218 0.6661709 0.6810545 0.688 0.6889927 -9999 -9999 -9999 -9999 -9999 -9999 -9999 0.4897637 0.4676427 0.4629746 0.4490629 0.4153782 0.4091818 0.4240001 0.4234711 0.4145056 0.3908319 0.372 0.3711892 0.3554383 0.344 0.3436873 0.336 0.3365017 0.3522199 0.3597164 0.3478419 0.34 0.34 0.34 0.34 0.3399982 0.3360137 0.3161456 0.3080892 0.30406 0.296151 0.2881819 0.2841064 0.2801219 0.2722746 0.2604583 0.26
-9999 -9999 -9999 0.2444561 0.2653021 0.2923715 0.3181997 0.330228 0.3333509 0.3503434 0.3650062 0.3702571 0.372707 0.3734296 0.3765686 0.3894112 0.413144 0.4380996 0.4815506 0.5596261 0.6291782 0.6440618 0.6510072 0.6523531 -9999 -9999 -9999 -9999 -9999 0.6043894 0.5446557 0.4835423 0.455498 0.444028 0.4421512 0.4267606 0.4195133 0.4211544 0.4204372 0.4091688 0.3906657 0.368844 0.3627966 0.3497471 0.3385532 0.3439098 0.3414907 0.336234 0.3437614 0.3541597 0.3479544 0.3456912 0.3456912 0.3455981 0.3342843 0.3286146 0.3217954 0.3132172 0.3052436 0.2984115 0.2904598 0.2880525 0.2841064 0.2828808 0.2696244 0.2630865 0.2601197
-9999 -9999 -9999 0.2449423 0.2542095 0.285068 0.3224993 0.3331698 0.3340217 0.3394832 0.3480059 0.3538437 0.3606474 0.3665301 0.3712144 0.3949888 0.4208598 0.4418757 0.4660145 0.5103398 0.5447115 0.5498106 0.5567561 0.5585964 0.5761729 0.6117699 0.6228611 0.58473 0.5522146 0.5403166 0.5092431 0.4727916 0.4451635 0.433028 0.4313187 0.4285481 0.4208744 0.4171699 0.4167506 0.4100101 0.3960933 0.3697764 0.350758 0.3366476 0.336222 0.3410592 0.338058 0.3302877 0.3288538 0.3351253 0.3396215 0.3451699 0.3451699 0.3450622 0.3319411 0.3183349 0.3075466 0.3035387 0.2955987 0.2904173 0.2852674 0.2824041 0.281201 0.275682 0.2682578 0.2641528 0.2628793
-9999 -9999 -9999 0.2501962 0.2563064 0.2802047 0.3161138 0.3235559 0.3235559 0.3254829 0.3367465 0.3484041 0.3517034 0.3597447 0.3703686 0.3935254 0.4193573 0.4334978 0.4490967 0.4768899 0.4863256 0.4761649 0.4733358 0.4753212 0.4953024 0.5418957 0.560967 0.531202 0.4920296 0.4833791 0.4812141 0.4614715 0.4396107 0.4227331 0.4136969 0.4107089 0.405839 0.4047413 0.4044767 0.4008704 0.4016725 0.3819498 0.3577347 0.329109 0.3277277 0.3316197 0.3330027 0.3277863 0.3211405 0.319745 0.3276584 0.3327413 0.3327413 0.3326432 0.3206966 0.3103653 0.2984116 0.2888114 0.2836137 0.279616 0.278393 0.2717109 0.2742958 0.2666143 0.2625079 0.2585234 0.2637632
-9999 -9999 0.2421562 0.2684926 0.281001 0.297172 0.3235096 0.3367954 0.3367954 0.337936 0.3435462 0.3452008 0.3469999 0.3588638 0.3772205 0.3985683 0.410946 0.4157711 0.4296179 0.4531022 0.4633918 0.4533471 0.4464016 0.4466502 0.4523014 0.4836035 0.5047652 0.5017541 0.4784495 0.4648782 0.4607229 0.4472003 0.429566 0.4075385 0.3936775 0.389693 0.3857971 0.3832046 0.3831252 0.3826763 0.3926861 0.3896429 0.3677741 0.3332802 0.3268508 0.3281564 0.3320563 0.3334354 0.3280568 0.3159245 0.3127162 0.3084054 0.3084054 0.308376 0.3047686 0.2967977 0.2848441 0.2784482 0.2772141 0.2732608 0.2704544 0.265319 0.2609201 0.2557608 0.2544428 0.2532466 0.2555013
-9999 -9999 0.2489559 0.2830317 0.3070727 0.3208109 0.3411861 0.3551351 0.3546283 0.35108 0.3450042 0.3454235 0.3548142 0.3694837 0.3840536 0.3984562 0.4052162 0.4065735 0.4166766 0.431537 0.4398059 0.4342428 0.4272974 0.4264556 0.4207216 0.4237404 0.437261 0.4549246 0.4594207 0.4492739 0.4414569 0.4341578 0.4180024 0.399849 0.3846627 0.3785543 0.379499 0.3732162 0.3732162 0.3734434 0.376936 0.3774458 0.3648902 0.3357558 0.3306642 0.328374 0.3376104 0.3387456 0.3371277 0.3211812 0.3050581 0.297172 0.2944325 0.2944552 0.2971818 0.2892121 0.2800315 0.2732656 0.2732162 0.2665343 0.2625079 0.2585234 0.253355 0.254736 0.2520956 0.252 0.2466666
-9999 -9999 0.2518841 0.2781388 0.3077054 0.3257286 0.3343871 0.3406218 0.3409015 0.3419933 0.3426794 0.3515821 0.3628186 0.3702835 0.3767219 0.3842566 0.3969502 0.4047705 0.4101586 0.4164251 0.4200084 0.4120091 0.3978535 0.3961737 0.3840207 0.3824622 0.3885394 0.40175 0.4166239 0.4216049 0.4195392 0.4199518 0.4095288 0.3991059 0.3891098 0.3839704 0.3794091 0.372 0.3718169 0.3692317 0.3689083 0.3635607 0.3603739 0.3437289 0.3319471 0.3310209 0.3371342 0.3343765 0.3314074 0.3208899 0.3065555 0.2958924 0.2892317 0.2892417 0.2904527 0.2879977 0.2827862 0.2693303 0.2610193 0.2585003 0.259971 0.2587963 0.2575694 0.2614148 0.2630205 0.2604107 0.2552933
-9999 -9999 0.2548575 0.277751 0.3086147 0.3209556 0.3205005 0.3237414 0.3254719 0.336903 0.3553763 0.36318 0.3637491 0.3635932 0.3703199 0.37848 0.3942297 0.4069365 0.4085736 0.4129423 0.4184144 0.4136222 0.3962586 0.3935899 0.3747528 0.3745776 0.3735277 0.3768815 0.3869161 0.3930078 0.3966725 0.4072525 0.4010421 0.3857873 0.3811114 0.3820865 0.3768596 0.372 0.3713714 0.3623229 0.359435 0.354194 0.349078 0.3506482 0.3482807 0.3429526 0.3411709 0.3317019 0.3221986 0.3113928 0.2968058 0.2877018 0.2852471 0.2852246 0.2824943 0.2824937 0.2812514 0.2680965 0.2561338 0.2532884 0.2625735 0.2627529 0.2627529 0.266631 0.2706155 0.2695534 0.2630368
-9999 -9999 0.2676161 0.2912826 0.3153042 0.3219628 0.3194965 0.3227374 0.324922 0.3392388 0.3604402 0.3627766 0.3651578 0.3713605 0.3743109 0.3812174 0.3967419 0.408 0.4085736 0.4127344 0.4168912 0.4126105 0.4 0.3980409 0.383554 0.3785905 0.3771669 0.3753091 0.3798455 0.3783764 0.3786031 0.3934429 0.3954763 0.3759851 0.362416 0.3634774 0.3620175 0.358313 0.3584245 0.3595805 0.353029 0.3488263 0.3412519 0.3411095 0.3424397 0.3452133 0.3435774 0.3315379 0.3168574 0.3021471 0.2864212 0.2812191 0.2785252 0.2785149 0.2772744 0.28 0.28 0.2680874 0.2561338 0.2547564 0.2611394 0.2559123 0.2531232 0.2648906 0.2717687 0.272 0.2617142
-9999 -9999 0.2930253 0.3082501 0.3208396 0.3291964 0.3278918 0.326722 0.328411 0.3383364 0.3500612 0.3561659 0.3659991 0.3764429 0.378925 0.3816362 0.3931925 0.4084009 0.4105149 0.4094564 0.409644 0.4029699 0.397278 0.395789 0.3846435 0.3796833 0.3780529 0.3843047 0.3847396 0.3774943 0.3673163 0.3753893 0.383569 0.3661251 0.3478342 0.3480457 0.3500596 0.3438342 0.3441832 0.349292 0.3517664 0.3477121 0.3421054 0.3301739 0.3225 0.3250527 0.3276291 0.3261397 0.312913 0.2996219 0.2838672 0.2771712 0.2705561 0.2705561 0.2705499 0.2691134 0.2718248 0.27073 0.2615473 0.2507195 0.2544806 0.246738 0.240013 0.2553467 0.2688166 0.2666601 0.2576683
-9999 -9999 0.2959389 0.30333 0.3153197 0.3308658 0.3366539 0.333413 0.3343767 0.3396497 0.3458664 0.3562906 0.36645 0.3797978 0.3858429 0.388101 0.3893865 0.3981617 0.403695 0.4018317 0.3964558 0.3909965 0.385174 0.3843566 0.3781061 0.3747514 0.3770455 0.3855875 0.3871619 0.3778393 0.3584499 0.35804 0.3664889 0.3645349 0.3406311 0.3336953 0.3396894 0.3372935 0.337379 0.3389166 0.3436469 0.3396623 0.3356183 0.330018 0.3153026 0.2997058 0.2985842 0.3049329 0.3009185 0.2915024 0.2756689 0.2651329 0.262587 0.262587 0.2625698 0.2585864 0.2571788 0.2611449 0.2586159 0.2481589 0.2466137 0.2467038 0.2441883 0.2491359 0.2516763 0.2505169 0.2479893
-9999 -9999 0.2831613 0.29466 0.3151726 0.3346636 0.3402623 0.3413821 0.3421103 0.3460948 0.3505357 0.356905 0.3626295 0.3709756 0.3809898 0.386415 0.3851001 0.3847087 0.3892359 0.3881195 0.3806931 0.3768907 0.3746179 0.3741216 0.3704605 0.3697744 0.374209 0.3811588 0.3785248 0.3646661 0.3472776 0.3417305 0.34774 0.358454 0.3412729 0.3257216 0.3308167 0.3333089 0.3327751 0.3253174 0.3263112 0.3224734 0.321645 0.3286859 0.3152004 0.2965947 0.2771385 0.2744717 0.2744737 0.2742939 0.2637429 0.2545323 0.2492358 0.2492578 0.2519212 0.2506149 0.2439497 0.2425549 0.2452058 0.2506092 0.2467665 0.2506001 0.2533105 0.2429458 0.2283606 0.2278538 0.2330095
-9999 -9999 0.2864895 0.3003208 0.3205059 0.334099 0.3380835 0.3413244 0.3415655 0.3433616 0.3473461 0.3508746 0.3521939 0.3543796 0.3620675 0.3741271 0.3784487 0.3779135 0.3813244 0.3798347 0.3697431 0.3639733 0.3639733 0.3638089 0.3632922 0.3678428 0.3672478 0.3727013 0.3764386 0.3557099 0.3402884 0.3302736 0.3280511 0.3427398 0.3428048 0.3290382 0.3258175 0.332 0.3312064 0.3193336 0.309064 0.3054436 0.308039 0.3088344 0.2996041 0.2912972 0.2740169 0.2558894 0.2534076 0.2571718 0.2518151 0.243846 0.2359732 0.2359841 0.2372977 0.2372941 0.229325 0.2226707 0.231869 0.249064 0.2453999 0.2466187 0.247938 0.2324607 0.2126598 0.2171201 0.224988
-9999 -9999 0.3058776 0.315721 0.3266395 0.3332897 0.3394192 0.3426601 0.3421759 0.3397647 0.3389133 0.3400196 0.3409059 0.3464237 0.3536966 0.3643321 0.374546 0.3819093 0.3853203 0.3843881 0.3771941 0.3665778 0.3573399 0.3566797 0.3523418 0.3542339 0.3505508 0.3512607 0.3661358 0.3602426 0.3492179 0.3349871 0.325799 0.331818 0.343455 0.3369052 0.3321783 0.3346601 0.3336906 0.3191693 0.3064265 0.3022979 0.2954125 0.2835402 0.2734358 0.2744383 0.2673617 0.249131 0.2427897 0.2466481 0.2452869 0.2424906 0.232 0.231913 0.2213136 0.2107154 0.2027463 0.2026995 0.2198266 0.2423396 0.2439751 0.2414003 0.2387505 0.2257463 0.2111641 0.2132375 0.2159069
-9999 -9999 0.3078789 0.3247882 0.3340794 0.3383264 0.3429019 0.344 0.3423089 0.3339979 0.3311717 0.3342569 0.3399774 0.3470858 0.3506262 0.3579856 0.3624355 0.3691106 0.3755352 0.3802459 0.380086 0.3702395 0.3586447 0.3576519 0.3493728 0.3392928 0.3329713 0.3307321 0.3421834 0.3489259 0.3562438 0.357641 0.348685 0.3445573 0.3516077 0.3476231 0.3437387 0.3412893 0.3402312 0.3243774 0.3101021 0.3007008 0.2885445 0.2726698 0.2586553 0.2573683 0.2556887 0.2450215 0.2346752 0.2335463 0.2387107 0.2385198 0.2267107 0.2265583 0.207997 0.1920636 0.186729 0.1906815 0.2078726 0.2264958 0.2384854 0.2373861 0.2334617 0.2191568 0.2045687 0.204066 0.2116663
-9999 0.2746911 0.3049256 0.3264164 0.33679 0.3407746 0.344 0.344 0.3418154 0.3312873 0.3286973 0.3333637 0.3413327 0.348 0.3492709 0.356 0.3566045 0.3611782 0.3691473 0.3765582 0.3789145 0.3704182 0.36 0.3590073 0.3500764 0.3350691 0.32755 0.3248691 0.3328381 0.3416145 0.3571645 0.3672546 0.3592855 0.3523418 0.3556736 0.3516891 0.3477046 0.344 0.3429419 0.3270037 0.3112991 0.2993455 0.2871892 0.271251 0.2558282 0.252 0.2517182 0.2436237 0.23189 0.228189 0.236 0.2358092 0.224 0.2238365 0.203931 0.1879982 0.1840137 0.1879709 0.2038217 0.2197599 0.235698 0.236 0.2321064 0.2164874 0.2005493 0.2 0.2114953
-9999 0.2657567 0.293466 0.3217152 0.33366 0.3360532 0.3418823 0.344 0.3418154 0.3308215 0.3260835 0.331641 0.344382 0.3532275 0.3540832 0.3582086 0.3546294 0.3461847 0.3430097 0.3522443 0.3672643 0.368149 0.36 0.358683 0.3465199 0.3243099 0.3147752 0.3135622 0.314268 0.3207044 0.3370154 0.3561341 0.3673602 0.3616801 0.3526334 0.3438478 0.3396702 0.333545 0.3331783 0.326841 0.3085327 0.2938329 0.2771315 0.2687596 0.2558282 0.2517957 0.2463066 0.2331687 0.2215068 0.220286 0.2255449 0.2254788 0.2213862 0.2212868 0.2091586 0.1932222 0.1814267 0.1853571 0.193454 0.2015812 0.2199661 0.2279804 0.2242651 0.2086461 0.195232 0.1922585 0.203654
-9999 0.2569083 0.2873884 0.3181755 0.3262902 0.3267605 0.339147 0.3465983 0.3444137 0.3327098 0.3246973 0.3302844 0.3442665 0.3598668 0.3662031 0.3645766 0.3595638 0.3478606 0.3335986 0.3393491 0.3610855 0.366603 0.3574017 0.356235 0.3452584 0.3234979 0.3097214 0.3020866 0.2966242 0.3020818 0.3206281 0.3398431 0.3619457 0.3640345 0.3479986 0.3312883 0.3200112 0.3150085 0.3150085 0.3144103 0.304619 0.2909092 0.2716656 0.2652048 0.2608016 0.2515858 0.2407466 0.2225086 0.2133303 0.2108365 0.2122564 0.2148447 0.2174017 0.2173575 0.2119534 0.2011906 0.1878407 0.186607 0.1879844 0.1868213 0.2013274 0.2082555 0.2045166 0.2014933 0.1948318 0.188252 0.1895392
