invasiveSpecies/singleSpecies/data/biophysical_var/2050_26/meanndviextent_conservancies_final.asc
ncols         347
nrows         295
xllcorner     36.068012264173
yllcorner     0.13039239511974
cellsize      0.0083333333333333
NODATA_value  -9999
[rows 60 to 89 of 295, columns 268 to 334 of 347]
0.1788343 0.1788343 0.1799375 0.1862043 0.1929977 0.1934171 0.1936512 0.2023986 0.2152399 0.2259803 0.2291987 0.2257708 0.2313925 0.2309464 0.2297852 0.2332531 0.2336686 0.2395168 0.2435672 0.2274133 0.205365 0.2025829 0.2060592 0.2065829 0.2053622 0.191446 0.1745127 0.1676104 0.1678203 0.1689816 0.1691657 0.1691657 0.165844 0.1618594 0.153625 0.1552754 0.1592599 0.1611495 0.1602731 0.157925 0.1606153 0.1634722 0.1651221 0.1694874 0.171694 0.1751208 0.176 0.1801846 0.1864768 0.1930342 0.1945828 0.1885267 0.1876502 0.1871265 0.1868343 0.1887497 0.1894171 0.1873372 0.1865828 0.1836784 0.1854718 0.1865828 0.1904535 0.1948426 0.1941745 0.1877937 0.1798246
0.1712189 0.1708652 0.172221 0.1822575 0.1914393 0.192 0.1882764 0.1906561 0.2032658 0.210609 0.2148248 0.2208782 0.2310248 0.2307051 0.217725 0.2129802 0.2125956 0.2174219 0.2228335 0.2206753 0.2037567 0.1991914 0.2023415 0.2050865 0.2032212 0.191347 0.1745518 0.1695653 0.1725184 0.1743411 0.1745674 0.1745674 0.1691136 0.1668158 0.1588071 0.1562056 0.1550752 0.1569477 0.1595051 0.1567864 0.1591981 0.1631826 0.1660329 0.1708479 0.174013 0.1776882 0.1785674 0.1796741 0.1841756 0.1915506 0.1973396 0.1944548 0.1912011 0.1875702 0.1846536 0.1850624 0.1873266 0.1898841 0.1905674 0.1895272 0.1883152 0.188 0.1908581 0.1930181 0.1906054 0.1838092 0.1758401
0.1686682 0.168 0.165585 0.1743528 0.1837643 0.1867296 0.1879237 0.188 0.1943663 0.1985733 0.2025579 0.2115088 0.2162874 0.2166883 0.2055788 0.1971752 0.1963442 0.1953635 0.1987784 0.202763 0.1936865 0.1910801 0.1943724 0.2005649 0.1958046 0.1867946 0.1761469 0.1723834 0.1753836 0.1738512 0.1734481 0.1734481 0.1689238 0.168 0.1635178 0.1592766 0.155292 0.1536566 0.1566771 0.1562847 0.1612384 0.1657346 0.1697191 0.1716929 0.1751363 0.1771298 0.1774481 0.1794194 0.1830745 0.190118 0.1961454 0.1982837 0.1955393 0.1915548 0.1875702 0.1865519 0.1895027 0.1916146 0.1901371 0.1894481 0.1884022 0.188 0.1890347 0.1876345 0.1840689 0.1808604 0.1761915
0.1814171 0.1806824 0.1672954 0.1669046 0.174436 0.1786661 0.1802894 0.182742 0.1866197 0.1906042 0.1945888 0.1999074 0.1957857 0.1953176 0.1904005 0.1872311 0.186927 0.1856268 0.186758 0.1904497 0.1905846 0.1883223 0.1892719 0.1963852 0.1949423 0.1876766 0.1797075 0.1729821 0.1775292 0.1773042 0.174947 0.1745365 0.1691083 0.168 0.166796 0.1632611 0.1592766 0.1491199 0.1522036 0.1575391 0.1608767 0.1646462 0.1706391 0.1739986 0.175684 0.176 0.176 0.1771305 0.1824875 0.190118 0.1969735 0.1996444 0.1969874 0.1930028 0.1890183 0.188 0.1909508 0.1901386 0.1865436 0.1854635 0.1854635 0.1854635 0.1872759 0.1833548 0.1786363 0.1774635 0.1764404
0.193661 0.1930421 0.1669577 0.159333 0.1641006 0.1658194 0.1682627 0.1744821 0.1786506 0.1803176 0.1840987 0.1880832 0.1857519 0.185479 0.181879 0.1792198 0.1789579 0.1811976 0.181479 0.1850016 0.1911966 0.1929096 0.1930421 0.1977825 0.198521 0.1938229 0.1862131 0.1803863 0.1820652 0.182521 0.1791684 0.178521 0.1739711 0.1709583 0.168447 0.1647246 0.1566309 0.1460698 0.150458 0.1604525 0.162521 0.1636978 0.1683382 0.1746171 0.176 0.1740331 0.173479 0.1754264 0.1821489 0.192046 0.1967717 0.197479 0.1944663 0.1885928 0.1839762 0.1829579 0.184049 0.1833516 0.1818783 0.181479 0.181479 0.181479 0.184337 0.1815853 0.1771728 0.1777721 0.1767587
0.1811724 0.1809666 0.1601679 0.1538104 0.1596007 0.1576579 0.1588856 0.1687279 0.1731871 0.1757978 0.1773681 0.1811407 0.1837688 0.184 0.1781451 0.1739099 0.1734944 0.1725961 0.1769158 0.1810171 0.1929026 0.1979973 0.1985056 0.1997986 0.1978418 0.196213 0.1913099 0.1871065 0.1865056 0.1843958 0.1806474 0.18 0.1745975 0.1701881 0.1662036 0.1601674 0.1492091 0.1445645 0.1464128 0.1566295 0.1629954 0.1659936 0.1696728 0.1728606 0.1734944 0.1723285 0.172 0.1750899 0.1840747 0.1918503 0.1934944 0.1915976 0.1879762 0.1828719 0.176645 0.1749889 0.1749889 0.1749889 0.1749889 0.1749889 0.1767985 0.1774944 0.1785622 0.1779268 0.1746673 0.1763061 0.1746982
0.1644153 0.1645296 0.1564576 0.154577 0.1573245 0.1560985 0.156 0.164816 0.1738002 0.1781673 0.1784901 0.1798665 0.1791102 0.1790198 0.1695788 0.1627137 0.1620395 0.1584859 0.1651158 0.1739481 0.191232 0.1991754 0.2 0.2 0.1965546 0.1938648 0.192221 0.186485 0.1812971 0.1792583 0.1756671 0.1750198 0.1704442 0.1662036 0.1642677 0.1574492 0.1462202 0.1419802 0.1394997 0.1446594 0.1524357 0.1592035 0.1676402 0.1714719 0.172 0.1739428 0.1744901 0.17758 0.1838856 0.1866646 0.1889145 0.1864818 0.1806218 0.1760226 0.1727687 0.1683068 0.1670198 0.1688471 0.1695099 0.1695099 0.1706004 0.1710198 0.172799 0.1717403 0.1717126 0.171311 0.171705
0.1599299 0.16 0.1608984 0.158617 0.1584747 0.1631011 0.163424 0.1662521 0.1752682 0.1796772 0.18 0.1777442 0.1761408 0.1737633 0.1671798 0.1593057 0.1584747 0.1571196 0.1596477 0.1683886 0.1827218 0.1872391 0.1876267 0.1919089 0.1933937 0.1900954 0.1853005 0.177778 0.1719022 0.1689669 0.1672975 0.1670507 0.165784 0.162219 0.1635613 0.1574492 0.1462202 0.1407555 0.1387687 0.137712 0.1379859 0.1424976 0.1531283 0.164628 0.1709313 0.1751208 0.176 0.1771783 0.1805998 0.1815253 0.1826859 0.181896 0.1773639 0.1711486 0.1676807 0.1647884 0.1621744 0.1626447 0.1666636 0.1662031 0.1655253 0.1655253 0.1683834 0.1666827 0.1666034 0.167718 -9999
0.1650313 0.1649184 0.1663765 0.1696426 0.1721451 0.1751766 0.1730884 0.1729184 0.1780335 0.1798757 0.1822513 0.1810547 0.1809184 0.177303 0.1755317 0.1704124 0.1698368 0.1698368 0.1676616 0.1679257 0.1742092 0.1729348 0.1726224 0.1774163 0.185845 0.1857604 0.1787118 0.1728325 0.1686164 0.1604905 0.1590816 0.1590816 0.1611238 0.1582345 0.1588084 0.1565582 0.1502286 0.1456739 0.1469036 0.1421884 0.1357541 0.1317718 0.1366888 0.1488324 0.1599047 0.1672027 0.1686224 0.1686224 0.1698067 0.1701632 0.1739055 0.1769433 0.1763803 0.1700056 0.1631851 0.1597171 0.1579449 0.1593454 0.1658398 0.1650956 0.164 0.164 0.1651009 0.1644458 0.1622619 -9999 -9999
0.1730712 0.1728875 0.1705749 0.1733772 0.1773107 0.1775562 0.1761075 0.176 0.1796927 0.18 0.1836618 0.1862277 0.1864437 0.1828284 0.1802444 0.1786054 0.1784438 0.1784438 0.1770672 0.175517 0.1766958 0.175529 0.1710837 0.1717902 0.1802312 0.1815563 0.1788994 0.1729681 0.1706836 0.1644548 0.161283 0.1608875 0.1601505 0.1607336 0.158877 0.1604448 0.155636 0.1511993 0.1536728 0.1539065 0.1473788 0.1355209 0.1302498 0.1370859 0.1446892 0.1543733 0.1566687 0.1566687 0.1566687 0.1566687 0.1646153 0.1719906 0.1735563 0.1657308 0.1589707 0.15459 0.1535562 0.1564916 0.1616122 0.1637569 0.164 0.164 0.164 -9999 -9999 -9999 -9999
0.1785005 0.1784283 0.1769409 0.174568 0.1736243 0.1758416 0.176 0.176 0.177451 0.1775717 0.1812335 0.1874316 0.1902042 0.1846181 0.1804001 0.1778239 0.1775717 0.1775717 0.1775717 0.1797102 0.1863874 0.1851651 0.177904 0.1726546 0.1788908 0.18 0.1779272 0.1749006 0.1744283 0.1751496 0.1719322 0.1712849 0.1679631 0.1665768 0.1651352 0.1641552 0.1555011 0.1522969 0.155229 0.1592136 0.1594283 0.1484864 0.1374561 0.1377617 0.1434685 0.1523245 0.1544283 0.1563041 0.1531237 0.150143 0.1568547 0.1633613 0.1647151 0.1575431 0.1539718 0.1506054 0.1495717 0.1507251 0.1558359 0.1604761 0.1615717 -9999 -9999 -9999 -9999 -9999 -9999
0.1824128 0.1824128 0.1824128 0.1786429 0.1746583 0.1781519 0.1784128 0.1761761 0.176 0.176 0.1818706 0.1897055 0.1940437 0.187182 0.1806414 0.1742533 0.1735872 0.1735872 0.1757214 0.1795227 0.1862905 0.1815763 0.1759058 0.1703403 0.1764779 0.1775872 0.1762323 0.176 0.176 0.1793681 0.1786697 0.1784128 0.1750911 0.1691122 0.1660149 0.1623118 0.1537738 0.152 0.155229 0.1572751 0.1588561 0.1573056 0.1511451 0.1477502 0.1516192 0.1590673 0.1608257 0.1601879 0.1538511 0.1470958 0.1516742 0.1547887 0.1551743 0.1509879 0.1495872 0.1484102 0.14978 0.1504128 0.1544913 -9999 -9999 -9999 -9999 -9999 -9999 -9999 -9999
0.184 0.184 0.184 0.1802301 0.1762455 0.179739 0.18 0.1762919 0.176 0.176 0.1833235 0.1912926 0.1956308 0.1887692 0.1808001 0.172831 0.172 0.172 0.1755381 0.1795227 0.1835072 0.1770165 0.1725237 0.1685392 0.1748908 0.176 0.176 0.176 0.176 0.1793681 0.18 0.18 0.1766783 0.1693874 0.1647092 0.1607246 0.1534802 0.152 0.155229 0.156 0.156 0.1591826 0.1568328 0.1528483 0.1551363 0.1622417 0.164 0.1609101 0.1538511 0.145882 0.1500871 0.152 0.152 0.1490028 0.148 0.148 0.1509508 0.152 -9999 -9999 -9999 -9999 -9999 -9999 -9999 -9999 -9999
0.184 0.184 0.1817459 0.182338 0.1808632 0.1778233 0.1776181 0.1761181 0.176 0.1781897 0.1857055 0.1936745 0.1980128 0.193304 0.1834203 0.1773475 0.1767639 0.1767639 0.1760882 0.177425 0.1790368 0.1764112 0.1745938 0.172982 0.1755513 0.176 0.1739667 0.1736181 0.1716032 0.1746043 0.1772326 0.1776181 0.1762744 0.1713563 0.1651315 0.1607246 0.1554214 0.1543819 0.1576109 0.1564683 0.1540956 0.1568007 0.1601089 0.1594889 0.1585469 0.1609068 0.1616181 0.1585282 0.1514692 0.1471432 0.1506566 0.152 0.150206 0.1484057 0.148 0.148 -9999 -9999 -9999 -9999 -9999 -9999 -9999 -9999 -9999 -9999 -9999
0.1817422 0.1816335 0.1800876 0.1815396 0.1838548 0.1809461 0.17853 0.1761727 0.176 0.1796772 0.1851572 0.1929261 0.1972644 0.1940181 0.1870933 0.182782 0.1823665 0.1802641 0.1806483 0.182817 0.1851744 0.1834001 0.1810428 0.1786855 0.1783665 0.1763373 0.1746056 0.1723556 0.1686164 0.1673828 0.1666527 0.1665341 0.1684993 0.1695064 0.1649988 0.1587868 0.1543736 0.151714 0.1564064 0.1582224 0.1589525 0.1603992 0.1633198 0.1658646 0.1613747 0.16 0.16 0.1569101 0.15167 0.1503665 0.1516094 0.152 0.1507697 0.1485933 -9999 -9999 -9999 -9999 -9999 -9999 -9999 -9999 -9999 -9999 -9999 -9999 -9999
0.1778327 0.177649 0.1798739 0.18 0.1837545 0.1861976 0.1826274 0.1786429 0.1761806 0.1775159 0.1813107 0.1867985 0.1909288 0.1898075 0.186049 0.1820645 0.181649 0.1822727 0.1858891 0.1940146 0.2006216 0.1979123 0.1877981 0.1828902 0.1783009 0.176235 0.176 0.172601 0.1666277 0.1603013 0.1559453 0.1552979 0.1566673 0.1621965 0.1619413 0.1550982 0.148473 0.1440535 0.149756 0.1582891 0.1650778 0.1682216 0.1687021 0.1681489 0.1635708 0.162351 0.162351 0.1610772 0.1576276 0.1549041 0.1525622 0.152 -9999 -9999 -9999 -9999 -9999 -9999 -9999 -9999 -9999 -9999 -9999 -9999 -9999 -9999 -9999
0.1785192 0.1783356 0.1799107 0.1844025 0.1862334 0.1857082 0.184115 0.182457 0.1786429 0.1783356 0.1798593 0.1815173 0.1852953 0.1877754 0.1822981 0.1801729 0.18 0.1814787 0.1893343 0.1988467 0.2029188 0.1977983 0.1891774 0.1845392 0.179121 0.1743302 0.1716707 0.1679299 0.164513 0.161197 0.1534033 0.152 0.1481209 0.1539414 0.1534074 0.1502675 0.1469515 0.1430911 0.1469082 0.1557643 0.1621933 0.1665115 0.1673289 0.1660174 0.1625282 0.1634867 0.164 0.1621958 0.1603851 0.156941 0.1529565 -9999 -9999 -9999 -9999 -9999 -9999 -9999 -9999 -9999 -9999 -9999 -9999 -9999 -9999 -9999 -9999
0.1823972 0.1823201 0.1801245 0.1853532 0.1835022 0.1817895 0.1838397 0.184 0.1824492 0.1801872 0.18 0.177885 0.1813107 0.1852953 0.1826561 0.180241 0.18 0.1820612 0.1929345 0.1993222 0.1979657 0.1906964 0.1841872 0.1819063 0.1802329 0.1751296 0.1689251 0.164601 0.1620374 0.1636335 0.1558867 0.1543201 0.1476766 0.1490972 0.1444803 0.1433598 0.1452506 0.148081 0.1499963 0.1548833 0.1573431 0.1571705 0.1570397 0.1570397 0.1557225 0.1566704 0.1570397 0.155742 0.1535765 -9999 -9999 -9999 -9999 -9999 -9999 -9999 -9999 -9999 -9999 -9999 -9999 -9999 -9999 -9999 -9999 -9999 -9999
0.1816954 0.1816954 0.1779099 0.1771211 0.1776579 0.1776953 0.1814189 0.1838318 0.184 0.1803228 0.18 0.1784546 0.1777516 0.1813107 0.1816954 0.1822414 0.1823047 0.1858582 0.1928419 0.1951884 0.1918835 0.186419 0.1807457 0.18 0.18 0.1765701 0.1711383 0.1669056 0.1609716 0.1614275 0.1569217 0.156 0.1531842 0.1507043 0.143723 0.1404175 0.1432599 0.1467502 0.1492511 0.1510574 0.1532333 0.1523464 0.1483504 0.1473907 0.1491977 0.1496954 0.1496954 -9999 -9999 -9999 -9999 -9999 -9999 -9999 -9999 -9999 -9999 -9999 -9999 -9999 -9999 -9999 -9999 -9999 -9999 -9999 -9999
0.1755267 0.1754216 0.1738026 0.1720984 0.1757545 0.176 0.1797236 0.1837081 0.184 0.1803228 0.18 0.18 0.1763691 0.1775463 0.1777108 0.1812953 0.1817108 0.1852644 0.1872241 0.1874216 0.1859216 0.1842174 0.1825132 0.1803086 0.1780282 0.1742809 0.1702963 0.168257 0.1631693 0.1584341 0.1562769 0.156 0.156 0.1508015 0.1468958 0.1448883 0.1459727 0.1462892 0.1476703 0.1498391 0.1534873 0.1542892 0.1461422 0.1403925 0.1425579 -9999 -9999 -9999 -9999 -9999 -9999 -9999 -9999 -9999 -9999 -9999 -9999 -9999 -9999 -9999 -9999 -9999 -9999 -9999 -9999 -9999 -9999
0.1721837 0.172 0.1741518 0.1764167 0.1781678 0.1782738 0.1819973 0.1859819 0.1862737 0.1825965 0.1801923 0.18 0.1784331 0.1782738 0.1782738 0.1818582 0.1822737 0.1858273 0.1862737 0.1842713 0.1820064 0.1817263 0.1817263 0.1782654 0.1762394 0.1706204 0.1643709 0.1634525 0.1619923 0.1569046 0.1521885 0.1514525 0.1571171 0.1535406 0.1488062 0.148 0.1498531 0.1502737 0.1502737 0.1516606 0.1533802 0.1537262 0.1478254 0.1399703 -9999 -9999 -9999 -9999 -9999 -9999 -9999 -9999 -9999 -9999 -9999 -9999 -9999 -9999 -9999 -9999 -9999 -9999 -9999 -9999 -9999 -9999 -9999
0.1765966 0.1765166 0.1781649 0.1841566 0.1845166 0.1845166 0.1861379 0.1878729 0.1900848 0.1886571 0.1827875 0.1822583 0.1822583 0.1822583 0.1822583 0.1858428 0.1862583 0.1878056 0.188 0.1844773 0.1824729 0.1802869 0.1780374 0.1781887 0.1782583 0.169462 0.1630988 0.1584203 0.1558314 0.1559184 0.1511875 0.1502583 0.1564728 0.1581687 0.1535345 0.1488182 0.1512599 0.1538317 0.1542583 0.1506297 0.1497417 0.1497417 -9999 -9999 -9999 -9999 -9999 -9999 -9999 -9999 -9999 -9999 -9999 -9999 -9999 -9999 -9999 -9999 -9999 -9999 -9999 -9999 -9999 -9999 -9999 -9999 -9999
0.1822428 0.1822428 0.1822428 0.1876689 0.1901052 0.1902428 0.1902428 0.1881637 0.1916927 0.192 0.1846765 0.184 0.1819642 0.1817572 0.1817572 0.1853417 0.1857572 0.1877497 0.1899838 0.1886954 0.1865191 0.1827511 0.1787665 0.1817037 0.1822428 0.1738762 0.1671567 0.1594448 0.1529621 0.1553681 0.1526473 0.152 0.1534592 0.1552096 0.1559139 0.1512858 0.1516749 0.1552445 0.156 0.1513748 -9999 -9999 -9999 -9999 -9999 -9999 -9999 -9999 -9999 -9999 -9999 -9999 -9999 -9999 -9999 -9999 -9999 -9999 -9999 -9999 -9999 -9999 -9999 -9999 -9999 -9999 -9999
0.1907844 0.1906821 0.1885742 0.1880261 0.1896638 0.1897726 0.1876992 0.1879668 0.1896364 0.1897726 0.1844881 0.1819696 0.1821854 0.1802142 0.18 0.1835845 0.184 0.1875536 0.1895679 0.1897726 0.1901713 0.1867356 0.1827511 0.1837611 0.1820815 0.1768227 0.1691711 0.161202 0.1532329 0.1534926 0.1522869 0.152 0.152 0.152 0.1534584 0.1523211 0.152 0.1552445 -9999 -9999 -9999 -9999 -9999 -9999 -9999 -9999 -9999 -9999 -9999 -9999 -9999 -9999 -9999 -9999 -9999 -9999 -9999 -9999 -9999 -9999 -9999 -9999 -9999 -9999 -9999 -9999 -9999
0.2027179 0.2026358 0.1967571 0.1926539 0.1903477 0.1881443 0.1842764 0.1856576 0.1857881 0.1857881 0.1841512 0.18237 0.183835 0.1823839 0.1802212 0.1816023 0.1817881 0.1853417 0.1877446 0.188 0.1895678 0.1901581 0.1867356 0.1842981 0.1786494 0.1762548 0.1691711 0.161202 0.1551039 0.1542119 0.1542119 0.1542119 0.1542119 0.1542119 0.1542119 0.1542119 0.1524092 -9999 -9999 -9999 -9999 -9999 -9999 -9999 -9999 -9999 -9999 -9999 -9999 -9999 -9999 -9999 -9999 -9999 -9999 -9999 -9999 -9999 -9999 -9999 -9999 -9999 -9999 -9999 -9999 -9999 -9999
0.2076974 0.208 0.2045864 0.200623 0.1966384 0.1906007 0.1864729 0.1861965 0.1841688 0.184 0.1819893 0.1818035 0.1837973 0.184 0.1804001 0.18 0.18 0.1835536 0.1855953 0.1858035 0.1858035 0.1892953 0.1882361 0.1826387 0.1749128 0.1738035 0.1669746 0.1627384 0.1588129 0.1581965 0.1581965 0.1581965 0.1600205 0.1603929 0.1585859 -9999 -9999 -9999 -9999 -9999 -9999 -9999 -9999 -9999 -9999 -9999 -9999 -9999 -9999 -9999 -9999 -9999 -9999 -9999 -9999 -9999 -9999 -9999 -9999 -9999 -9999 -9999 -9999 -9999 -9999 -9999 -9999
0.1967442 0.1970949 0.199159 0.195506 0.1935686 0.1941338 0.1924877 0.1903401 0.1864883 0.184176 0.1803382 0.18 0.1816511 0.1798477 0.1799638 0.1819545 0.182181 0.183797 0.184 0.184 0.184 0.183684 0.1817425 0.1764223 0.1725044 0.1701298 0.1667135 0.166181 0.1627975 0.1603445 0.16 0.16 0.1633217 -9999 -9999 -9999 -9999 -9999 -9999 -9999 -9999 -9999 -9999 -9999 -9999 -9999 -9999 -9999 -9999 -9999 -9999 -9999 -9999 -9999 -9999 -9999 -9999 -9999 -9999 -9999 -9999 -9999 -9999 -9999 -9999 -9999 -9999
0.1878163 0.188 0.1917854 0.18823 0.188 0.1954781 0.196 0.1922919 0.1883073 0.1843228 0.1803382 0.18 0.18 0.1763846 0.1796 0.1835845 0.184 0.184 0.184 0.184 0.184 0.1805083 0.1765237 0.1725392 0.172 0.1685701 0.168 0.168 0.1646164 0.1606319 0.16 -9999 -9999 -9999 -9999 -9999 -9999 -9999 -9999 -9999 -9999 -9999 -9999 -9999 -9999 -9999 -9999 -9999 -9999 -9999 -9999 -9999 -9999 -9999 -9999 -9999 -9999 -9999 -9999 -9999 -9999 -9999 -9999 -9999 -9999 -9999 -9999
0.1836149 0.1836998 0.1854505 0.1817797 0.1835678 0.1911779 0.1916998 0.1899849 0.1841723 0.1819992 0.1781881 0.1778499 0.1778499 0.1761779 0.1796 0.1816577 0.1818499 0.1818499 0.1818499 0.1818499 0.1818499 0.1783582 0.1762422 0.1743995 0.1741501 0.1744075 0.1707796 0.166496 0.1606476 0.1581421 -9999 -9999 -9999 -9999 -9999 -9999 -9999 -9999 -9999 -9999 -9999 -9999 -9999 -9999 -9999 -9999 -9999 -9999 -9999 -9999 -9999 -9999 -9999 -9999 -9999 -9999 -9999 -9999 -9999 -9999 -9999 -9999 -9999 -9999 -9999 -9999 -9999
0.1779634 0.1778654 0.1778654 0.1740954 0.1776199 0.1813527 0.1815961 0.1815961 0.1761814 0.1757307 0.1759772 0.176 0.1740624 0.1738654 0.1774653 0.1778654 0.1778654 0.1797618 0.1781119 0.1778654 0.1778654 0.1725102 0.1717307 0.1717307 0.1735694 0.1772953 0.1728586 0.1670159 -9999 -9999 -9999 -9999 -9999 -9999 -9999 -9999 -9999 -9999 -9999 -9999 -9999 -9999 -9999 -9999 -9999 -9999 -9999 -9999 -9999 -9999 -9999 -9999 -9999 -9999 -9999 -9999 -9999 -9999 -9999 -9999 -9999 -9999 -9999 -9999 -9999 -9999 -9999
