invasiveSpecies/singleSpecies/data/biophysical_var/2050_26/meanndviextent_conservancies_final.asc
ncols         347
nrows         295
xllcorner     36.068012264173
yllcorner     0.13039239511974
cellsize      0.0083333333333333
NODATA_value  -9999
[rows 30 to 59 of 295, columns 268 to 334 of 347]
0.2790441 0.2788604 0.275075 0.2786304 0.2845795 0.28691 0.2879341 0.2758192 0.2627304 0.2498127 0.2433599 0.2447684 0.2413226 0.2409535 0.2400954 0.2319766 0.2310465 0.2176793 0.216 0.2195227 0.2235072 0.2274918 0.2314763 0.2380967 0.238065 0.2369298 0.2409958 0.2493292 0.259212 0.2641355 0.2580621 0.2567674 0.2491776 0.262583 0.2757465 0.2738508 0.2524652 0.2453429 0.2610627 0.2706146 0.2727624 0.2752295 0.2813933 0.2773083 0.264764 0.2602331 0.2598139 0.2614307 0.2633727 0.2622133 0.2533158 0.2575932 0.2757354 0.2765274 0.2609873 0.2390955 0.2279413 0.2216217 0.2177761 0.2169535 0.2198425 0.2209535 0.2266696 0.2339611 0.2381532 -9999 -9999
0.2520744 0.2517515 0.2508346 0.260266 0.2740438 0.2814792 0.2847595 0.2673265 0.2567635 0.2477548 0.2433693 0.2439143 0.2376178 0.2369689 0.234241 0.2322013 0.232 0.2285568 0.2174 0.222192 0.2238806 0.2221999 0.2254142 0.2302371 0.2248506 0.2178467 0.2176718 0.2246117 0.2359643 0.243734 0.2432204 0.2429068 0.2379758 0.2409734 0.2574706 0.2625332 0.2474981 0.2432141 0.2550646 0.2668001 0.2738158 0.2726194 0.2663344 0.2513764 0.237583 0.2347826 0.2347826 0.2472382 0.2532365 0.2439249 0.2363266 0.2485802 0.2733276 0.2815451 0.2701352 0.2550077 0.2385456 0.2281914 0.2231422 0.2198612 0.2219201 0.2230311 0.2265815 0.2336853 0.2388272 -9999 -9999
0.2205195 0.2198752 0.2170213 0.2338538 0.2555698 0.2756755 0.2835152 0.273846 0.2656615 0.2576924 0.2478638 0.2442666 0.2422129 0.2420312 0.2384313 0.2353289 0.2350156 0.2376947 0.2372157 0.2388431 0.2364339 0.2325707 0.2276764 0.2252582 0.2284835 0.2196011 0.2128828 0.2213606 0.2306154 0.2311185 0.2309532 0.2309532 0.2301357 0.2274762 0.2359645 0.243651 0.2417129 0.2336464 0.2367559 0.2523924 0.271978 0.2752168 0.265514 0.2448808 0.2305912 0.2256472 0.2249844 0.235775 0.2466633 0.2413608 0.2382666 0.2531717 0.2677635 0.2739504 0.272018 0.2665893 0.254742 0.2363554 0.2280957 0.2306802 0.2327734 0.2330468 0.2294408 0.2336853 0.2409586 0.2387761 -9999
0.2247353 0.2240006 0.2116976 0.2157119 0.2357104 0.2566291 0.2654463 0.2669266 0.2651535 0.2686776 0.2552687 0.2476191 0.2470001 0.2497118 0.2464004 0.2451043 0.2450005 0.2432234 0.2438845 0.2387157 0.2318619 0.2301267 0.2256545 0.2189433 0.2248905 0.2234276 0.2187322 0.2230986 0.2307671 0.2362105 0.2420297 0.2430007 0.2405093 0.2317346 0.2316455 0.2336374 0.2339997 0.2340002 0.2444949 0.2606582 0.2759931 0.276613 0.273625 0.2611818 0.2415351 0.2291982 0.2270001 0.2362699 0.2459176 0.2464707 0.2414348 0.2505981 0.2532462 0.2537484 0.2584719 0.2614827 0.250934 0.2359923 0.2312701 0.2346306 0.2381669 0.2390001 0.2354277 0.2375535 0.242534 0.2383766 -9999
0.2463688 0.2459082 0.227942 0.2212974 0.220116 0.2303865 0.230219 0.2310943 0.2366791 0.2554676 0.2588233 0.2544129 0.2539694 0.2521894 0.2510862 0.2509847 0.2509847 0.2474311 0.2417046 0.2313415 0.2230162 0.2194252 0.2207575 0.216676 0.2203199 0.2286933 0.2265549 0.2268322 0.2337518 0.2417209 0.2471883 0.248 0.2471569 0.242 0.2409541 0.2433981 0.2439388 0.2447623 0.2554607 0.2708236 0.2764047 0.2785823 0.2766214 0.2665448 0.2475225 0.2359509 0.2339694 0.2432391 0.2498242 0.2464196 0.2411992 0.2445653 0.2497618 0.2465119 0.2398543 0.234418 0.2301418 0.224651 0.2252247 0.2289351 0.2329196 0.2340306 0.2375704 0.2439484 0.246687 0.2455573 0.2428676
0.2550639 0.2549692 0.247282 0.2337094 0.2226117 0.2183145 0.2115739 0.2083397 0.2182495 0.2411556 0.2585703 0.2617671 0.256548 0.2523846 0.2493277 0.2437092 0.2430923 0.2448144 0.2379545 0.2290777 0.223589 0.2168855 0.2194763 0.2216772 0.2202688 0.2302898 0.2311201 0.2284461 0.2347671 0.240236 0.2418947 0.2420615 0.2420615 0.2412095 0.2483592 0.2580765 0.2550372 0.2491217 0.257687 0.2728542 0.278374 0.2774269 0.2738636 0.2659151 0.2506467 0.238411 0.236 0.2383887 0.2421667 0.2437865 0.2386972 0.2355633 0.2366449 0.2311594 0.222422 0.2185943 0.2180615 0.2173051 0.2177832 0.220966 0.2249505 0.2260615 0.2296561 0.2388876 0.2441602 0.2429436 0.241341
0.2529106 0.2530462 0.2520561 0.2452719 0.2308254 0.2196684 0.2115066 0.2072456 0.215305 0.2380633 0.2556048 0.2606925 0.2591469 0.2526686 0.2457417 0.2405242 0.24 0.2488018 0.2428313 0.2348622 0.2278105 0.2199703 0.217296 0.2179514 0.2222797 0.2231123 0.2231386 0.2247596 0.2318133 0.2364143 0.2370462 0.2370462 0.2370462 0.2394877 0.2474424 0.2588723 0.2593409 0.2524649 0.2558719 0.2604083 0.2644292 0.2690991 0.2716028 0.2726787 0.2695801 0.2616186 0.2596303 0.2573485 0.2506697 0.2428847 0.2327116 0.2248283 0.2231386 0.2215708 0.2216883 0.2197171 0.2189538 0.2167862 0.216 0.2167597 0.2220686 0.224 0.2247476 0.231475 0.2348319 0.2323269 0.2311386
0.2491478 0.2490617 0.2574037 0.2541067 0.2361007 0.2237212 0.2182264 0.2114446 0.2156111 0.2326609 0.2487704 0.2618052 0.2629383 0.2530517 0.2448001 0.2430486 0.2429383 0.2535991 0.2504611 0.245419 0.2378006 0.2272665 0.2198467 0.2214806 0.2262365 0.2285475 0.2263068 0.2267788 0.2337055 0.2358323 0.2384628 0.2389383 0.2364982 0.2368775 0.2388086 0.2466051 0.2506414 0.2494627 0.2499187 0.2477627 0.2456846 0.2563495 0.2600257 0.2610832 0.2705238 0.2782825 0.2797533 0.2789332 0.262693 0.2397113 0.2249927 0.2205159 0.222213 0.22514 0.2266681 0.2239721 0.2229383 0.220003 0.2167934 0.2181336 0.2247163 0.2269383 0.2248388 0.2234208 0.2252618 0.2253771 0.2230076
0.2509723 0.2509229 0.256747 0.2588167 0.2401504 0.2277057 0.2259202 0.2184295 0.2188401 0.2255707 0.243477 0.2596624 0.2663834 0.2587185 0.2506459 0.2498457 0.2498457 0.2605065 0.260893 0.2520978 0.249034 0.2382933 0.229816 0.2246428 0.229963 0.2368591 0.2369263 0.2367686 0.2385909 0.2340006 0.2339799 0.2341543 0.2308325 0.2277383 0.2200174 0.2226201 0.231564 0.2357564 0.2363085 0.2377914 0.2419669 0.2486766 0.2432113 0.2321735 0.2422393 0.2687393 0.2752314 0.2752314 0.2635243 0.2452928 0.229414 0.2236331 0.2237341 0.222617 0.2265119 0.2272012 0.2269229 0.2239875 0.220003 0.2175827 0.2207441 0.2221543 0.2172077 0.2144659 0.2169814 0.2202088 0.2162376
0.2579483 0.2578148 0.2533459 0.2541223 0.2408706 0.2315006 0.2282009 0.223279 0.2229074 0.2265846 0.2398931 0.2583281 0.2672617 0.2607692 0.2580334 0.2578148 0.2578148 0.2607267 0.2636643 0.2585529 0.2527164 0.2440627 0.233428 0.2275938 0.2312939 0.2338737 0.2416306 0.2429074 0.23307 0.2220934 0.2179334 0.2174629 0.2141412 0.2101566 0.2019824 0.201265 0.2088732 0.2185165 0.2227173 0.2264913 0.2336739 0.2407737 0.2349857 0.2227765 0.2325451 0.261819 0.2690926 0.2713385 0.2627766 0.2544343 0.2383359 0.2263848 0.2174308 0.2144591 0.2201486 0.2221852 0.2200404 0.2163424 0.2144802 0.2091696 0.2080669 0.2083703 0.206809 0.2061852 0.2090123 0.2129969 0.2126576
0.2600509 0.26 0.255166 0.2494407 0.2378445 0.2323332 0.2309685 0.2298648 0.2297839 0.2308026 0.2418773 0.2584873 0.2646366 0.2578773 0.257108 0.2596996 0.26 0.2625692 0.2638721 0.2604773 0.2555213 0.2428594 0.2306791 0.2306515 0.2293554 0.229108 0.2344142 0.2328667 0.2164516 0.2034359 0.1981875 0.1975402 0.19662 0.1955163 0.1911217 0.187848 0.193844 0.2027118 0.2076612 0.2093223 0.2136242 0.2210135 0.2254732 0.2235969 0.2309021 0.253562 0.2593241 0.262414 0.2585464 0.2518374 0.2327979 0.2160506 0.2077505 0.208383 0.2129157 0.2077823 0.2025894 0.2028493 0.2033241 0.201715 0.201108 0.201108 0.1990417 0.2002713 0.2039352 0.2079197 0.209108
0.26 0.26 0.2562146 0.245749 0.23386 0.2293845 0.2318012 0.2373332 0.237753 0.2324642 0.240352 0.2583309 0.2636308 0.2567692 0.2534112 0.256708 0.2571235 0.2581216 0.258247 0.2572576 0.2536163 0.2441785 0.2349475 0.2297475 0.2232004 0.222247 0.2256615 0.2179593 0.2044426 0.1872985 0.1811413 0.180494 0.1828827 0.1833705 0.1824462 0.1836824 0.1858312 0.1880696 0.1894009 0.1873065 0.1922389 0.2022715 0.2108284 0.2147605 0.2193877 0.2302419 0.232988 0.244966 0.2520523 0.2470055 0.2224848 0.2032581 0.1963578 0.1962123 0.2016199 0.1987379 0.1941727 0.1960589 0.1950237 0.1963356 0.1971235 0.1971235 0.1942654 0.1959661 0.1999507 0.2059572 0.2100109
0.26 0.26 0.2562146 0.2446902 0.2327365 0.228261 0.2317236 0.2394163 0.24 0.2326456 0.2393235 0.2582316 0.2636308 0.2567692 0.2524001 0.2555845 0.256 0.256 0.256 0.256 0.2524928 0.2450165 0.2370474 0.2290783 0.2211092 0.22 0.2234145 0.2138029 0.2018493 0.1831595 0.1766474 0.176 0.1793218 0.18 0.18 0.1832754 0.184 0.184 0.184 0.1807864 0.1863962 0.1975479 0.2063344 0.2111517 0.2151363 0.2222417 0.224 0.2394496 0.2501489 0.245882 0.2196516 0.1998876 0.1929874 0.192 0.1979634 0.1970337 0.1930492 0.1949354 0.1930801 0.1949044 0.196 0.196 0.1931419 0.1948426 0.1988272 0.2056234 0.2107963
0.2545702 0.2543088 0.2451375 0.2386716 0.2323872 0.225601 0.226229 0.239001 0.242627 0.2354912 0.2421691 0.2610771 0.2664765 0.2544708 0.2521155 0.2555845 0.256 0.256 0.253483 0.2506484 0.2492966 0.2471389 0.2349469 0.2213086 0.2101214 0.2086176 0.2120321 0.2072567 0.1961581 0.1870525 0.1775684 0.176 0.1769587 0.1795065 0.1823411 0.1814608 0.1741971 0.1680014 0.1715207 0.1785485 0.1841211 0.1901741 0.1955445 0.1997693 0.2037539 0.206419 0.2069264 0.2179797 0.23832 0.2416975 0.2211364 0.200579 0.1951305 0.1948456 0.1965667 0.1941881 0.1902036 0.1879133 0.1886977 0.1920588 0.1931544 0.1931544 0.1902963 0.191997 0.1959816 0.2047781 0.2107963
0.2497971 0.2491699 0.2404919 0.2388974 0.2377321 0.2354732 0.2274169 0.2337918 0.2380324 0.2387906 0.2487445 0.262732 0.2701998 0.2563685 0.2522831 0.2530483 0.2531699 0.2531699 0.2496317 0.2481396 0.248 0.2430589 0.2284345 0.2100477 0.1971734 0.1930828 0.1960939 0.1956853 0.1925409 0.1886319 0.1803142 0.1788301 0.1764799 0.176967 0.1781323 0.1727469 0.1640363 0.1604419 0.1687427 0.1759234 0.1781052 0.1815224 0.183266 0.1888913 0.193476 0.1943397 0.1943397 0.199237 0.2243759 0.2336739 0.2182319 0.2044569 0.1995287 0.1988301 0.1946108 0.1923023 0.1890492 0.1850646 0.184854 0.1860193 0.1904278 0.192 0.1931863 0.1924804 0.1928269 0.1996156 0.2090929
0.2514202 0.2508147 0.2432439 0.2401619 0.2426419 0.2454457 0.2370788 0.2349336 0.2385074 0.2424919 0.2486466 0.26269 0.2687068 0.2623559 0.2554963 0.2522924 0.252 0.252 0.2509516 0.2508147 0.2434109 0.2353871 0.2180193 0.1982517 0.1876442 0.1877678 0.1914145 0.192 0.1943809 0.1890765 0.1836539 0.1828147 0.1771555 0.1736735 0.175501 0.171754 0.1665888 0.1679124 0.1713146 0.170691 0.1748714 0.1769431 0.1749567 0.1806741 0.1877138 0.1891853 0.1891853 0.1922752 0.2091274 0.2126805 0.2056461 0.2060229 0.203802 0.1964876 0.1926035 0.192 0.1911256 0.1878793 0.1868147 0.1868147 0.1925927 0.1948147 0.1976728 0.1979723 0.1916612 0.1948087 0.2055741
0.2521654 0.252 0.2470782 0.240391 0.2384997 0.2421406 0.2349544 0.2306934 0.2340942 0.2457988 0.250461 0.260281 0.2597498 0.2610471 0.2540009 0.2521247 0.252 0.252 0.252 0.2495348 0.2362248 0.227418 0.2138855 0.1971177 0.1879085 0.1902292 0.1942137 0.1971779 0.1962463 0.1916208 0.1874466 0.1867992 0.1801557 0.1731792 0.1752908 0.1750168 0.1738206 0.1745724 0.1702799 0.170485 0.1749574 0.1737728 0.1700336 0.1732986 0.1828689 0.1873847 0.188 0.1932523 0.2006425 0.1993425 0.1996178 0.2081753 0.2077866 0.1978077 0.190626 0.1933524 0.1968642 0.1946631 0.1935984 0.1935984 0.1993764 0.2015985 0.2024564 0.2008099 0.193497 0.194455 0.2004751
0.2490884 0.2492162 0.2533341 0.2460276 0.2392001 0.2425228 0.2353366 0.2310756 0.2319065 0.2390315 0.2458588 0.2511874 0.2480178 0.2462319 0.2463973 0.2464325 0.2464325 0.2439594 0.2485733 0.2456936 0.2336282 0.2250165 0.2159904 0.1985319 0.1891092 0.193817 0.195822 0.1970335 0.1938327 0.1921921 0.1886473 0.188 0.1836683 0.1761712 0.1757844 0.176 0.1782687 0.1787838 0.1723258 0.1717609 0.1729724 0.1722485 0.1688328 0.1689583 0.1786251 0.186509 0.188 0.1941798 0.2012141 0.2039826 0.2052767 0.2104371 0.211084 0.2038781 0.193529 0.1946519 0.2010044 0.1998484 0.2008159 0.2015675 0.2053349 0.2067838 0.2047947 0.2011574 0.1943457 0.1928549 0.1960125
0.2562484 0.2563049 0.2560164 0.2484601 0.2430894 0.2439197 0.2442839 0.2380305 0.234981 0.2308107 0.2327184 0.2340495 0.2330404 0.2318135 0.235295 0.2381758 0.2384634 0.2349098 0.2439883 0.2465849 0.2411012 0.2309049 0.2153664 0.2007178 0.194262 0.1980227 0.1964052 0.196 0.1972998 0.1952056 0.1914157 0.1907683 0.1851477 0.1796756 0.1764908 0.1737332 0.1742355 0.1744634 0.1724748 0.172 0.1697867 0.1692317 0.1682564 0.168 0.1730677 0.180705 0.1824634 0.1886432 0.1987401 0.2064078 0.2058936 0.2061641 0.2085484 0.2053116 0.1971184 0.1936288 0.1970911 0.199591 0.2008991 0.2032418 0.206889 0.208 0.2051419 0.1972227 0.188809 0.1884093 0.1920279
0.2575 0.2572471 0.2560669 0.2484601 0.2416616 0.2438204 0.2425983 0.240182 0.2363073 0.233707 0.2309856 0.225734 0.227746 0.228 0.2266449 0.2300788 0.2304943 0.231832 0.2353094 0.2368397 0.2383088 0.2352283 0.2221563 0.2074943 0.1996892 0.1974617 0.1938327 0.1955864 0.1970549 0.196197 0.19034 0.1892471 0.1826037 0.1756654 0.1712034 0.1694731 0.1670036 0.1687272 0.1692471 0.1692471 0.166049 0.1674375 0.168 0.168 0.1668194 0.1727359 0.1744943 0.1785476 0.1868489 0.1951066 0.1981342 0.2026622 0.2070126 0.2050028 0.1980366 0.1950752 0.1956729 0.1969152 0.1992567 0.2029044 0.2029125 0.2024943 0.1996362 0.1919227 0.1874842 0.1876295 0.1907963
0.2510183 0.2505252 0.2453441 0.2426704 0.240155 0.2411802 0.2400872 0.24 0.2363073 0.2385165 0.2400875 0.2329196 0.2283887 0.228 0.2244001 0.2226784 0.2225252 0.2260788 0.2241039 0.2261985 0.2300324 0.2329148 0.2299707 0.2203683 0.2049853 0.1946129 0.1921848 0.1907468 0.1858941 0.1827454 0.1801964 0.1797878 0.1776908 0.1751753 0.1691945 0.1657585 0.1642336 0.1672445 0.168 0.1658008 0.1576872 0.1589704 0.1619553 0.1646821 0.1642726 0.1681059 0.1692626 0.1702379 0.1745701 0.1777189 0.1834394 0.1952511 0.2035995 0.2022654 0.1993802 0.1967074 0.1939806 0.1912538 0.1994398 0.2076295 0.2065858 0.2054748 0.2006608 0.1949975 0.1934748 0.195399 0.1951812
0.2406352 0.2398341 0.2219596 0.2235118 0.2338879 0.2447336 0.2479778 0.2431192 0.2415421 0.2401165 0.2436618 0.2391886 0.2314602 0.2282617 0.2219503 0.2176936 0.217278 0.2159953 0.2171113 0.2208007 0.2223986 0.2260479 0.2289217 0.2317766 0.2219725 0.2007058 0.1881499 0.1808441 0.1753695 0.171188 0.1705561 0.1705561 0.1705561 0.1705561 0.1684532 0.1669535 0.166722 0.1655508 0.1674753 0.1625997 0.15386 0.1508511 0.1515681 0.1549859 0.1579683 0.1595532 0.1598341 0.1619368 0.1677227 0.1713597 0.1801582 0.1886526 0.1924812 0.1962336 0.1972781 0.1922933 0.1896133 0.1903376 0.2024016 0.2125309 0.2137989 0.2134439 0.2077277 0.2045356 0.2041659 0.2050642 0.2007448
0.2287989 0.2278805 0.2077294 0.210357 0.2306858 0.252016 0.2571366 0.2499967 0.2444159 0.2428109 0.241413 0.2450487 0.2381513 0.2289051 0.2208001 0.2164155 0.216 0.210042 0.2128316 0.2144326 0.2169601 0.2207853 0.2271219 0.2349217 0.2314405 0.206697 0.184428 0.1767953 0.1726164 0.1709108 0.168438 0.168 0.168 0.168 0.168 0.168 0.168 0.1669508 0.1699355 0.1642794 0.1563103 0.1493704 0.145857 0.1484452 0.1545519 0.156 0.156 0.1590899 0.1640687 0.1704223 0.1790713 0.1843216 0.1852935 0.1872319 0.189898 0.1886686 0.188 0.1929215 0.2024347 0.2130676 0.216 0.216 0.2122177 0.2087831 0.208 0.2060975 0.201593
0.2218566 0.221309 0.2049286 0.2179151 0.2463429 0.2655495 0.2604674 0.250089 0.2444079 0.2415261 0.2425742 0.2524368 0.2485631 0.2323623 0.2186474 0.2137245 0.213309 0.2038111 0.2013954 0.2012358 0.2118216 0.2214989 0.2273049 0.2349217 0.2371904 0.2133725 0.1888952 0.1819831 0.1779985 0.1751162 0.1735939 0.1733821 0.1711473 0.1684667 0.168 0.168 0.1701932 0.170691 0.1695753 0.1672058 0.1645979 0.1577078 0.1507752 0.1504135 0.1548536 0.1580996 0.158691 0.1638597 0.1643198 0.16806 0.1774436 0.1830281 0.184 0.184 0.1849757 0.185309 0.185309 0.1931545 0.2018398 0.2088054 0.2106179 0.2106179 0.2096826 0.2064663 0.205309 0.2043889 0.1993225
0.2125863 0.2119732 0.2018957 0.2277393 0.2644099 0.2741554 0.2610141 0.2463952 0.2391617 0.239891 0.2461111 0.2576145 0.2550447 0.2365986 0.2178678 0.2124155 0.212 0.2037162 0.1920376 0.1930051 0.2050073 0.2171241 0.2267757 0.2349217 0.2394454 0.2228733 0.2018238 0.1907561 0.1859676 0.184236 0.1817842 0.1813512 0.1780294 0.1740449 0.1711499 0.1706756 0.1739355 0.1746756 0.1692867 0.168 0.1701392 0.1664391 0.1611353 0.1600268 0.1589673 0.1597089 0.16 0.1682467 0.1717141 0.1750858 0.1810858 0.1836782 0.1860151 0.1866756 0.1866756 0.1866756 0.1866756 0.1915548 0.1991642 0.2022861 0.2045813 0.2053244 0.2072362 0.203256 0.2013244 0.2013244 0.1976023
0.2032923 0.2026797 0.2001438 0.2201311 0.2539108 0.2647514 0.2578941 0.2449734 0.2341589 0.2370171 0.2495338 0.2591741 0.2563691 0.2403274 0.2254486 0.2156283 0.2146601 0.207553 0.1948606 0.1921576 0.1955244 0.2041727 0.2157884 0.2242812 0.2333875 0.2300841 0.2122479 0.2013837 0.1943466 0.1910804 0.1850778 0.184 0.1806783 0.1766937 0.1727092 0.1741782 0.1757521 0.176 0.169542 0.168 0.1690713 0.1682738 0.1669391 0.1645641 0.1650352 0.1653203 0.1653203 0.1704802 0.1771191 0.1837535 0.1883638 0.1893203 0.1883259 0.188 0.188 0.1860273 0.1833775 0.1856151 0.1905777 0.1958827 0.2002289 0.2013399 0.2022972 0.2007754 0.1981198 0.1936001 0.191083
0.200551 0.2 0.1949944 0.2023127 0.2228832 0.2378872 0.2449667 0.2441037 0.2353635 0.2334594 0.2431603 0.2585911 0.2587698 0.2489639 0.2371342 0.2228106 0.2212894 0.2118327 0.2023696 0.1931085 0.1896811 0.1940302 0.1982443 0.2034101 0.2167461 0.2255799 0.220926 0.2086413 0.1954033 0.1855334 0.1795773 0.1787107 0.1775851 0.176235 0.1727092 0.1731098 0.1733553 0.1712102 0.1663876 0.16748 0.1701145 0.1685404 0.168 0.1669321 0.1677073 0.1700634 0.1706447 0.1737346 0.1807936 0.1887627 0.1936882 0.1926426 0.1889874 0.1899816 0.1906447 0.1876784 0.1817429 0.1809946 0.1842752 0.1892439 0.1935996 0.1947107 0.1966003 0.1973553 0.1926589 0.1869462 0.1853553
0.200551 0.2 0.1924292 0.19577 0.211018 0.2269562 0.2391708 0.2437081 0.2366146 0.2323228 0.2393235 0.2582316 0.26 0.2527692 0.2412002 0.2256621 0.224 0.2133393 0.2049237 0.193432 0.1884928 0.1914918 0.192 0.1954608 0.2097815 0.2222898 0.224 0.2104039 0.1944657 0.1818957 0.1766474 0.176 0.176 0.176 0.1727092 0.172 0.172 0.1687555 0.164771 0.1672136 0.1711981 0.1688174 0.168 0.168 0.168 0.1711208 0.172 0.1750899 0.1821489 0.190118 0.1950435 0.1929719 0.1889874 0.1909972 0.192 0.1890337 0.1820984 0.18 0.1829199 0.1869044 0.190889 0.192 0.1948581 0.196 0.1903457 0.1851883 0.184
0.1952035 0.1947725 0.1872017 0.1905424 0.1984304 0.2114441 0.2307876 0.2407129 0.2388268 0.2325337 0.234538 0.2482387 0.2519175 0.2496528 0.2432911 0.2329603 0.2318413 0.2258247 0.2133687 0.2012733 0.1917506 0.1918239 0.192 0.1931994 0.2004137 0.205111 0.2057037 0.1987707 0.1862216 0.1762552 0.1692291 0.1681587 0.1681587 0.1681587 0.1670182 0.1667725 0.1689026 0.1682618 0.164771 0.1651137 0.1685843 0.1682833 0.1700696 0.1706138 0.1706138 0.1737346 0.1746138 0.1777037 0.1847627 0.1907329 0.191066 0.1897231 0.1883422 0.1929557 0.1946138 0.1916475 0.1866403 0.1833095 0.1817177 0.1842907 0.1863874 0.1867725 0.1914981 0.1952437 0.192193 0.187802 0.1847866
0.1869321 0.1868034 0.1816915 0.1851716 0.1940339 0.198529 0.2114699 0.2235346 0.2292075 0.2318069 0.232 0.2334647 0.2372376 0.2399552 0.241282 0.2412179 0.2411966 0.2422597 0.2351356 0.2167554 0.1993152 0.1971966 0.1994547 0.1997949 0.1987642 0.1896863 0.1815512 0.1792191 0.1732535 0.1676567 0.1644537 0.164 0.1618423 0.159254 0.1566657 0.1583327 0.1620633 0.1649109 0.1621727 0.1614017 0.1645998 0.1654017 0.1685689 0.1694017 0.1714389 0.1751208 0.176 0.181097 0.1867501 0.191059 0.1909335 0.1866644 0.1873586 0.1920475 0.1934017 0.1923622 0.190966 0.1857562 0.1829768 0.1817294 0.1832783 0.184 0.1897162 0.1948426 0.1950093 0.1899602 0.1833874
