invasiveSpecies/multiSpecies/data/current_1960_1990_ASC/worldclim_KE_bio18.asc
ncols         348
nrows         296
xllcorner     36.067913676899
yllcorner     0.12509924133957
cellsize      0.0083333337679505
NODATA_value  -9999
[rows 38 to 75 of 296, columns 252 to 335 of 348]
77 214 213 209 73 205 72 201 200 199 196 196 195 193 194 193 66 192 192 64 189 189 190 189 189 64 190 190 190 62 63 63 63 62 62 61 61 60 60 60 60 60 60 60 60 59 59 59 58 58 58 58 58 58 58 58 58 58 58 57 56 58 57 55 55 55 55 55 55 55 55 55 55 55 55 55 55 55 54 54 54 54 54 54
77 77 210 75 208 205 71 200 198 196 68 195 66 193 193 66 191 64 64 189 189 63 64 63 64 64 63 190 63 62 62 62 62 62 61 61 61 60 60 60 60 60 60 60 59 59 59 58 58 58 58 58 58 58 58 58 58 58 58 56 56 58 57 55 55 55 55 55 55 55 55 55 55 55 55 55 55 55 54 54 54 54 54 54
214 213 75 211 73 203 201 70 69 195 195 193 193 193 192 191 64 64 188 63 64 63 63 63 63 63 62 64 62 61 61 61 61 62 61 61 60 60 59 60 60 59 60 59 59 59 59 58 58 58 58 58 58 58 58 58 58 58 56 56 55 58 55 55 55 55 55 55 55 55 55 55 55 55 55 55 55 55 54 54 54 54 54 54
212 212 210 208 204 201 71 69 196 193 193 193 193 192 191 191 189 188 63 63 63 63 62 62 185 61 61 62 62 61 185 61 61 61 61 60 183 59 59 59 59 59 59 59 59 59 59 58 180 58 58 58 58 58 58 58 58 57 56 56 55 55 55 55 55 55 55 55 55 55 55 55 55 55 55 55 55 55 54 54 54 54 54 54
75 209 207 73 203 201 198 197 195 193 192 193 193 192 191 64 188 64 62 62 63 62 185 61 61 61 61 61 61 185 61 61 61 61 61 60 183 59 59 59 59 59 59 59 59 59 59 58 180 58 58 58 58 58 58 58 58 57 56 56 55 55 55 55 55 55 55 55 55 55 55 55 55 55 55 55 55 55 54 54 54 54 54 54
75 205 73 203 71 200 69 194 193 192 191 192 192 192 191 189 64 64 186 62 62 62 184 61 61 61 61 61 61 61 61 61 61 61 61 60 59 59 59 59 59 59 59 59 59 59 59 180 180 58 58 58 58 58 58 58 58 57 56 56 55 55 55 55 55 55 55 55 55 55 55 55 55 55 55 55 55 55 54 54 54 54 54 54
206 73 200 200 200 198 194 192 191 191 191 191 192 191 191 189 64 188 188 184 184 62 62 61 61 61 61 61 184 61 61 184 61 183 61 181 59 59 180 180 59 59 59 59 59 59 59 58 180 58 58 58 58 58 58 57 57 57 56 56 56 55 55 55 55 55 55 55 55 55 55 55 55 55 55 55 55 55 54 54 54 54 54 54
199 199 71 200 199 197 194 194 191 189 188 188 191 191 191 189 64 188 187 187 62 61 183 61 61 61 61 61 61 61 61 61 61 60 181 59 59 59 180 180 59 59 59 59 59 180 180 180 179 58 58 58 58 57 57 57 57 57 56 56 56 55 55 55 55 55 55 55 55 55 55 55 55 55 55 55 55 55 54 54 54 54 54 54
198 70 197 70 197 69 192 192 191 190 188 188 189 191 190 189 188 187 63 63 62 183 183 61 182 61 183 61 61 61 61 181 59 59 59 180 180 59 179 179 180 59 59 180 180 180 58 58 179 58 58 58 57 57 57 57 57 57 56 56 56 55 55 55 55 55 55 55 55 55 55 55 55 55 55 55 55 55 54 54 54 54 54 53
198 196 196 196 69 192 192 191 190 188 187 65 188 189 189 189 64 187 62 62 183 182 183 61 61 61 61 61 61 181 60 59 59 179 180 179 179 179 179 179 179 180 179 179 179 179 58 58 58 58 58 58 57 57 57 56 56 56 56 56 56 55 55 55 55 55 55 55 55 55 55 55 55 55 55 55 55 55 54 54 54 54 53 53
197 70 195 193 67 191 188 187 188 187 186 186 187 187 188 187 187 62 183 182 182 61 182 60 180 181 181 181 180 60 179 179 179 179 180 180 179 177 177 178 179 179 179 179 179 179 58 58 58 58 58 57 57 56 56 56 56 56 56 56 56 55 55 55 55 55 55 55 55 55 55 55 55 55 55 55 55 55 54 54 54 53 53 53
70 195 69 67 189 65 187 65 187 186 186 186 186 64 187 187 63 183 62 182 182 60 180 60 180 60 60 180 60 60 179 178 178 178 178 179 179 177 58 58 177 58 177 179 177 177 177 179 58 57 177 57 57 56 56 56 56 56 56 56 175 175 55 55 55 55 55 55 55 55 55 55 55 55 55 55 55 55 54 53 53 53 53 53
70 194 191 189 187 186 186 186 185 186 184 186 185 183 63 63 183 62 182 181 182 61 60 61 180 60 60 179 179 178 178 178 177 58 178 178 179 59 58 58 58 58 177 57 57 57 56 56 57 177 57 57 56 56 56 56 56 56 56 175 175 174 55 55 55 55 55 55 55 55 55 55 55 55 55 55 55 54 53 53 53 53 53 53
195 67 67 189 186 185 65 186 185 62 182 182 182 182 182 183 62 181 180 60 60 180 180 180 180 179 178 178 58 58 177 176 176 176 177 177 177 177 177 177 58 58 57 56 56 56 56 56 56 177 57 57 56 56 56 56 56 56 56 174 174 174 174 55 55 55 55 55 55 55 55 55 55 55 55 55 54 54 53 53 53 53 53 53
67 191 189 189 186 185 183 185 184 183 182 182 182 182 62 62 181 60 179 179 60 60 60 179 179 60 178 178 58 176 176 176 176 176 176 176 176 177 177 177 177 57 56 56 56 56 56 56 56 56 56 56 56 56 56 56 56 56 56 174 174 174 174 174 55 55 55 55 55 55 55 55 55 54 54 54 54 54 53 53 53 53 53 53
67 190 67 186 185 185 181 62 62 62 181 181 62 180 62 62 179 179 60 60 60 178 179 60 60 178 178 178 176 58 176 176 176 175 58 176 58 176 58 177 176 56 56 56 56 56 56 56 56 56 56 57 56 175 175 175 56 174 174 174 174 174 174 174 173 55 55 55 55 55 55 54 54 54 54 54 54 54 53 53 53 53 53 53
190 190 187 65 185 183 182 181 181 181 181 62 61 61 179 179 179 60 60 60 60 60 60 178 177 178 178 58 58 176 176 175 175 175 175 57 57 176 176 176 176 56 56 56 56 56 56 56 56 56 56 56 175 175 175 174 174 174 174 174 174 174 174 173 173 55 55 55 54 54 54 54 54 54 54 54 54 54 53 53 53 53 53 169
188 185 186 185 183 182 180 180 180 180 180 61 61 179 178 178 60 60 177 60 60 178 177 176 176 176 177 58 175 175 175 175 175 175 175 175 57 175 175 56 176 175 56 56 56 56 56 56 56 56 56 56 175 174 174 174 174 174 174 174 174 174 174 173 173 55 55 54 54 54 54 54 54 54 54 54 54 54 53 53 53 53 53 53
185 183 182 182 180 180 180 180 180 180 180 61 61 178 178 178 60 60 177 177 177 177 177 59 58 58 58 176 176 175 175 175 175 175 175 175 57 57 56 56 175 175 56 56 56 56 173 173 173 173 56 173 56 174 174 174 174 174 174 174 174 174 173 173 55 54 54 54 54 54 54 54 54 54 54 54 54 54 53 53 53 53 53 53
182 182 181 180 180 179 179 180 178 61 180 61 61 61 178 178 60 60 60 177 177 177 176 175 175 58 175 176 176 175 175 175 175 175 175 175 174 57 56 56 56 56 56 56 173 173 172 172 173 172 172 55 171 174 174 174 174 174 174 174 174 173 173 173 173 54 54 54 54 54 54 54 54 54 54 54 54 54 53 53 53 53 53 53
182 181 180 180 179 179 178 178 61 61 61 61 61 60 178 60 60 60 60 176 175 175 175 175 175 58 175 175 175 175 58 175 175 175 175 174 173 57 56 56 56 56 173 56 173 173 172 172 171 171 55 171 55 174 174 174 56 56 56 55 55 55 55 173 173 54 54 54 54 54 54 54 54 54 54 54 54 54 53 53 53 53 53 53
181 181 180 179 179 179 178 178 61 61 61 61 61 177 177 177 60 60 60 177 175 175 175 175 175 175 175 174 58 58 58 58 58 174 174 174 173 57 56 56 56 56 56 173 172 172 171 171 171 171 171 55 55 173 173 56 56 56 56 55 55 55 55 55 173 54 54 54 54 54 54 54 54 54 54 54 54 53 53 53 53 53 53 53
181 181 180 179 179 178 178 177 177 61 61 61 177 177 177 177 60 60 60 175 175 175 175 175 175 175 174 58 58 174 58 58 58 58 174 173 57 56 56 56 56 172 172 171 171 171 171 171 171 171 171 55 55 56 56 56 56 56 56 55 55 55 55 55 54 171 54 54 54 54 54 54 54 54 54 54 54 53 53 53 53 53 53 53
181 180 179 179 178 177 177 177 61 61 61 177 177 177 177 177 60 60 60 175 175 175 175 175 175 174 174 58 58 58 58 58 58 58 58 173 173 56 56 55 171 55 55 55 55 55 171 171 171 171 171 171 55 56 56 56 56 56 55 55 55 55 55 55 54 54 54 54 54 54 54 54 54 54 54 54 54 53 53 53 53 53 53 53
180 179 178 178 177 177 177 177 61 61 177 177 177 177 177 176 60 175 175 175 175 175 174 174 174 174 174 58 58 58 58 58 58 58 58 57 173 56 55 55 55 55 55 55 55 55 171 171 171 171 171 171 171 54 55 56 56 56 55 55 55 55 55 55 54 54 171 54 54 54 54 54 54 54 54 54 54 53 53 53 53 53 53 53
177 177 177 177 177 177 177 177 177 176 176 176 176 176 176 176 176 175 175 175 175 174 174 174 174 174 174 174 58 58 58 58 58 58 57 57 56 172 55 55 55 55 55 55 55 55 55 171 171 171 171 170 55 54 55 56 56 55 55 55 55 55 55 54 54 54 170 54 54 54 54 54 54 169 169 169 169 169 169 53 53 53 168 53
176 176 176 176 176 176 176 176 61 176 176 176 176 176 176 176 176 174 174 174 174 174 174 174 174 174 174 174 58 58 58 58 58 58 58 57 56 171 55 55 171 171 171 55 55 55 55 171 171 171 170 170 55 54 171 55 55 54 54 54 54 54 54 54 54 54 54 170 54 54 54 54 169 169 169 169 169 169 169 168 168 168 168 168
176 176 176 176 176 176 176 176 176 176 176 176 176 176 60 176 59 174 174 174 174 174 174 174 174 174 173 173 173 58 58 58 58 58 58 57 55 55 171 171 171 171 171 171 171 55 55 171 171 170 170 170 54 54 54 55 54 54 54 54 54 54 54 54 54 54 170 170 54 54 170 169 169 169 169 169 169 168 168 168 168 168 168 168
175 175 176 176 175 176 176 176 176 175 176 176 175 175 60 59 174 174 174 174 174 174 174 174 174 174 173 173 173 58 58 58 58 58 56 55 55 55 171 171 170 171 171 171 171 171 171 171 170 170 170 170 170 54 54 170 54 54 54 54 54 54 54 54 54 54 170 170 54 54 169 169 169 169 169 169 168 168 168 168 168 168 168 167
175 175 175 175 175 175 175 175 175 175 175 175 175 174 59 174 174 174 174 174 174 174 174 174 173 173 173 173 173 173 58 58 58 57 57 55 55 55 170 170 170 170 170 170 170 170 170 170 170 170 170 170 170 170 170 54 54 54 170 54 54 54 54 54 54 170 170 169 54 169 169 169 169 169 169 168 168 168 168 168 168 168 167 -9999
175 175 175 175 175 175 175 175 175 175 175 175 175 174 174 174 174 174 174 174 173 173 173 173 173 173 173 173 173 173 173 58 58 57 55 55 55 55 170 170 170 170 170 170 170 170 170 170 170 170 170 170 170 170 170 169 54 54 54 54 54 54 54 170 54 54 169 169 169 169 169 169 169 169 168 168 168 168 168 168 168 -9999 -9999 -9999
175 175 175 175 175 175 175 175 175 175 175 174 174 174 174 174 174 174 173 173 173 173 173 173 173 173 173 173 173 173 173 58 57 57 56 55 55 55 170 170 170 170 170 170 170 170 170 170 170 170 170 170 170 170 170 169 169 169 54 54 54 54 54 54 54 54 54 169 169 169 169 169 169 168 168 168 168 168 168 -9999 -9999 -9999 -9999 -9999
174 174 174 174 175 175 175 175 175 175 175 174 174 173 173 173 173 173 173 173 173 173 173 173 173 173 173 173 173 173 173 57 57 57 56 55 55 55 170 170 170 170 170 170 170 170 170 170 170 170 170 170 169 169 169 169 169 169 169 169 54 54 169 169 169 54 169 169 169 169 169 168 168 168 168 168 168 168 -9999 -9999 -9999 -9999 -9999 -9999
174 174 174 174 174 175 175 175 175 175 174 173 173 173 173 173 173 173 173 173 173 173 173 173 173 173 173 173 173 172 171 171 171 171 56 56 55 55 55 170 170 170 170 170 170 170 169 169 170 170 169 169 169 169 169 169 169 169 169 169 169 169 169 169 169 169 169 169 169 169 168 168 168 168 168 168 -9999 -9999 -9999 -9999 -9999 -9999 -9999 -9999
174 174 174 174 175 175 174 174 175 175 176 175 173 173 173 173 173 173 173 173 173 173 173 173 173 172 172 173 172 172 171 171 171 171 171 171 171 55 55 170 170 170 169 169 169 169 169 169 169 169 169 169 169 169 169 169 169 169 169 169 169 169 169 169 169 169 169 169 168 168 168 168 168 168 -9999 -9999 -9999 -9999 -9999 -9999 -9999 -9999 -9999 -9999
174 174 174 174 174 174 174 175 175 175 176 176 175 173 173 173 173 173 173 173 173 173 173 172 172 172 172 172 172 172 172 171 171 171 171 171 170 170 170 170 169 169 169 169 169 169 169 169 169 169 169 169 169 169 169 169 169 169 169 169 169 169 169 169 169 168 168 168 168 168 168 54 -9999 -9999 -9999 -9999 -9999 -9999 -9999 -9999 -9999 -9999 -9999 -9999
174 174 174 174 174 174 175 175 175 175 176 176 176 175 175 173 173 173 172 172 172 172 172 172 172 172 172 172 172 172 172 171 171 171 171 171 171 170 169 169 169 169 169 169 169 169 169 169 169 169 169 169 169 169 169 169 169 169 169 169 168 168 168 168 168 168 168 168 168 168 168 -9999 -9999 -9999 -9999 -9999 -9999 -9999 -9999 -9999 -9999 -9999 -9999 -9999
174 174 174 174 174 174 174 174 175 175 176 176 178 177 173 172 172 172 172 172 172 172 172 172 172 172 172 172 172 172 171 171 171 171 171 171 171 171 169 169 169 169 169 169 169 169 169 169 169 169 169 169 169 169 168 168 168 168 168 168 168 54 54 168 168 168 168 168 168 -9999 -9999 -9999 -9999 -9999 -9999 -9999 -9999 -9999 -9999 -9999 -9999 -9999 -9999 -9999
