invasiveSpecies/multiSpecies/data/current_1960_1990_ASC/worldclim_KE_bio4.asc
ncols         348
nrows         296
xllcorner     36.067913676899
yllcorner     0.12509924133957
cellsize      0.0083333337679505
NODATA_value  -9999
[rows 152 to 189 of 296, columns 84 to 167 of 348]
-9999 -9999 -9999 -9999 -9999 -9999 -9999 -9999 -9999 -9999 -9999 -9999 -9999 -9999 -9999 -9999 -9999 -9999 -9999 -9999 -9999 -9999 -9999 -9999 -9999 -9999 -9999 -9999 -9999 -9999 -9999 -9999 -9999 -9999 -9999 -9999 -9999 -9999 -9999 -9999 -9999 758 777 782 782 821 849 814 826 854 882 818 833 856 850 880 850 849 900 868 877 894 865 886 815 807 775 741 759 762 756 750 772 776 765 755 751 769 744 739 716 753 731 734
-9999 -9999 -9999 -9999 -9999 -9999 -9999 -9999 -9999 -9999 -9999 -9999 -9999 -9999 -9999 -9999 -9999 -9999 -9999 -9999 -9999 -9999 -9999 -9999 -9999 -9999 -9999 -9999 -9999 -9999 -9999 -9999 -9999 -9999 -9999 -9999 -9999 -9999 -9999 -9999 -9999 757 745 782 764 807 859 875 831 882 917 838 911 861 884 879 889 862 838 808 839 853 875 859 835 821 796 746 765 763 740 766 766 721 757 760 768 754 753 756 729 730 750 746
-9999 -9999 -9999 -9999 -9999 -9999 -9999 -9999 -9999 -9999 -9999 -9999 -9999 -9999 -9999 -9999 -9999 -9999 -9999 -9999 -9999 -9999 -9999 -9999 -9999 -9999 -9999 -9999 -9999 -9999 -9999 -9999 -9999 -9999 -9999 -9999 -9999 -9999 -9999 -9999 -9999 -9999 747 770 795 799 845 859 846 911 907 942 851 858 900 904 895 832 842 813 857 853 830 824 850 819 791 749 782 726 707 721 755 740 768 765 769 760 758 756 732 748 733 754
-9999 -9999 -9999 -9999 -9999 -9999 -9999 -9999 -9999 -9999 -9999 -9999 -9999 -9999 -9999 -9999 -9999 -9999 -9999 -9999 -9999 -9999 -9999 -9999 -9999 -9999 -9999 -9999 -9999 -9999 -9999 -9999 -9999 -9999 -9999 -9999 -9999 -9999 -9999 -9999 -9999 -9999 747 770 760 843 870 866 831 863 913 892 881 907 896 862 832 815 803 809 863 854 861 896 821 798 757 771 757 774 730 745 755 732 726 726 775 767 774 732 735 725 763 727
-9999 -9999 -9999 -9999 -9999 -9999 -9999 -9999 -9999 -9999 -9999 -9999 -9999 -9999 -9999 -9999 -9999 -9999 -9999 -9999 -9999 -9999 -9999 -9999 -9999 -9999 -9999 -9999 -9999 -9999 -9999 -9999 -9999 -9999 -9999 -9999 -9999 -9999 -9999 -9999 -9999 -9999 738 750 765 823 900 853 835 849 905 900 878 916 890 850 835 790 798 831 887 853 847 834 843 794 795 772 766 752 742 740 752 738 736 737 742 735 765 766 764 761 722 727
-9999 -9999 -9999 -9999 -9999 -9999 -9999 -9999 -9999 -9999 -9999 -9999 -9999 -9999 -9999 -9999 -9999 -9999 -9999 -9999 -9999 -9999 -9999 -9999 -9999 -9999 -9999 -9999 -9999 -9999 -9999 -9999 -9999 -9999 -9999 -9999 -9999 -9999 -9999 -9999 -9999 -9999 734 780 767 790 880 860 802 861 872 914 886 897 857 814 815 798 800 788 821 874 859 850 809 868 807 785 761 768 759 749 758 759 772 727 759 753 752 769 758 743 751 723
-9999 -9999 -9999 -9999 -9999 -9999 -9999 -9999 -9999 -9999 -9999 -9999 -9999 -9999 -9999 -9999 -9999 -9999 -9999 -9999 -9999 -9999 -9999 -9999 -9999 -9999 -9999 -9999 -9999 -9999 -9999 -9999 -9999 -9999 -9999 -9999 -9999 -9999 -9999 -9999 -9999 746 726 793 768 805 884 796 787 815 848 860 878 889 865 830 824 794 818 797 821 860 846 842 807 795 837 803 776 761 746 790 795 769 752 790 777 760 736 768 739 764 753 710
-9999 -9999 -9999 -9999 -9999 -9999 -9999 -9999 -9999 -9999 -9999 -9999 -9999 -9999 -9999 -9999 -9999 -9999 -9999 -9999 -9999 -9999 -9999 -9999 -9999 -9999 -9999 -9999 -9999 -9999 -9999 -9999 -9999 -9999 -9999 -9999 -9999 -9999 -9999 -9999 -9999 757 760 760 788 796 837 801 825 817 830 835 860 870 859 798 788 830 778 805 804 847 822 836 855 811 817 848 800 785 765 822 767 759 730 743 747 753 730 774 737 729 740 710
-9999 -9999 -9999 -9999 -9999 -9999 -9999 -9999 -9999 -9999 -9999 -9999 -9999 -9999 -9999 -9999 -9999 -9999 -9999 -9999 -9999 -9999 -9999 -9999 -9999 -9999 -9999 -9999 -9999 -9999 -9999 -9999 -9999 -9999 -9999 -9999 -9999 -9999 -9999 -9999 743 788 756 747 779 799 780 777 785 796 831 883 872 864 875 829 792 813 794 822 816 819 833 818 828 813 777 791 809 829 816 798 773 753 751 735 747 722 774 762 721 764 714 765
-9999 -9999 -9999 -9999 -9999 -9999 -9999 -9999 -9999 -9999 -9999 -9999 -9999 -9999 -9999 -9999 -9999 -9999 -9999 -9999 -9999 -9999 -9999 -9999 -9999 -9999 -9999 -9999 -9999 -9999 -9999 -9999 -9999 -9999 -9999 -9999 -9999 -9999 -9999 -9999 730 775 772 773 779 775 760 802 775 789 823 868 882 847 827 815 821 808 797 775 809 817 862 819 862 815 816 817 836 796 776 731 736 762 723 712 742 762 774 758 776 741 758 759
-9999 -9999 -9999 -9999 -9999 -9999 -9999 -9999 -9999 -9999 -9999 -9999 -9999 -9999 -9999 -9999 -9999 -9999 -9999 -9999 -9999 -9999 -9999 -9999 -9999 -9999 -9999 -9999 -9999 -9999 -9999 -9999 -9999 -9999 -9999 -9999 -9999 -9999 -9999 -9999 776 777 758 769 734 783 780 803 788 808 821 815 865 857 876 831 830 796 852 817 802 818 830 814 786 837 830 787 812 808 777 748 745 736 737 708 722 732 726 774 709 707 751 756
-9999 -9999 -9999 -9999 -9999 -9999 -9999 -9999 -9999 -9999 -9999 -9999 -9999 -9999 -9999 -9999 -9999 -9999 -9999 -9999 -9999 -9999 -9999 -9999 -9999 -9999 -9999 -9999 -9999 -9999 -9999 -9999 -9999 -9999 -9999 -9999 -9999 -9999 -9999 -9999 755 752 745 786 771 770 837 806 780 801 792 851 846 868 855 810 857 828 832 823 812 810 838 784 803 803 796 827 782 774 767 778 766 734 732 721 708 697 731 723 702 761 720 735
-9999 -9999 -9999 -9999 -9999 -9999 -9999 -9999 -9999 -9999 -9999 -9999 -9999 -9999 -9999 -9999 -9999 -9999 -9999 -9999 -9999 -9999 -9999 -9999 -9999 -9999 -9999 -9999 -9999 -9999 -9999 -9999 -9999 -9999 -9999 -9999 -9999 -9999 -9999 -9999 -9999 747 730 778 788 774 867 836 793 797 856 854 848 862 859 846 831 835 811 837 806 838 805 787 783 809 823 828 811 807 793 760 747 772 758 732 696 719 739 704 761 713 742 704
-9999 -9999 -9999 -9999 -9999 -9999 -9999 -9999 -9999 -9999 -9999 -9999 -9999 -9999 -9999 -9999 -9999 -9999 -9999 -9999 -9999 -9999 -9999 -9999 -9999 -9999 -9999 -9999 -9999 -9999 -9999 -9999 -9999 -9999 -9999 -9999 -9999 -9999 -9999 -9999 -9999 788 738 755 745 780 788 799 783 816 838 863 842 832 850 843 832 811 814 803 794 797 808 783 786 759 792 783 800 768 790 748 747 748 760 752 720 734 715 734 729 767 713 731
-9999 -9999 -9999 -9999 -9999 -9999 -9999 -9999 -9999 -9999 -9999 -9999 -9999 -9999 -9999 -9999 -9999 -9999 -9999 -9999 -9999 -9999 -9999 -9999 -9999 -9999 -9999 -9999 -9999 -9999 -9999 -9999 -9999 -9999 -9999 -9999 -9999 -9999 -9999 -9999 -9999 748 750 782 782 810 753 766 818 790 822 845 832 802 787 872 798 844 831 822 777 818 822 797 793 789 771 807 815 799 753 731 725 717 743 709 767 730 715 726 734 742 718 705
-9999 -9999 -9999 -9999 -9999 -9999 -9999 -9999 -9999 -9999 -9999 -9999 -9999 -9999 -9999 -9999 -9999 -9999 -9999 -9999 -9999 -9999 -9999 -9999 -9999 -9999 -9999 -9999 -9999 -9999 -9999 -9999 -9999 -9999 -9999 -9999 -9999 -9999 -9999 -9999 -9999 742 732 758 778 784 810 796 789 788 825 838 840 819 814 794 794 792 821 819 772 789 777 790 783 800 787 766 822 793 761 777 731 743 747 726 736 724 742 696 731 741 735 693
-9999 -9999 -9999 -9999 -9999 -9999 -9999 -9999 -9999 -9999 -9999 -9999 -9999 -9999 -9999 -9999 -9999 -9999 -9999 -9999 -9999 -9999 -9999 -9999 -9999 -9999 -9999 -9999 -9999 -9999 -9999 -9999 -9999 -9999 -9999 -9999 -9999 -9999 -9999 -9999 -9999 -9999 744 758 757 795 735 819 783 784 801 807 822 834 804 794 814 801 811 794 756 769 797 777 776 781 793 794 779 761 759 758 770 748 722 747 747 761 735 743 698 758 736 748
-9999 -9999 -9999 -9999 -9999 -9999 -9999 -9999 -9999 -9999 -9999 -9999 -9999 -9999 -9999 -9999 -9999 -9999 -9999 -9999 -9999 -9999 -9999 -9999 -9999 -9999 -9999 -9999 -9999 -9999 -9999 -9999 -9999 -9999 -9999 -9999 -9999 -9999 -9999 -9999 -9999 -9999 748 740 760 821 794 740 760 801 797 816 790 801 779 802 832 797 771 753 771 788 785 773 782 790 783 777 771 771 754 729 752 756 734 723 752 735 748 730 752 737 716 715
-9999 -9999 -9999 -9999 -9999 -9999 -9999 -9999 -9999 -9999 -9999 -9999 -9999 -9999 -9999 -9999 -9999 -9999 -9999 -9999 -9999 -9999 -9999 -9999 -9999 -9999 -9999 -9999 -9999 -9999 -9999 -9999 -9999 -9999 -9999 -9999 -9999 -9999 -9999 -9999 -9999 738 729 775 751 737 762 779 779 824 797 786 789 782 825 771 788 772 745 758 748 782 768 764 776 762 792 770 763 776 776 766 758 738 740 731 743 739 769 719 751 737 708 698
-9999 -9999 -9999 -9999 -9999 -9999 -9999 -9999 -9999 -9999 -9999 -9999 -9999 -9999 -9999 -9999 -9999 -9999 -9999 -9999 -9999 -9999 -9999 -9999 -9999 -9999 -9999 -9999 -9999 -9999 -9999 -9999 -9999 -9999 -9999 -9999 -9999 -9999 -9999 -9999 -9999 739 737 736 748 761 772 773 801 825 825 758 765 826 777 764 784 771 758 757 754 755 764 769 782 818 778 792 778 793 742 770 760 757 778 768 762 761 746 742 730 731 736 704
-9999 -9999 -9999 -9999 -9999 -9999 -9999 -9999 -9999 -9999 -9999 -9999 -9999 -9999 -9999 -9999 -9999 -9999 -9999 -9999 -9999 -9999 -9999 -9999 -9999 -9999 -9999 -9999 -9999 -9999 -9999 -9999 -9999 -9999 -9999 -9999 -9999 -9999 -9999 -9999 -9999 754 751 727 737 756 775 773 785 824 803 788 795 758 771 752 778 745 750 758 773 779 772 796 780 792 764 776 781 765 776 780 740 771 741 741 782 725 759 774 763 758 741 718
-9999 -9999 -9999 -9999 -9999 -9999 -9999 -9999 -9999 -9999 -9999 -9999 -9999 -9999 -9999 -9999 -9999 -9999 -9999 -9999 -9999 -9999 -9999 -9999 -9999 -9999 -9999 -9999 -9999 -9999 -9999 -9999 -9999 -9999 -9999 -9999 -9999 -9999 -9999 -9999 -9999 751 734 732 757 725 766 774 750 770 766 761 797 768 756 776 757 770 763 728 743 766 773 770 789 785 794 738 779 784 768 748 780 758 762 735 716 720 739 740 735 748 742 726
-9999 -9999 -9999 -9999 -9999 -9999 -9999 -9999 -9999 -9999 -9999 -9999 -9999 -9999 -9999 -9999 -9999 -9999 -9999 -9999 -9999 -9999 -9999 -9999 -9999 -9999 -9999 -9999 -9999 -9999 -9999 -9999 -9999 -9999 -9999 -9999 -9999 -9999 -9999 -9999 -9999 760 741 774 780 729 748 755 753 789 787 762 777 742 728 730 757 796 740 783 753 777 784 795 801 754 763 761 744 774 749 769 792 741 702 702 738 737 715 727 728 750 735 689
-9999 -9999 -9999 -9999 -9999 -9999 -9999 -9999 -9999 -9999 -9999 -9999 -9999 -9999 -9999 -9999 -9999 -9999 -9999 -9999 -9999 -9999 -9999 -9999 -9999 -9999 -9999 -9999 -9999 -9999 -9999 -9999 -9999 -9999 -9999 -9999 -9999 -9999 -9999 -9999 -9999 716 742 721 744 740 747 715 734 757 741 737 753 740 732 757 778 776 768 803 797 736 748 778 798 774 774 763 769 739 735 760 751 702 709 730 718 743 702 701 713 723 703 735
-9999 -9999 -9999 -9999 -9999 -9999 -9999 -9999 -9999 -9999 -9999 -9999 -9999 -9999 -9999 -9999 -9999 -9999 -9999 -9999 -9999 -9999 -9999 -9999 -9999 -9999 -9999 -9999 -9999 -9999 -9999 -9999 -9999 -9999 -9999 -9999 -9999 -9999 -9999 -9999 -9999 724 753 747 758 740 759 751 739 751 753 744 755 742 777 733 755 753 778 820 775 768 778 744 778 780 763 751 733 763 749 758 723 750 717 702 721 728 712 717 706 734 691 731
-9999 -9999 -9999 -9999 -9999 -9999 -9999 -9999 -9999 -9999 -9999 -9999 -9999 -9999 -9999 -9999 -9999 -9999 -9999 -9999 -9999 -9999 -9999 -9999 -9999 -9999 -9999 -9999 -9999 -9999 -9999 -9999 -9999 -9999 -9999 -9999 -9999 -9999 -9999 -9999 -9999 739 724 740 719 734 760 751 745 733 751 738 758 728 758 736 749 750 774 753 749 762 745 737 762 760 748 762 733 735 772 730 731 728 710 727 729 718 727 713 721 725 731 707
-9999 -9999 -9999 -9999 -9999 -9999 -9999 -9999 -9999 -9999 -9999 -9999 -9999 -9999 -9999 -9999 -9999 -9999 -9999 -9999 -9999 -9999 -9999 -9999 -9999 -9999 -9999 -9999 -9999 -9999 -9999 -9999 -9999 -9999 715 730 -9999 -9999 -9999 -9999 -9999 743 772 733 738 719 720 720 735 724 735 712 750 729 744 729 750 744 753 735 748 755 735 797 744 774 747 762 753 768 744 744 725 712 746 689 716 711 701 715 739 735 705 690
-9999 -9999 -9999 -9999 -9999 -9999 -9999 -9999 -9999 -9999 -9999 -9999 -9999 -9999 -9999 -9999 -9999 -9999 -9999 -9999 -9999 -9999 -9999 -9999 -9999 -9999 -9999 -9999 -9999 -9999 -9999 -9999 -9999 741 765 737 777 -9999 -9999 -9999 -9999 740 738 764 747 734 702 731 733 734 726 720 750 736 727 753 739 740 732 744 758 749 753 755 739 763 743 767 748 740 727 724 728 716 705 725 708 711 744 731 734 717 681 694
-9999 -9999 -9999 -9999 -9999 -9999 -9999 -9999 -9999 -9999 -9999 -9999 -9999 -9999 -9999 -9999 -9999 -9999 -9999 -9999 -9999 -9999 -9999 -9999 -9999 -9999 -9999 -9999 -9999 -9999 -9999 -9999 -9999 758 729 716 721 -9999 -9999 -9999 -9999 730 710 729 750 738 741 737 739 748 731 719 724 740 729 711 734 697 748 734 746 715 734 743 750 765 744 758 725 734 730 714 727 749 729 717 734 747 705 755 750 720 715 693
-9999 -9999 -9999 -9999 -9999 -9999 -9999 -9999 -9999 -9999 -9999 -9999 -9999 -9999 -9999 -9999 -9999 -9999 -9999 -9999 -9999 -9999 -9999 -9999 -9999 -9999 -9999 -9999 -9999 -9999 -9999 -9999 -9999 717 742 731 723 725 -9999 -9999 753 719 719 720 716 714 730 749 718 732 718 697 747 729 710 735 709 743 745 704 710 753 752 719 770 752 762 757 723 714 716 730 710 705 705 695 698 695 701 727 756 750 697 740
-9999 -9999 -9999 -9999 -9999 -9999 -9999 -9999 -9999 -9999 -9999 -9999 -9999 -9999 -9999 -9999 -9999 -9999 -9999 -9999 -9999 -9999 -9999 -9999 -9999 -9999 -9999 -9999 -9999 -9999 -9999 -9999 -9999 734 734 742 740 736 724 -9999 719 760 744 722 696 759 713 718 712 726 713 720 759 729 768 726 741 767 771 716 761 741 738 738 741 758 742 740 743 711 695 727 739 720 688 706 712 690 711 698 746 712 695 662
-9999 -9999 -9999 -9999 -9999 -9999 -9999 -9999 -9999 -9999 -9999 -9999 -9999 -9999 -9999 -9999 -9999 -9999 -9999 -9999 -9999 -9999 -9999 -9999 -9999 -9999 -9999 -9999 -9999 -9999 -9999 -9999 -9999 716 742 705 716 734 724 -9999 -9999 758 706 770 758 732 728 712 705 711 718 705 758 749 721 738 745 767 750 745 736 750 729 742 751 756 737 746 743 702 726 722 714 714 714 709 698 723 706 717 680 710 720 736
-9999 -9999 -9999 -9999 -9999 -9999 -9999 -9999 -9999 -9999 -9999 -9999 -9999 -9999 -9999 -9999 -9999 -9999 -9999 -9999 -9999 -9999 -9999 -9999 -9999 -9999 -9999 -9999 -9999 -9999 -9999 -9999 -9999 730 735 729 716 725 733 712 712 732 726 722 747 754 702 710 736 734 709 711 745 739 749 723 752 727 702 726 738 703 735 726 740 713 734 740 740 705 687 717 693 684 682 715 707 712 725 707 737 739 692 728
-9999 -9999 -9999 -9999 -9999 -9999 -9999 -9999 -9999 -9999 -9999 -9999 -9999 -9999 -9999 -9999 -9999 -9999 -9999 -9999 -9999 -9999 -9999 -9999 -9999 -9999 -9999 -9999 -9999 -9999 -9999 -9999 708 742 728 744 741 730 713 732 732 706 754 729 748 733 721 721 714 721 736 759 727 733 735 721 734 710 716 704 695 739 704 703 745 715 738 730 726 722 698 708 726 685 672 740 686 702 706 728 734 719 693 667
-9999 -9999 -9999 -9999 -9999 -9999 -9999 -9999 -9999 -9999 -9999 -9999 -9999 -9999 -9999 -9999 -9999 -9999 -9999 -9999 -9999 -9999 -9999 -9999 -9999 -9999 -9999 -9999 -9999 -9999 -9999 -9999 736 759 718 732 738 748 765 736 756 746 736 747 726 727 757 725 693 726 738 731 727 747 720 709 709 695 733 729 699 712 704 723 704 717 731 726 714 690 721 717 682 733 707 699 729 735 694 686 692 753 735 736
-9999 -9999 -9999 -9999 -9999 -9999 -9999 -9999 -9999 -9999 -9999 -9999 -9999 -9999 -9999 -9999 -9999 -9999 -9999 -9999 -9999 -9999 -9999 -9999 -9999 -9999 -9999 -9999 -9999 -9999 -9999 -9999 697 755 745 723 743 760 721 711 711 718 710 747 724 726 728 734 712 743 720 722 697 737 734 731 734 708 725 692 724 728 727 727 736 739 711 740 702 692 688 707 686 732 697 671 659 687 711 745 753 725 702 722
-9999 -9999 -9999 -9999 -9999 -9999 -9999 -9999 -9999 -9999 -9999 -9999 -9999 -9999 -9999 -9999 -9999 -9999 -9999 -9999 -9999 -9999 -9999 -9999 -9999 -9999 -9999 -9999 -9999 -9999 -9999 714 717 740 735 763 717 726 721 750 764 758 714 717 741 753 759 739 742 741 698 697 734 730 688 672 715 675 708 725 712 724 716 699 726 722 724 741 731 687 678 676 713 684 703 692 709 713 658 707 701 676 723 730
-9999 -9999 -9999 -9999 -9999 -9999 -9999 -9999 -9999 -9999 -9999 -9999 -9999 -9999 -9999 -9999 -9999 -9999 -9999 -9999 -9999 -9999 -9999 -9999 -9999 -9999 -9999 -9999 -9999 -9999 -9999 731 739 753 745 717 729 725 687 748 714 739 714 736 754 729 734 742 710 715 722 680 675 742 723 725 724 693 720 699 713 688 710 726 707 694 725 703 714 679 716 689 682 676 714 710 701 703 711 699 715 677 674 687
