invasiveSpecies/multiSpecies/data/current_1960_1990_ASC/worldclim_KE_bio4.asc
ncols         348
nrows         296
xllcorner     36.067913676899
yllcorner     0.12509924133957
cellsize      0.0083333337679505
NODATA_value  -9999
[rows 228 to 265 of 296, columns 84 to 167 of 348]
614 664 623 649 645 660 664 -9999 -9999 -9999 -9999 -9999 -9999 -9999 -9999 -9999 -9999 -9999 -9999 -9999 -9999 -9999 -9999 -9999 -9999 -9999 -9999 -9999 -9999 -9999 -9999 -9999 -9999 -9999 -9999 -9999 -9999 -9999 -9999 -9999 -9999 -9999 -9999 -9999 -9999 -9999 -9999 -9999 -9999 -9999 -9999 -9999 645 643 645 661 644 644 651 652 650 674 647 655 659 644 674 641 639 661 682 654 621 659 654 668 666 653 691 664 644 640 654 666
626 629 679 653 650 632 638 614 620 671 -9999 -9999 -9999 -9999 -9999 -9999 -9999 -9999 -9999 -9999 -9999 -9999 -9999 -9999 -9999 -9999 -9999 -9999 -9999 -9999 -9999 -9999 -9999 -9999 -9999 -9999 -9999 -9999 -9999 -9999 -9999 -9999 -9999 -9999 -9999 -9999 -9999 -9999 -9999 -9999 -9999 641 622 642 658 633 669 649 669 653 656 658 675 661 669 634 659 644 651 662 650 676 672 665 655 627 641 630 668 665 670 673 668 691
633 666 640 666 667 634 618 660 622 675 -9999 -9999 -9999 -9999 -9999 -9999 -9999 -9999 -9999 -9999 -9999 -9999 -9999 -9999 -9999 -9999 -9999 -9999 -9999 -9999 -9999 -9999 -9999 -9999 -9999 -9999 -9999 -9999 -9999 -9999 -9999 -9999 -9999 -9999 -9999 -9999 -9999 -9999 -9999 -9999 657 670 620 656 626 631 652 653 652 666 656 673 670 651 644 652 670 636 682 632 637 644 653 704 652 652 626 698 674 675 675 649 712 668
656 639 660 685 646 645 651 613 595 665 637 -9999 -9999 -9999 -9999 -9999 -9999 -9999 -9999 -9999 -9999 -9999 -9999 -9999 -9999 -9999 -9999 -9999 -9999 -9999 -9999 -9999 -9999 -9999 -9999 -9999 -9999 -9999 -9999 -9999 -9999 -9999 -9999 -9999 -9999 -9999 -9999 -9999 -9999 -9999 659 639 654 630 654 651 663 666 639 642 662 680 668 680 660 670 632 653 651 659 650 654 649 688 670 692 640 660 674 661 652 671 687 637
650 644 629 664 642 643 638 622 626 665 621 634 -9999 -9999 -9999 -9999 -9999 -9999 -9999 -9999 -9999 -9999 -9999 -9999 -9999 -9999 -9999 -9999 -9999 -9999 -9999 -9999 -9999 -9999 -9999 -9999 -9999 -9999 -9999 -9999 -9999 -9999 -9999 -9999 -9999 -9999 -9999 -9999 -9999 641 623 633 649 642 662 663 644 652 653 659 653 670 656 653 634 690 687 656 659 634 665 656 649 634 662 686 653 678 649 656 670 684 667 639
634 637 647 634 641 636 650 655 647 644 633 641 -9999 -9999 -9999 -9999 -9999 -9999 -9999 -9999 -9999 -9999 -9999 -9999 -9999 -9999 -9999 -9999 -9999 -9999 -9999 -9999 -9999 -9999 -9999 -9999 -9999 -9999 -9999 -9999 -9999 -9999 -9999 -9999 -9999 -9999 -9999 -9999 643 625 632 638 642 651 640 666 639 650 651 657 659 640 656 660 686 662 630 685 661 645 670 645 656 660 665 673 653 704 662 670 650 670 647 664
631 641 634 648 648 641 613 622 623 655 666 620 -9999 -9999 -9999 -9999 -9999 -9999 -9999 -9999 -9999 -9999 -9999 -9999 -9999 -9999 -9999 -9999 -9999 -9999 -9999 -9999 -9999 -9999 -9999 -9999 -9999 -9999 -9999 -9999 -9999 -9999 -9999 -9999 -9999 -9999 -9999 640 625 642 641 651 641 628 647 678 644 664 649 655 642 655 642 656 662 653 648 661 654 686 646 651 657 677 670 637 649 661 657 656 675 663 666 666
622 622 646 628 628 625 647 625 666 641 644 651 -9999 -9999 -9999 -9999 -9999 -9999 -9999 -9999 -9999 -9999 -9999 -9999 -9999 -9999 -9999 -9999 -9999 -9999 -9999 -9999 -9999 -9999 -9999 -9999 -9999 -9999 -9999 -9999 -9999 -9999 -9999 -9999 -9999 -9999 -9999 632 654 647 645 655 640 650 660 645 651 664 659 656 656 664 683 655 671 660 634 666 640 697 668 662 674 664 640 664 647 648 677 666 671 691 685 671
622 655 655 600 622 647 638 614 630 621 628 644 614 -9999 -9999 -9999 -9999 -9999 -9999 -9999 -9999 -9999 -9999 -9999 -9999 -9999 -9999 -9999 -9999 -9999 -9999 -9999 -9999 -9999 -9999 -9999 -9999 -9999 -9999 -9999 -9999 -9999 -9999 -9999 -9999 -9999 -9999 651 641 653 655 642 640 666 644 664 640 669 632 653 642 669 671 660 652 651 653 649 641 646 684 696 676 661 656 661 676 670 672 703 666 649 671 665
644 623 606 625 654 645 594 641 633 621 574 620 -9999 -9999 -9999 -9999 -9999 -9999 -9999 -9999 -9999 -9999 -9999 -9999 -9999 -9999 -9999 -9999 -9999 -9999 -9999 -9999 -9999 -9999 -9999 -9999 -9999 -9999 -9999 -9999 -9999 -9999 -9999 -9999 -9999 -9999 628 628 643 654 629 685 647 671 645 641 654 619 640 682 660 672 655 673 665 675 658 643 642 646 688 663 638 664 658 685 685 678 680 675 666 666 694 683
594 614 630 614 623 630 620 635 625 607 645 621 -9999 -9999 -9999 -9999 -9999 -9999 -9999 -9999 -9999 -9999 -9999 -9999 -9999 -9999 -9999 -9999 -9999 -9999 -9999 -9999 -9999 -9999 -9999 -9999 -9999 -9999 617 -9999 647 632 -9999 -9999 -9999 612 634 630 632 632 621 639 649 667 634 632 659 626 652 640 668 654 658 654 640 655 646 653 644 652 683 673 658 666 715 660 669 678 664 693 664 693 671 691
620 578 595 608 594 590 603 617 626 620 605 651 626 -9999 -9999 -9999 -9999 -9999 -9999 -9999 -9999 -9999 -9999 -9999 -9999 -9999 -9999 -9999 -9999 -9999 -9999 -9999 -9999 -9999 -9999 627 613 613 618 613 626 652 634 635 629 630 628 642 632 642 660 650 638 659 642 672 631 636 651 656 655 642 650 658 634 653 654 649 630 661 676 690 668 665 665 672 671 659 644 655 681 681 685 665
588 619 634 624 600 612 601 623 601 607 614 609 -9999 -9999 -9999 -9999 -9999 -9999 -9999 -9999 -9999 -9999 -9999 -9999 -9999 -9999 -9999 -9999 -9999 -9999 -9999 -9999 -9999 -9999 628 622 589 626 630 634 655 621 637 634 637 629 633 622 646 633 627 668 674 661 664 664 656 661 666 672 598 668 650 655 673 669 670 646 639 650 648 682 653 668 671 685 666 644 657 679 679 659 667 677
598 599 603 612 591 599 606 606 637 625 607 587 -9999 -9999 -9999 -9999 -9999 -9999 -9999 -9999 -9999 -9999 -9999 -9999 -9999 -9999 -9999 -9999 -9999 -9999 -9999 -9999 -9999 -9999 613 628 617 603 635 618 617 621 642 627 631 616 622 646 641 619 664 624 659 667 674 644 667 677 652 666 646 654 622 632 618 666 666 681 656 664 652 657 671 679 687 676 684 687 673 681 666 665 674 674
608 588 613 584 596 575 608 616 633 569 576 601 -9999 -9999 -9999 -9999 -9999 -9999 -9999 -9999 -9999 -9999 -9999 -9999 -9999 -9999 -9999 -9999 -9999 -9999 -9999 -9999 -9999 -9999 629 602 623 625 624 642 625 618 619 644 628 629 633 634 637 637 621 621 665 657 664 648 667 660 656 632 670 668 636 608 642 679 675 677 644 688 671 660 650 689 676 675 685 645 663 682 669 706 702 693
622 578 608 608 632 596 582 620 629 569 621 615 611 592 603 631 -9999 -9999 -9999 -9999 -9999 -9999 -9999 -9999 -9999 -9999 -9999 -9999 -9999 -9999 -9999 -9999 -9999 618 599 606 621 618 618 652 613 611 618 632 626 629 634 609 633 639 609 634 670 645 650 670 652 672 654 657 685 634 649 664 652 662 668 684 644 661 691 686 671 672 653 686 685 680 656 640 663 709 690 677
573 584 581 608 601 600 596 608 598 624 592 575 584 605 589 609 637 620 585 631 626 608 609 629 -9999 -9999 -9999 -9999 -9999 -9999 -9999 -9999 -9999 -9999 634 624 610 625 606 584 646 604 642 644 610 625 625 615 642 628 618 642 638 653 655 659 674 666 651 668 638 612 660 645 647 634 653 648 685 661 679 665 703 687 672 659 655 666 668 669 693 692 687 692
-9999 -9999 -9999 589 608 589 610 610 596 609 579 574 586 616 603 606 634 621 600 602 603 630 634 594 579 620 595 607 598 602 634 588 -9999 -9999 617 608 616 614 626 595 605 640 598 603 639 621 642 624 631 628 634 647 628 626 634 672 676 669 635 634 639 636 647 652 655 662 649 680 666 675 671 669 675 684 691 671 688 678 654 668 676 692 681 704
-9999 -9999 -9999 -9999 -9999 -9999 595 593 587 614 613 640 585 628 618 605 636 596 627 607 621 581 628 634 617 602 596 625 609 618 625 607 587 605 597 624 606 630 621 630 616 646 613 649 639 618 633 635 630 630 617 618 622 638 664 642 651 667 634 624 618 639 654 666 655 659 661 678 684 672 660 697 651 671 661 668 671 655 666 672 695 676 713 709
-9999 -9999 -9999 -9999 -9999 -9999 -9999 605 588 602 605 580 588 613 606 581 628 585 583 629 591 628 598 582 591 587 592 631 631 582 612 602 615 638 606 606 581 648 620 624 624 637 640 641 650 629 621 616 610 640 624 642 614 649 617 658 655 622 652 628 629 642 644 662 665 640 648 675 684 678 679 673 659 673 680 675 676 685 668 658 693 691 685 696
-9999 -9999 -9999 -9999 -9999 -9999 -9999 603 622 600 601 -9999 579 593 601 607 627 578 595 629 588 620 598 582 565 607 585 602 611 588 588 599 633 629 638 607 630 599 609 606 630 614 626 603 641 600 640 651 618 636 640 606 618 645 640 660 634 634 629 621 662 665 681 670 665 662 663 684 683 679 686 677 673 665 668 680 666 682 663 693 691 693 690 706
-9999 -9999 -9999 -9999 -9999 -9999 -9999 603 575 584 -9999 -9999 566 592 614 589 572 581 596 585 617 591 581 609 606 603 582 617 608 597 611 612 581 605 614 579 610 626 606 599 622 632 636 611 618 614 651 673 629 653 641 642 634 630 658 659 645 634 646 -9999 620 659 674 693 647 644 646 682 679 691 667 693 689 675 684 667 679 687 687 685 713 699 707 702
-9999 -9999 -9999 -9999 -9999 -9999 -9999 -9999 -9999 -9999 -9999 -9999 -9999 578 605 582 587 576 589 611 579 606 580 603 603 617 598 629 595 619 601 634 565 642 587 607 620 630 629 606 636 601 598 603 591 630 632 638 624 618 636 620 663 609 649 671 616 -9999 -9999 -9999 -9999 632 641 665 637 655 677 673 664 696 691 680 701 717 667 670 680 690 692 663 667 686 686 678
-9999 -9999 -9999 -9999 -9999 -9999 -9999 -9999 -9999 -9999 -9999 -9999 -9999 578 584 624 589 605 623 594 593 602 573 628 595 604 611 577 577 616 603 644 603 636 611 620 604 609 622 613 626 624 644 625 632 603 635 633 632 618 642 643 629 626 634 620 -9999 -9999 -9999 -9999 -9999 -9999 655 676 646 677 679 664 622 705 701 678 691 689 679 701 712 675 672 693 667 678 708 699
-9999 -9999 -9999 -9999 -9999 -9999 -9999 -9999 -9999 -9999 -9999 -9999 -9999 -9999 592 591 605 612 595 597 571 596 590 606 593 572 605 608 611 596 596 568 609 625 625 609 602 599 614 581 605 637 595 598 588 582 636 643 653 632 660 643 625 622 635 -9999 -9999 -9999 -9999 -9999 -9999 -9999 -9999 660 686 678 668 682 684 685 672 715 696 648 676 699 684 696 680 655 721 701 698 720
-9999 -9999 -9999 -9999 -9999 -9999 -9999 -9999 -9999 -9999 -9999 -9999 -9999 -9999 -9999 592 575 588 598 587 601 584 595 601 629 607 592 580 616 600 620 588 579 634 577 634 596 610 618 625 617 624 603 607 633 647 595 611 641 612 612 626 666 -9999 -9999 -9999 -9999 -9999 -9999 -9999 -9999 -9999 -9999 676 639 668 654 671 654 696 705 678 678 660 689 701 673 696 676 724 685 676 698 679
-9999 -9999 -9999 -9999 -9999 -9999 -9999 -9999 -9999 -9999 -9999 -9999 -9999 -9999 -9999 583 601 585 584 596 573 602 581 584 589 588 602 585 584 582 596 603 634 567 594 594 589 596 618 643 603 609 619 641 599 647 609 628 639 644 618 677 -9999 -9999 -9999 -9999 -9999 -9999 -9999 -9999 -9999 -9999 -9999 642 665 672 645 655 670 704 704 707 680 719 689 692 696 673 703 690 696 694 678 685
-9999 -9999 -9999 -9999 -9999 -9999 -9999 -9999 -9999 -9999 -9999 -9999 -9999 -9999 -9999 582 585 588 585 582 597 595 -9999 -9999 -9999 -9999 -9999 -9999 557 594 602 616 591 579 598 602 603 594 594 598 598 589 629 588 629 630 608 615 614 609 585 -9999 -9999 -9999 -9999 -9999 -9999 -9999 -9999 -9999 -9999 -9999 -9999 -9999 675 678 674 656 685 688 690 671 688 684 653 655 697 684 674 711 694 670 701 703
-9999 -9999 -9999 -9999 -9999 -9999 -9999 -9999 -9999 -9999 -9999 -9999 -9999 -9999 -9999 -9999 578 605 590 565 584 -9999 -9999 -9999 -9999 -9999 -9999 -9999 -9999 -9999 -9999 598 616 578 621 599 612 619 610 615 624 613 589 631 618 617 637 596 643 622 -9999 -9999 -9999 -9999 -9999 -9999 -9999 -9999 -9999 -9999 -9999 -9999 -9999 -9999 652 691 688 688 678 667 692 696 690 688 706 672 691 705 697 721 719 687 686 656
-9999 -9999 -9999 -9999 -9999 -9999 -9999 -9999 -9999 -9999 -9999 -9999 -9999 -9999 -9999 -9999 581 613 597 -9999 -9999 -9999 -9999 -9999 -9999 -9999 -9999 -9999 -9999 -9999 -9999 558 608 574 626 579 609 631 614 603 609 598 610 602 597 607 616 618 628 594 -9999 -9999 -9999 -9999 -9999 -9999 -9999 -9999 -9999 -9999 -9999 -9999 -9999 -9999 678 665 676 666 648 671 694 704 714 681 640 688 692 681 711 681 708 716 732 700
-9999 -9999 -9999 -9999 -9999 -9999 -9999 -9999 -9999 -9999 -9999 -9999 -9999 -9999 -9999 -9999 -9999 -9999 -9999 -9999 -9999 -9999 -9999 -9999 -9999 -9999 -9999 -9999 -9999 -9999 -9999 -9999 602 588 616 578 572 608 624 612 612 614 611 617 601 593 610 616 598 614 -9999 -9999 -9999 -9999 -9999 -9999 -9999 -9999 -9999 -9999 -9999 -9999 -9999 -9999 641 675 661 684 659 680 649 653 689 710 632 702 677 661 721 716 690 708 686 719
-9999 -9999 -9999 -9999 -9999 -9999 -9999 -9999 -9999 -9999 -9999 -9999 -9999 -9999 -9999 -9999 -9999 -9999 -9999 -9999 -9999 -9999 -9999 -9999 -9999 -9999 -9999 -9999 -9999 -9999 -9999 -9999 604 605 594 636 576 588 611 606 591 629 594 609 595 603 602 582 616 625 -9999 -9999 -9999 -9999 -9999 -9999 -9999 -9999 -9999 -9999 -9999 -9999 -9999 -9999 -9999 675 697 680 668 648 660 704 679 643 691 693 660 661 689 698 704 684 688 707
-9999 -9999 -9999 -9999 -9999 -9999 -9999 -9999 -9999 -9999 -9999 -9999 -9999 -9999 -9999 -9999 -9999 -9999 -9999 -9999 -9999 -9999 -9999 -9999 -9999 -9999 -9999 -9999 -9999 -9999 -9999 -9999 -9999 585 582 556 637 631 613 606 614 616 597 605 614 578 638 625 593 597 -9999 -9999 -9999 -9999 -9999 -9999 -9999 -9999 -9999 -9999 -9999 -9999 -9999 -9999 -9999 676 674 670 687 671 645 696 712 646 654 693 678 678 685 683 714 709 736 703
-9999 -9999 -9999 -9999 -9999 -9999 -9999 -9999 -9999 -9999 -9999 -9999 -9999 -9999 -9999 -9999 -9999 -9999 -9999 -9999 -9999 -9999 -9999 -9999 -9999 -9999 -9999 -9999 -9999 -9999 -9999 -9999 -9999 585 605 579 594 624 595 605 614 587 606 603 577 624 622 610 609 -9999 -9999 -9999 -9999 -9999 -9999 -9999 -9999 -9999 -9999 -9999 -9999 -9999 -9999 -9999 -9999 664 662 684 687 676 681 668 683 693 668 714 640 680 704 693 680 698 703 697
-9999 -9999 -9999 -9999 -9999 -9999 -9999 -9999 -9999 -9999 -9999 -9999 -9999 -9999 -9999 -9999 -9999 -9999 -9999 -9999 -9999 -9999 -9999 -9999 -9999 -9999 -9999 -9999 -9999 -9999 -9999 -9999 -9999 -9999 594 598 641 575 608 581 606 593 602 587 603 608 -9999 -9999 -9999 -9999 -9999 -9999 -9999 -9999 -9999 -9999 -9999 -9999 -9999 -9999 -9999 -9999 -9999 -9999 -9999 649 699 680 686 696 684 668 679 674 692 639 681 674 679 669 715 687 721 687
-9999 -9999 -9999 -9999 -9999 -9999 -9999 -9999 -9999 -9999 -9999 -9999 -9999 -9999 -9999 -9999 -9999 -9999 -9999 -9999 -9999 -9999 -9999 -9999 -9999 -9999 -9999 -9999 -9999 -9999 -9999 -9999 -9999 -9999 574 587 589 607 567 581 568 607 628 634 621 596 -9999 -9999 -9999 -9999 -9999 -9999 -9999 -9999 -9999 -9999 -9999 -9999 -9999 -9999 -9999 -9999 -9999 -9999 -9999 -9999 679 666 701 707 689 693 664 689 652 652 682 658 667 671 692 692 708 673
-9999 -9999 -9999 -9999 -9999 -9999 -9999 -9999 -9999 -9999 -9999 -9999 -9999 -9999 -9999 -9999 -9999 -9999 -9999 -9999 -9999 -9999 -9999 -9999 -9999 -9999 -9999 -9999 -9999 -9999 -9999 -9999 -9999 -9999 575 554 622 618 590 629 563 581 586 594 -9999 -9999 -9999 -9999 -9999 -9999 -9999 -9999 -9999 -9999 -9999 -9999 -9999 -9999 -9999 -9999 -9999 -9999 -9999 -9999 -9999 -9999 635 673 699 714 695 683 678 673 653 666 680 674 653 655 693 682 714 733
-9999 -9999 -9999 -9999 -9999 -9999 -9999 -9999 -9999 -9999 -9999 -9999 -9999 -9999 -9999 -9999 -9999 -9999 -9999 -9999 -9999 -9999 -9999 -9999 -9999 -9999 -9999 -9999 -9999 -9999 -9999 -9999 -9999 -9999 613 581 622 613 590 566 607 582 624 601 -9999 -9999 -9999 -9999 -9999 -9999 -9999 -9999 -9999 -9999 -9999 -9999 -9999 -9999 -9999 -9999 -9999 -9999 -9999 -9999 -9999 -9999 662 649 654 661 690 683 676 658 666 687 664 666 664 674 695 694 672 707
