invasiveSpecies/multiSpecies/data/current_1960_1990_ASC/worldclim_KE_bio6.asc
ncols         348
nrows         296
xllcorner     36.067913676899
yllcorner     0.12509924133957
cellsize      0.0083333337679505
NODATA_value  -9999
[rows 190 to 227 of 296, columns 168 to 251 of 348]
139 138 130 135 135 138 142 143 145 145 146 145 145 145 146 146 146 146 145 145 143 142 142 143 143 147 148 150 149 149 149 148 148 148 148 148 149 149 148 148 148 149 149 150 150 151 151 152 152 151 153 152 153 154 153 153 153 154 154 155 155 155 156 155 156 155 156 156 156 157 157 157 157 158 158 159 159 159 159 159 160 160 159 160
138 137 116 113 137 139 141 144 144 144 145 144 145 145 145 145 146 146 146 145 143 143 143 143 143 147 148 149 148 149 148 148 147 147 148 148 148 148 147 148 148 146 146 150 150 151 151 151 151 151 153 152 153 153 153 152 152 154 154 155 155 155 155 156 154 155 156 156 157 157 157 157 158 158 158 158 158 159 159 160 161 161 162 161
135 135 134 117 131 140 142 143 144 144 145 145 143 143 145 144 146 146 145 145 144 143 143 143 143 147 148 148 148 149 148 147 147 147 147 148 148 148 147 148 149 149 149 150 150 151 151 151 151 151 152 152 153 153 152 152 153 153 154 154 155 155 155 154 155 155 156 156 157 157 157 158 158 159 158 158 160 158 160 161 161 162 162 163
132 134 133 134 138 140 142 143 145 145 143 144 144 143 145 145 145 145 145 145 145 144 144 143 143 144 147 148 148 148 147 146 146 147 146 147 147 147 148 148 149 149 149 150 150 150 150 150 151 151 152 153 152 152 152 152 153 153 154 154 155 155 154 154 156 156 156 156 156 157 157 158 158 158 159 159 160 160 160 161 162 162 163 163
115 130 131 131 139 141 143 143 144 144 144 143 143 143 144 145 145 146 145 144 144 144 144 144 144 139 146 148 148 148 147 146 146 146 146 146 146 147 147 148 149 149 149 150 150 150 150 150 151 151 152 152 153 153 152 152 153 153 154 154 154 154 154 155 156 155 156 156 156 156 157 157 158 159 159 160 159 161 160 161 161 162 162 163
120 114 129 125 139 141 143 143 143 144 144 143 143 143 144 145 144 145 144 143 143 144 145 143 141 145 147 148 148 148 148 146 145 146 146 146 146 146 147 148 149 149 149 149 150 149 150 150 151 151 151 152 152 153 152 152 153 153 153 154 154 154 155 155 156 156 157 157 157 157 157 158 158 159 159 160 160 160 161 161 162 161 162 162
126 110 120 135 139 141 142 143 143 143 143 143 143 142 143 143 144 144 144 144 144 145 145 144 145 146 147 148 148 148 147 146 145 142 145 146 146 146 147 147 148 148 149 149 149 149 150 150 151 151 151 151 152 152 152 152 152 153 154 154 154 155 155 155 155 156 157 156 157 158 158 158 158 159 159 159 161 161 161 161 161 161 162 163
136 136 137 138 140 141 142 142 142 142 143 143 142 142 143 144 144 143 144 144 145 146 146 147 147 147 147 148 147 147 147 147 145 144 144 143 143 143 146 147 147 148 148 149 149 149 150 151 150 151 150 151 152 152 151 152 153 153 154 154 154 155 155 156 156 156 157 157 157 158 158 158 159 159 160 160 161 160 161 161 162 162 162 161
138 139 140 140 141 141 142 142 142 142 142 143 142 142 143 144 143 145 144 144 145 146 147 147 147 147 147 147 147 147 147 146 145 145 144 138 144 145 146 147 148 147 148 149 149 150 150 150 150 150 151 151 151 151 151 152 153 153 154 154 154 155 155 156 156 156 157 157 157 157 158 158 159 159 160 160 160 160 160 160 161 161 161 161
139 140 140 140 140 137 139 140 141 141 142 142 142 143 143 144 144 145 144 145 146 146 146 146 147 147 147 146 147 147 146 146 145 145 144 144 144 145 145 146 147 148 148 149 149 149 150 150 150 150 151 151 151 150 151 152 153 153 154 154 154 155 155 155 156 157 156 157 158 158 158 158 159 159 159 160 158 159 160 161 161 160 161 161
138 139 139 138 129 127 137 140 141 141 142 142 142 142 143 143 144 145 145 145 145 146 145 146 146 146 146 146 147 146 146 146 145 145 144 145 144 144 144 144 146 148 148 148 148 149 149 149 150 150 151 150 151 151 151 152 152 153 154 154 154 155 155 155 156 156 157 157 157 158 158 159 159 159 159 154 156 158 160 161 160 161 161 161
136 118 134 136 130 132 136 138 140 141 141 141 142 142 143 143 144 144 145 145 146 145 146 146 146 146 146 145 146 146 146 145 145 144 144 144 143 143 143 144 146 148 148 148 148 149 149 149 149 149 149 151 151 151 151 152 152 153 154 154 155 155 155 155 156 156 157 157 157 158 158 158 159 159 158 156 158 159 160 160 160 160 160 160
130 119 134 135 133 125 135 139 140 140 141 141 142 142 143 143 143 144 144 145 145 145 146 146 146 146 146 146 146 146 145 145 144 143 142 140 140 141 141 141 145 147 148 149 148 150 150 149 148 149 150 151 151 152 152 152 153 153 154 154 154 155 155 155 155 155 156 157 157 158 158 158 158 158 158 155 157 158 159 159 159 159 160 160
130 132 134 136 135 137 138 139 138 139 140 141 141 142 143 143 143 144 144 144 144 145 145 146 146 146 145 145 146 145 145 144 143 141 140 138 132 139 139 139 145 147 148 148 149 150 150 150 149 149 150 151 151 152 152 152 153 153 154 154 154 154 154 155 155 155 156 157 158 158 157 157 157 158 158 157 157 158 159 160 160 160 160 160
134 135 137 137 138 138 137 137 135 137 137 139 141 142 142 143 143 144 144 144 144 144 144 145 145 146 145 145 145 145 143 143 143 141 139 130 119 137 138 136 145 146 148 148 150 150 150 150 150 150 150 150 151 152 152 152 152 153 154 154 154 154 154 155 155 155 155 156 157 157 157 156 157 158 157 157 158 158 159 160 160 160 161 160
134 136 137 138 137 136 135 121 116 123 136 138 140 141 142 143 143 144 144 143 144 144 144 145 145 145 145 145 145 144 144 143 141 139 138 122 112 116 138 138 145 146 147 149 150 150 150 151 151 151 151 151 151 152 152 151 152 152 152 153 154 154 154 154 155 155 155 156 156 157 156 156 157 157 157 158 158 159 159 160 160 161 161 161
134 136 136 136 135 133 120 114 110 113 135 136 138 140 140 142 143 143 143 143 144 144 144 145 145 145 145 144 145 145 144 143 140 139 137 121 111 129 138 139 144 146 148 149 150 149 151 151 151 151 151 151 151 152 152 152 152 153 153 153 154 154 154 154 155 155 155 155 155 155 155 156 157 157 157 158 158 159 159 160 161 161 161 162
134 135 137 135 134 127 106 105 121 122 126 136 139 139 138 141 142 143 143 143 144 144 144 145 145 145 145 144 144 145 143 142 140 139 136 125 113 123 140 141 144 146 147 149 149 150 150 151 151 151 151 152 152 152 152 152 152 153 153 153 153 154 154 154 154 154 154 154 154 155 155 156 157 157 157 158 158 158 159 160 161 161 161 161
135 136 137 136 133 114 98 95 111 130 120 119 137 139 140 141 142 142 143 143 144 144 144 144 145 145 144 144 144 144 143 143 141 135 136 128 120 128 139 143 145 146 147 149 150 150 151 151 151 151 151 152 152 152 153 153 153 153 153 153 154 154 154 154 154 154 154 155 156 156 157 157 158 158 157 157 158 158 159 160 160 160 160 161
135 136 138 136 133 130 90 94 100 115 133 136 138 139 139 140 141 142 143 143 143 143 144 144 144 144 144 144 143 143 143 142 141 130 123 127 130 138 141 144 145 146 148 148 149 150 150 150 151 151 151 152 152 153 153 153 153 153 153 153 154 154 154 154 154 154 154 155 155 156 157 157 158 159 157 157 158 159 159 159 160 160 161 162
135 138 138 137 135 125 89 89 94 95 128 137 138 139 140 141 141 142 142 143 142 143 144 143 144 144 143 144 143 143 143 143 141 134 125 130 133 141 143 145 146 147 148 148 149 149 149 149 150 150 151 152 152 153 153 153 153 153 154 154 154 154 155 154 154 154 154 155 156 155 155 156 158 159 158 158 158 158 159 160 160 161 161 161
136 137 139 138 136 133 111 87 92 110 136 137 139 140 140 141 142 142 141 142 142 141 143 143 144 144 144 144 143 143 143 142 141 137 136 139 139 142 145 146 147 148 149 149 149 150 149 149 151 150 151 152 152 153 153 153 153 154 154 154 154 155 155 155 155 155 155 155 157 156 156 157 158 159 158 158 159 158 159 159 160 161 161 162
137 138 139 140 138 136 128 119 108 124 135 138 139 140 141 142 142 142 142 143 142 143 143 144 144 144 144 144 144 143 144 142 142 140 141 142 142 143 146 147 148 148 148 149 149 149 148 148 150 151 151 152 152 153 153 153 153 154 155 154 154 155 155 155 155 155 155 155 155 155 156 157 158 159 159 159 159 159 160 160 160 161 161 163
137 138 139 140 138 137 136 133 127 130 137 139 140 141 142 142 143 143 143 143 143 143 143 144 144 144 145 145 144 144 144 143 143 142 141 143 145 146 147 147 148 149 149 149 150 150 149 150 150 151 152 152 152 153 152 153 153 153 153 155 154 155 155 156 155 156 155 154 154 154 153 155 157 158 160 159 160 160 159 160 160 161 162 160
137 138 140 140 140 140 139 138 135 138 139 140 141 142 142 143 143 143 143 143 143 143 143 144 144 144 145 145 144 144 144 143 143 142 144 144 145 145 146 148 148 149 149 149 150 150 150 150 150 151 151 152 152 152 152 153 153 153 154 155 155 155 156 156 156 156 156 154 152 141 146 155 157 159 159 160 159 159 159 159 160 161 161 160
137 139 140 140 141 141 141 139 140 141 141 142 143 143 143 143 143 143 144 144 144 143 144 144 145 145 145 145 145 144 143 142 142 143 144 145 143 144 144 148 149 149 149 150 150 150 150 151 150 150 149 151 150 151 151 152 153 153 153 154 155 155 156 156 156 156 155 156 151 148 148 153 155 159 159 159 159 159 159 158 158 159 160 160
137 139 139 140 141 141 141 142 141 142 143 143 142 143 143 144 144 144 144 144 144 144 144 144 144 145 145 145 145 144 143 140 141 140 139 144 142 144 146 148 149 149 150 150 150 150 152 150 150 150 142 140 147 149 148 152 152 153 153 154 155 155 154 155 156 155 155 156 156 156 154 154 156 158 159 159 158 158 158 158 158 158 159 161
137 138 140 141 142 141 142 143 142 142 143 143 143 143 144 144 144 144 144 145 145 145 144 145 144 145 145 146 145 144 142 140 139 141 142 141 138 144 148 148 149 149 150 150 150 152 151 150 150 151 148 124 136 147 149 152 152 153 153 154 155 155 156 156 155 155 155 155 155 156 155 157 157 158 157 157 157 157 157 157 158 158 159 160
137 139 140 141 142 141 143 143 142 142 143 144 144 144 144 145 145 144 144 145 145 145 145 145 145 145 146 145 145 144 143 143 143 143 143 139 137 143 147 148 149 149 150 150 150 151 151 150 151 150 148 119 127 144 150 152 152 153 153 153 154 155 156 156 155 154 154 154 154 155 157 156 157 156 157 157 157 157 157 157 157 158 159 160
138 139 140 141 141 142 142 142 143 142 143 143 143 144 145 144 145 145 144 145 145 146 145 146 145 145 146 146 145 144 144 144 144 143 143 139 140 146 147 148 148 149 149 150 151 151 151 151 151 152 148 122 129 145 150 152 153 153 154 154 155 155 155 153 151 152 154 154 154 155 155 157 157 156 157 156 157 157 157 157 156 158 158 159
138 139 140 140 141 142 142 142 141 142 142 143 144 144 144 145 145 144 143 145 146 146 146 146 145 145 146 146 145 144 144 144 144 143 142 141 143 145 146 147 148 149 149 150 151 151 151 151 152 151 149 125 144 147 150 152 153 153 154 154 154 155 155 153 152 154 154 154 155 155 155 156 155 156 157 157 156 156 156 156 156 157 158 159
137 138 139 140 141 141 142 142 140 139 141 141 143 144 144 145 145 145 145 145 145 146 146 146 146 147 147 146 146 145 145 144 143 140 136 137 139 144 145 146 147 148 149 150 151 151 151 152 152 152 152 145 139 148 148 152 153 153 154 154 154 153 155 148 154 154 154 153 154 155 154 155 155 155 155 156 156 156 156 156 156 157 158 159
136 137 138 140 141 141 141 139 139 138 139 139 141 142 144 145 146 146 146 146 146 146 147 147 146 147 147 146 146 145 144 143 142 140 137 135 140 143 144 145 147 148 149 150 151 151 151 152 152 152 152 152 147 146 148 150 153 153 153 153 153 153 154 154 154 154 153 154 154 154 154 155 155 156 156 154 156 155 155 155 156 157 159 158
128 137 138 140 140 140 141 136 136 137 136 123 130 142 143 144 145 146 146 146 146 147 147 147 147 147 147 147 146 145 145 141 141 140 129 132 139 142 144 143 146 147 149 150 151 151 151 153 152 153 153 153 152 146 138 145 153 152 153 153 152 153 154 154 154 154 153 154 154 154 154 154 154 154 154 154 154 154 155 156 156 157 157 158
124 137 138 138 140 140 140 131 133 134 136 135 126 138 141 143 144 146 146 146 146 146 146 147 147 147 148 147 146 146 145 143 141 140 125 133 133 140 141 129 139 144 148 150 151 151 151 152 151 152 152 153 152 152 152 152 152 152 152 152 152 152 152 153 153 152 153 153 153 154 154 154 154 154 155 153 153 155 155 155 154 156 157 157
125 133 137 137 139 140 140 138 129 128 135 137 137 141 142 144 144 146 146 145 145 145 146 147 147 148 148 148 145 146 145 144 143 141 139 139 138 138 129 125 128 134 145 150 151 151 152 151 151 151 151 152 152 153 153 152 152 152 152 152 152 152 152 153 152 151 153 153 153 153 153 153 154 153 153 154 154 154 155 155 156 156 156 156
133 134 136 137 138 140 140 137 136 137 139 140 142 143 144 144 145 145 145 146 146 145 145 147 147 148 148 148 147 146 145 144 143 143 142 134 131 125 132 133 129 130 146 150 151 152 151 150 151 151 151 152 152 153 152 152 152 151 152 151 151 152 152 152 152 152 152 152 153 153 153 153 153 153 153 153 152 152 154 155 155 155 155 155
134 134 136 133 136 140 141 141 139 139 140 142 143 143 144 144 144 144 144 145 145 146 145 145 147 148 148 148 148 146 146 147 143 145 145 142 139 129 136 140 144 142 148 150 151 151 150 150 151 151 151 151 153 152 152 152 152 151 151 151 151 150 151 151 151 151 151 152 152 152 152 152 153 153 153 152 152 153 154 155 155 154 153 148
