invasiveSpecies/multiSpecies/data/current_1960_1990_ASC/worldclim_KE_bio2.asc
ncols         348
nrows         296
xllcorner     36.067913676899
yllcorner     0.12509924133957
cellsize      0.0083333337679505
NODATA_value  -9999
[rows 190 to 227 of 296, columns 84 to 167 of 348]
-9999 -9999 -9999 -9999 -9999 -9999 -9999 -9999 -9999 -9999 -9999 -9999 -9999 -9999 -9999 -9999 -9999 -9999 -9999 -9999 -9999 -9999 -9999 -9999 -9999 -9999 -9999 -9999 -9999 -9999 174 174 174 175 174 174 174 175 174 175 174 174 174 174 174 174 174 173 174 173 174 173 173 173 173 173 173 172 172 173 172 172 172 172 172 172 172 172 171 171 170 168 171 171 170 169 169 169 169 169 168 168 168 168
-9999 -9999 -9999 -9999 -9999 -9999 -9999 -9999 -9999 -9999 -9999 -9999 -9999 -9999 -9999 -9999 -9999 -9999 -9999 -9999 -9999 -9999 -9999 -9999 -9999 -9999 -9999 -9999 -9999 -9999 174 174 174 174 174 174 174 175 174 174 174 174 174 174 174 174 174 174 174 173 173 173 173 173 173 173 173 173 173 172 172 172 172 172 172 172 172 171 171 169 168 161 171 171 170 170 169 169 169 169 169 168 168 168
-9999 -9999 -9999 -9999 -9999 -9999 -9999 -9999 -9999 -9999 -9999 -9999 -9999 -9999 -9999 -9999 -9999 -9999 -9999 -9999 -9999 -9999 -9999 -9999 -9999 -9999 -9999 -9999 -9999 -9999 174 174 174 174 174 174 174 174 174 174 174 174 174 174 174 174 174 173 173 173 173 173 173 173 173 173 173 172 172 173 172 172 172 172 172 172 171 172 171 170 167 162 169 170 171 170 170 170 169 169 169 168 168 169
-9999 -9999 -9999 -9999 -9999 -9999 -9999 -9999 -9999 -9999 -9999 -9999 -9999 -9999 -9999 -9999 -9999 -9999 -9999 -9999 -9999 -9999 -9999 -9999 -9999 -9999 -9999 -9999 -9999 -9999 174 175 174 174 174 174 174 174 174 174 174 174 174 174 174 174 173 174 173 173 173 173 173 173 173 173 173 172 172 172 172 172 172 172 172 172 171 171 171 170 165 156 160 165 171 170 170 170 170 170 169 168 168 168
-9999 -9999 -9999 -9999 -9999 -9999 -9999 -9999 -9999 -9999 -9999 -9999 -9999 -9999 -9999 -9999 -9999 -9999 -9999 -9999 -9999 -9999 -9999 -9999 -9999 -9999 -9999 -9999 -9999 -9999 175 174 174 174 174 174 174 174 174 174 174 174 174 174 174 174 174 173 173 173 173 173 173 173 173 173 172 172 172 172 172 172 172 172 172 172 171 171 171 170 164 155 152 152 167 170 169 169 167 169 170 169 168 169
-9999 -9999 -9999 -9999 -9999 -9999 -9999 -9999 -9999 -9999 -9999 -9999 -9999 -9999 -9999 -9999 -9999 -9999 -9999 -9999 -9999 -9999 -9999 -9999 -9999 -9999 -9999 -9999 -9999 174 174 174 174 174 174 174 174 174 174 174 174 174 174 173 174 174 173 173 173 173 173 173 173 173 173 173 172 172 172 172 172 172 172 172 172 172 171 171 170 169 165 158 149 151 159 164 164 156 164 170 170 169 168 169
-9999 -9999 -9999 -9999 -9999 -9999 -9999 -9999 -9999 -9999 -9999 -9999 -9999 -9999 -9999 -9999 -9999 -9999 -9999 -9999 -9999 -9999 -9999 -9999 -9999 -9999 -9999 -9999 -9999 174 174 174 174 174 174 174 174 174 174 174 174 174 174 174 174 173 173 173 173 173 173 173 173 172 173 172 172 172 172 172 172 172 172 172 172 171 172 171 170 169 165 161 153 151 152 158 152 148 157 165 170 169 169 169
-9999 -9999 -9999 -9999 -9999 -9999 -9999 -9999 -9999 -9999 -9999 -9999 -9999 -9999 -9999 -9999 -9999 -9999 -9999 -9999 -9999 -9999 -9999 -9999 -9999 -9999 -9999 -9999 174 174 174 174 174 174 174 174 174 174 174 173 173 174 174 174 174 173 174 173 173 173 173 173 173 172 173 173 172 172 172 172 172 172 172 171 172 172 172 171 171 168 168 164 160 150 144 139 146 151 156 167 170 169 169 169
-9999 -9999 -9999 -9999 -9999 -9999 -9999 -9999 -9999 -9999 -9999 -9999 -9999 -9999 -9999 -9999 -9999 -9999 -9999 -9999 -9999 -9999 -9999 -9999 -9999 -9999 -9999 -9999 174 174 174 174 174 174 174 174 174 174 174 174 174 173 173 173 174 174 173 173 173 173 173 173 173 173 173 172 172 172 172 172 172 172 172 172 172 171 171 171 171 170 168 163 160 156 152 155 155 162 158 168 170 169 169 168
-9999 -9999 -9999 -9999 -9999 -9999 -9999 -9999 -9999 -9999 -9999 -9999 -9999 -9999 -9999 -9999 -9999 -9999 -9999 -9999 -9999 -9999 -9999 -9999 -9999 -9999 -9999 -9999 174 174 174 174 174 174 174 174 174 174 174 173 174 174 173 173 173 173 173 173 173 173 173 173 173 172 173 172 172 172 172 172 172 172 172 172 171 171 171 171 171 169 167 166 162 158 160 163 165 167 165 169 169 169 169 169
-9999 -9999 -9999 -9999 -9999 -9999 -9999 -9999 -9999 -9999 -9999 -9999 -9999 -9999 -9999 -9999 -9999 -9999 -9999 -9999 -9999 -9999 -9999 -9999 -9999 -9999 -9999 -9999 174 174 174 174 174 174 174 174 174 174 174 173 174 174 173 173 174 173 173 173 173 173 173 173 172 172 173 172 172 172 172 172 172 172 172 172 172 172 171 171 171 171 169 169 167 166 166 166 168 169 169 170 169 169 169 169
-9999 -9999 -9999 -9999 -9999 -9999 -9999 -9999 -9999 -9999 -9999 -9999 -9999 -9999 -9999 -9999 -9999 -9999 -9999 -9999 -9999 -9999 -9999 -9999 -9999 -9999 -9999 -9999 174 174 174 174 174 174 174 174 173 174 174 174 173 173 173 173 173 173 173 173 173 173 173 173 172 172 172 172 172 172 172 172 172 172 172 172 171 171 171 171 171 171 171 170 170 169 169 169 169 170 170 170 169 169 169 169
-9999 -9999 -9999 -9999 -9999 -9999 -9999 -9999 -9999 -9999 -9999 -9999 -9999 -9999 -9999 -9999 -9999 -9999 -9999 -9999 -9999 -9999 -9999 -9999 -9999 -9999 -9999 174 174 174 174 174 174 174 174 174 174 174 174 173 173 174 173 173 173 173 173 173 173 173 173 173 172 172 172 172 172 172 172 172 172 172 172 172 171 171 171 171 171 171 171 171 170 170 170 170 170 170 170 169 169 170 169 169
-9999 -9999 -9999 -9999 -9999 -9999 -9999 -9999 -9999 -9999 -9999 -9999 -9999 -9999 -9999 -9999 -9999 -9999 -9999 -9999 -9999 -9999 -9999 -9999 -9999 -9999 -9999 174 174 174 174 174 174 174 174 173 174 174 173 173 173 173 173 173 173 173 173 173 173 173 173 173 172 172 172 172 172 172 172 172 172 172 172 171 172 171 171 171 171 171 171 171 171 170 170 170 167 165 168 170 170 169 169 169
-9999 -9999 -9999 -9999 -9999 -9999 -9999 -9999 -9999 -9999 -9999 -9999 -9999 -9999 -9999 -9999 -9999 -9999 -9999 -9999 -9999 -9999 -9999 -9999 -9999 -9999 -9999 174 174 174 174 174 174 174 174 174 174 173 174 173 173 173 173 173 173 173 173 173 173 173 173 173 173 172 172 172 172 172 172 172 172 172 172 171 172 171 171 171 171 171 171 171 171 170 170 170 169 165 168 170 170 170 169 169
-9999 -9999 -9999 -9999 -9999 -9999 -9999 -9999 -9999 -9999 -9999 -9999 -9999 -9999 -9999 -9999 -9999 -9999 -9999 -9999 -9999 -9999 -9999 -9999 -9999 -9999 -9999 174 174 174 174 174 174 174 173 174 174 173 174 173 173 173 173 173 173 173 173 173 173 173 173 172 172 172 172 172 172 172 172 172 172 171 171 171 171 171 171 171 171 171 171 171 170 171 170 170 167 166 167 170 169 170 169 169
-9999 -9999 -9999 -9999 -9999 -9999 -9999 -9999 -9999 -9999 -9999 -9999 -9999 -9999 -9999 -9999 -9999 -9999 -9999 -9999 -9999 -9999 -9999 -9999 -9999 -9999 -9999 -9999 174 174 174 174 174 174 174 174 173 173 173 173 173 173 173 173 173 173 173 173 173 173 173 172 172 172 172 172 172 172 172 172 172 172 172 171 171 171 171 171 171 171 171 171 170 170 170 170 169 167 169 169 170 169 169 169
-9999 -9999 -9999 -9999 -9999 -9999 -9999 -9999 -9999 -9999 -9999 -9999 -9999 -9999 -9999 -9999 -9999 -9999 -9999 -9999 -9999 -9999 -9999 -9999 -9999 -9999 -9999 -9999 174 174 174 174 174 174 173 173 173 174 174 173 173 173 173 173 173 173 173 173 173 172 173 173 172 172 172 172 172 171 172 172 172 171 172 171 171 171 171 171 171 171 171 171 171 170 170 170 170 169 170 170 170 169 169 169
-9999 -9999 -9999 -9999 -9999 -9999 -9999 -9999 -9999 -9999 -9999 -9999 -9999 -9999 -9999 -9999 -9999 -9999 -9999 -9999 -9999 -9999 -9999 -9999 -9999 -9999 -9999 174 174 174 174 173 174 173 174 173 173 173 173 173 173 173 173 173 173 173 173 173 173 173 172 172 173 172 172 172 172 172 171 172 172 172 171 171 171 171 171 171 171 171 171 171 171 170 170 170 170 170 170 170 169 169 169 169
-9999 -9999 -9999 -9999 -9999 -9999 -9999 -9999 -9999 -9999 -9999 -9999 -9999 -9999 -9999 -9999 -9999 -9999 -9999 -9999 -9999 -9999 -9999 -9999 -9999 -9999 -9999 -9999 173 174 174 174 174 173 173 173 173 173 173 173 173 173 173 173 173 173 173 173 173 173 172 172 172 172 172 172 172 172 172 171 171 171 171 171 171 171 171 171 171 171 171 171 171 170 170 170 170 170 170 169 168 169 169 169
-9999 -9999 -9999 -9999 -9999 -9999 -9999 -9999 -9999 -9999 -9999 -9999 -9999 -9999 -9999 -9999 -9999 -9999 -9999 -9999 -9999 -9999 -9999 -9999 -9999 -9999 -9999 -9999 174 174 174 174 174 173 173 173 173 173 173 173 173 173 173 173 173 173 173 173 172 173 172 172 172 172 172 172 172 172 171 171 172 171 171 171 171 171 171 171 171 171 171 170 171 170 170 170 170 170 170 168 168 169 169 169
-9999 -9999 -9999 -9999 -9999 -9999 -9999 -9999 -9999 -9999 -9999 -9999 -9999 -9999 -9999 -9999 -9999 -9999 -9999 -9999 -9999 -9999 -9999 -9999 -9999 -9999 -9999 -9999 173 173 173 173 174 173 173 173 173 173 173 173 173 173 173 173 173 173 172 172 172 172 172 172 172 172 172 172 172 172 171 171 171 171 171 171 171 171 171 171 171 171 171 170 170 170 170 170 170 170 170 169 167 169 169 169
-9999 -9999 -9999 -9999 -9999 -9999 -9999 -9999 -9999 -9999 -9999 -9999 -9999 -9999 -9999 -9999 -9999 -9999 -9999 -9999 -9999 -9999 -9999 -9999 -9999 -9999 -9999 173 173 174 173 173 174 173 173 173 173 173 173 173 173 173 173 173 173 173 173 172 172 172 172 172 172 172 172 172 172 172 171 171 171 171 171 171 171 171 171 171 171 171 171 170 170 170 170 170 170 169 169 169 167 169 169 169
-9999 -9999 -9999 -9999 -9999 -9999 -9999 -9999 -9999 -9999 -9999 -9999 -9999 -9999 -9999 -9999 -9999 -9999 -9999 -9999 -9999 -9999 -9999 -9999 -9999 172 173 173 173 173 173 173 173 173 173 173 173 173 173 173 173 173 173 173 173 173 172 173 172 172 172 172 172 172 172 172 172 171 171 171 171 171 171 171 171 171 171 171 171 171 170 170 170 170 170 170 170 170 167 167 163 169 169 169
-9999 -9999 -9999 -9999 -9999 -9999 -9999 -9999 -9999 -9999 -9999 -9999 -9999 -9999 -9999 -9999 -9999 -9999 -9999 -9999 -9999 -9999 -9999 -9999 -9999 171 173 173 173 173 173 173 173 173 173 173 173 173 173 173 173 173 173 173 173 173 173 172 172 172 172 172 172 172 172 172 171 171 171 171 171 171 171 171 171 171 171 171 171 170 170 170 171 170 170 170 170 167 163 165 165 169 169 169
-9999 -9999 -9999 -9999 -9999 -9999 -9999 -9999 -9999 -9999 -9999 -9999 -9999 -9999 -9999 -9999 -9999 -9999 -9999 -9999 -9999 -9999 -9999 -9999 -9999 -9999 173 173 173 173 174 173 173 173 173 173 173 173 173 173 173 173 173 173 173 173 172 172 172 172 172 172 172 172 172 172 172 171 171 171 171 171 171 171 171 171 171 171 171 171 170 170 170 170 170 170 170 169 165 167 165 169 169 169
-9999 -9999 -9999 -9999 -9999 -9999 -9999 -9999 -9999 -9999 -9999 -9999 -9999 -9999 -9999 -9999 -9999 -9999 -9999 -9999 -9999 -9999 -9999 -9999 -9999 -9999 172 173 173 173 173 173 173 173 173 173 173 173 173 172 173 172 173 173 173 172 172 172 172 172 172 172 172 172 172 172 171 171 171 171 171 171 171 171 171 171 171 171 171 171 170 170 170 170 170 170 170 169 167 169 167 169 169 169
-9999 -9999 -9999 -9999 -9999 -9999 -9999 -9999 -9999 -9999 -9999 -9999 -9999 -9999 -9999 -9999 -9999 -9999 -9999 -9999 -9999 -9999 -9999 -9999 -9999 171 173 173 173 173 173 173 173 173 173 173 173 173 173 -9999 -9999 172 172 172 173 173 173 172 172 172 172 172 172 171 171 171 171 171 171 171 171 171 171 171 171 171 171 171 171 171 170 170 170 170 170 170 170 169 169 169 168 169 169 169
-9999 -9999 -9999 -9999 -9999 -9999 -9999 -9999 -9999 -9999 -9999 -9999 -9999 -9999 -9999 -9999 -9999 -9999 -9999 -9999 -9999 -9999 -9999 -9999 172 172 172 173 173 173 173 173 173 173 173 173 -9999 -9999 -9999 -9999 -9999 -9999 -9999 172 172 172 172 172 172 172 172 172 172 171 171 171 171 171 171 171 171 171 171 171 171 171 170 171 171 170 170 170 170 170 170 170 170 170 170 169 169 169 169 169
-9999 -9999 -9999 -9999 -9999 -9999 -9999 -9999 -9999 -9999 -9999 -9999 -9999 -9999 -9999 -9999 -9999 -9999 -9999 -9999 -9999 -9999 -9999 -9999 172 173 173 173 173 173 173 173 173 173 -9999 -9999 -9999 -9999 -9999 -9999 -9999 -9999 -9999 172 172 173 172 172 172 172 172 172 172 172 171 171 171 171 171 170 171 171 171 171 171 171 171 171 170 170 170 170 170 170 170 170 170 170 170 169 169 169 169 169
-9999 -9999 -9999 -9999 -9999 -9999 -9999 -9999 -9999 -9999 -9999 -9999 -9999 -9999 -9999 -9999 -9999 -9999 -9999 -9999 -9999 -9999 -9999 -9999 173 172 173 173 173 173 173 -9999 -9999 -9999 -9999 -9999 -9999 -9999 -9999 -9999 -9999 -9999 -9999 -9999 -9999 -9999 172 172 172 172 172 172 172 172 171 171 171 171 171 170 171 171 171 171 171 171 171 171 170 170 170 170 170 170 170 170 170 170 170 170 169 169 169 169
-9999 -9999 -9999 -9999 -9999 -9999 -9999 -9999 -9999 -9999 -9999 -9999 -9999 -9999 -9999 -9999 -9999 -9999 -9999 -9999 -9999 -9999 -9999 -9999 173 173 173 -9999 173 -9999 -9999 -9999 -9999 -9999 -9999 -9999 -9999 -9999 -9999 -9999 -9999 -9999 -9999 -9999 -9999 -9999 -9999 172 172 172 172 172 171 172 171 171 171 171 171 171 170 171 171 171 171 171 171 171 171 171 170 170 170 170 170 170 170 169 170 169 169 169 169 169
-9999 -9999 -9999 -9999 -9999 -9999 -9999 -9999 -9999 -9999 -9999 -9999 -9999 -9999 -9999 -9999 -9999 -9999 -9999 -9999 -9999 -9999 -9999 -9999 -9999 -9999 -9999 -9999 -9999 -9999 -9999 -9999 -9999 -9999 -9999 -9999 -9999 -9999 -9999 -9999 -9999 -9999 -9999 -9999 -9999 -9999 -9999 -9999 -9999 -9999 -9999 -9999 -9999 171 171 171 171 171 171 171 171 170 170 171 170 170 171 170 170 170 171 170 170 170 170 170 170 170 170 169 169 169 169 169
-9999 -9999 -9999 -9999 -9999 -9999 -9999 -9999 -9999 -9999 -9999 -9999 -9999 -9999 -9999 -9999 -9999 -9999 -9999 -9999 -9999 -9999 -9999 -9999 -9999 -9999 -9999 -9999 -9999 -9999 -9999 -9999 -9999 -9999 -9999 -9999 -9999 -9999 -9999 -9999 -9999 -9999 -9999 -9999 -9999 -9999 -9999 -9999 -9999 -9999 -9999 -9999 -9999 172 171 171 171 171 171 171 171 171 170 170 170 170 170 170 171 170 170 170 170 170 170 170 170 170 169 169 170 169 169 169
-9999 -9999 -9999 -9999 -9999 -9999 -9999 -9999 -9999 -9999 -9999 -9999 -9999 -9999 -9999 -9999 -9999 -9999 -9999 -9999 -9999 -9999 -9999 -9999 -9999 -9999 -9999 -9999 -9999 -9999 -9999 -9999 -9999 -9999 -9999 -9999 -9999 -9999 -9999 -9999 -9999 -9999 -9999 -9999 -9999 -9999 -9999 -9999 -9999 -9999 -9999 -9999 -9999 172 172 171 171 171 171 171 171 171 170 170 171 171 171 171 170 170 170 170 170 170 170 170 170 169 170 170 169 169 168 169
-9999 -9999 -9999 -9999 -9999 -9999 -9999 -9999 -9999 -9999 -9999 -9999 -9999 -9999 -9999 -9999 -9999 -9999 -9999 -9999 -9999 -9999 -9999 -9999 -9999 -9999 -9999 -9999 -9999 -9999 -9999 -9999 -9999 -9999 -9999 -9999 -9999 -9999 -9999 -9999 -9999 -9999 -9999 -9999 -9999 -9999 -9999 -9999 -9999 -9999 -9999 -9999 -9999 172 172 172 171 171 171 171 171 171 171 170 170 170 170 170 170 170 170 170 170 170 170 170 170 170 170 170 169 169 169 168
-9999 -9999 -9999 -9999 -9999 -9999 -9999 -9999 -9999 -9999 -9999 -9999 -9999 -9999 -9999 -9999 -9999 -9999 -9999 -9999 -9999 -9999 -9999 -9999 -9999 -9999 -9999 -9999 -9999 -9999 -9999 -9999 -9999 -9999 -9999 -9999 -9999 -9999 -9999 -9999 -9999 -9999 -9999 -9999 -9999 -9999 -9999 -9999 -9999 -9999 -9999 -9999 -9999 172 172 172 172 171 171 171 171 171 171 171 170 170 171 170 170 170 170 170 170 170 170 170 170 170 170 169 169 169 169 169
-9999 165 -9999 -9999 -9999 -9999 -9999 -9999 -9999 -9999 -9999 -9999 -9999 -9999 -9999 -9999 -9999 -9999 -9999 -9999 -9999 -9999 -9999 -9999 -9999 -9999 -9999 -9999 -9999 -9999 -9999 -9999 -9999 -9999 -9999 -9999 -9999 -9999 -9999 -9999 -9999 -9999 -9999 -9999 -9999 -9999 -9999 -9999 -9999 -9999 -9999 -9999 172 172 172 172 172 172 172 171 171 171 171 171 170 170 171 171 171 170 170 170 170 170 170 170 170 170 169 170 169 169 169 169
