invasiveSpecies/multiSpecies/data/current_1960_1990_ASC/worldclim_KE_bio6.asc
ncols         348
nrows         296
xllcorner     36.067913676899
yllcorner     0.12509924133957
cellsize      0.0083333337679505
NODATA_value  -9999
[rows 190 to 227 of 296, columns 84 to 167 of 348]
-9999 -9999 -9999 -9999 -9999 -9999 -9999 -9999 -9999 -9999 -9999 -9999 -9999 -9999 -9999 -9999 -9999 -9999 -9999 -9999 -9999 -9999 -9999 -9999 -9999 -9999 -9999 -9999 -9999 -9999 118 119 116 111 102 102 102 109 110 111 111 112 112 114 113 112 113 114 115 115 115 116 116 115 115 116 117 118 117 117 117 116 116 116 117 115 116 115 112 113 103 101 110 123 134 136 138 138 139 140 140 140 141 140
-9999 -9999 -9999 -9999 -9999 -9999 -9999 -9999 -9999 -9999 -9999 -9999 -9999 -9999 -9999 -9999 -9999 -9999 -9999 -9999 -9999 -9999 -9999 -9999 -9999 -9999 -9999 -9999 -9999 -9999 119 116 108 102 102 104 105 109 109 110 110 111 113 114 113 112 113 114 115 116 117 117 117 116 116 117 117 118 117 116 116 116 116 116 116 116 115 115 114 103 99 86 112 113 123 130 134 136 133 137 139 140 140 139
-9999 -9999 -9999 -9999 -9999 -9999 -9999 -9999 -9999 -9999 -9999 -9999 -9999 -9999 -9999 -9999 -9999 -9999 -9999 -9999 -9999 -9999 -9999 -9999 -9999 -9999 -9999 -9999 -9999 -9999 117 114 101 101 101 106 107 107 108 110 111 112 113 112 112 113 113 114 115 116 117 118 117 116 116 117 118 119 117 116 115 115 115 115 116 115 115 114 114 107 97 88 101 110 114 123 129 128 132 135 136 139 139 136
-9999 -9999 -9999 -9999 -9999 -9999 -9999 -9999 -9999 -9999 -9999 -9999 -9999 -9999 -9999 -9999 -9999 -9999 -9999 -9999 -9999 -9999 -9999 -9999 -9999 -9999 -9999 -9999 -9999 -9999 117 105 101 102 102 102 106 108 109 110 111 111 112 112 113 114 114 114 115 116 117 118 118 116 117 118 119 119 118 117 116 114 114 115 115 114 115 114 113 107 94 80 85 96 114 114 121 116 121 127 130 138 138 137
-9999 -9999 -9999 -9999 -9999 -9999 -9999 -9999 -9999 -9999 -9999 -9999 -9999 -9999 -9999 -9999 -9999 -9999 -9999 -9999 -9999 -9999 -9999 -9999 -9999 -9999 -9999 -9999 -9999 -9999 109 101 101 102 102 102 102 103 109 110 110 110 111 111 113 114 115 115 116 116 118 119 119 118 118 118 119 119 118 117 116 116 114 114 114 114 115 113 112 105 93 79 74 75 98 108 108 106 101 110 118 135 137 134
-9999 -9999 -9999 -9999 -9999 -9999 -9999 -9999 -9999 -9999 -9999 -9999 -9999 -9999 -9999 -9999 -9999 -9999 -9999 -9999 -9999 -9999 -9999 -9999 -9999 -9999 -9999 -9999 -9999 117 108 101 105 108 104 102 103 103 108 110 110 110 111 111 113 114 115 116 116 117 118 119 120 119 119 120 120 119 117 116 116 114 112 113 113 116 115 114 107 103 94 84 70 73 85 94 94 81 93 112 124 136 137 133
-9999 -9999 -9999 -9999 -9999 -9999 -9999 -9999 -9999 -9999 -9999 -9999 -9999 -9999 -9999 -9999 -9999 -9999 -9999 -9999 -9999 -9999 -9999 -9999 -9999 -9999 -9999 -9999 -9999 113 113 102 108 110 107 104 104 105 108 108 109 110 110 110 113 114 115 116 117 118 117 118 119 120 121 120 119 118 118 117 115 114 113 115 116 116 115 114 105 102 94 88 77 74 75 85 76 70 83 99 115 132 136 136
-9999 -9999 -9999 -9999 -9999 -9999 -9999 -9999 -9999 -9999 -9999 -9999 -9999 -9999 -9999 -9999 -9999 -9999 -9999 -9999 -9999 -9999 -9999 -9999 -9999 -9999 -9999 -9999 115 109 103 102 109 111 111 106 104 105 104 103 104 109 111 112 113 113 115 115 116 118 119 119 120 121 121 120 118 117 117 116 116 115 114 115 115 116 115 114 111 102 101 92 85 73 63 56 67 75 83 103 118 131 136 137
-9999 -9999 -9999 -9999 -9999 -9999 -9999 -9999 -9999 -9999 -9999 -9999 -9999 -9999 -9999 -9999 -9999 -9999 -9999 -9999 -9999 -9999 -9999 -9999 -9999 -9999 -9999 -9999 117 102 102 103 108 110 112 111 111 112 112 110 113 104 109 110 111 112 114 116 116 118 119 119 120 122 120 119 118 118 117 118 117 117 116 115 116 118 117 114 111 105 99 91 86 81 76 81 80 91 85 106 118 134 136 137
-9999 -9999 -9999 -9999 -9999 -9999 -9999 -9999 -9999 -9999 -9999 -9999 -9999 -9999 -9999 -9999 -9999 -9999 -9999 -9999 -9999 -9999 -9999 -9999 -9999 -9999 -9999 -9999 116 101 104 107 109 110 112 113 114 114 115 115 116 113 107 109 109 113 114 116 117 118 120 120 120 122 121 119 119 118 118 119 118 118 117 116 116 118 117 115 111 106 98 97 90 84 87 91 97 102 99 109 110 134 137 137
-9999 -9999 -9999 -9999 -9999 -9999 -9999 -9999 -9999 -9999 -9999 -9999 -9999 -9999 -9999 -9999 -9999 -9999 -9999 -9999 -9999 -9999 -9999 -9999 -9999 -9999 -9999 -9999 115 102 106 109 109 109 113 114 114 116 117 117 117 116 116 116 112 111 113 116 117 118 119 121 121 123 121 121 120 119 120 120 120 119 119 117 117 119 118 117 115 113 104 104 100 97 97 98 103 110 111 124 135 136 137 138
-9999 -9999 -9999 -9999 -9999 -9999 -9999 -9999 -9999 -9999 -9999 -9999 -9999 -9999 -9999 -9999 -9999 -9999 -9999 -9999 -9999 -9999 -9999 -9999 -9999 -9999 -9999 -9999 114 106 109 110 111 110 113 113 115 115 116 117 118 117 117 117 117 116 113 114 114 115 119 121 122 122 123 121 120 120 121 122 121 121 118 119 118 119 120 118 117 115 113 108 109 105 107 108 112 119 125 130 134 136 137 138
-9999 -9999 -9999 -9999 -9999 -9999 -9999 -9999 -9999 -9999 -9999 -9999 -9999 -9999 -9999 -9999 -9999 -9999 -9999 -9999 -9999 -9999 -9999 -9999 -9999 -9999 -9999 114 113 102 108 110 111 111 112 114 115 115 116 117 118 118 119 118 118 118 117 115 108 117 117 120 122 123 124 122 121 122 122 123 123 121 120 119 120 120 121 119 118 117 116 115 113 114 115 115 120 125 119 132 120 121 134 136
-9999 -9999 -9999 -9999 -9999 -9999 -9999 -9999 -9999 -9999 -9999 -9999 -9999 -9999 -9999 -9999 -9999 -9999 -9999 -9999 -9999 -9999 -9999 -9999 -9999 -9999 -9999 114 112 102 109 110 111 112 112 113 114 115 117 118 118 119 119 119 120 119 119 116 112 114 114 115 121 123 124 121 122 123 124 124 123 123 121 120 121 121 121 120 119 119 118 117 116 116 117 117 104 98 106 120 125 116 134 134
-9999 -9999 -9999 -9999 -9999 -9999 -9999 -9999 -9999 -9999 -9999 -9999 -9999 -9999 -9999 -9999 -9999 -9999 -9999 -9999 -9999 -9999 -9999 -9999 -9999 -9999 -9999 113 112 105 109 110 111 113 113 114 114 115 117 117 117 118 119 120 120 121 119 119 108 116 118 119 121 123 125 123 123 124 125 125 125 123 122 121 122 122 122 122 121 120 119 118 118 118 119 118 109 99 106 126 128 122 131 134
-9999 -9999 -9999 -9999 -9999 -9999 -9999 -9999 -9999 -9999 -9999 -9999 -9999 -9999 -9999 -9999 -9999 -9999 -9999 -9999 -9999 -9999 -9999 -9999 -9999 -9999 -9999 112 109 109 109 111 111 112 113 113 114 115 116 117 118 119 120 119 120 122 121 120 113 117 120 122 123 124 126 123 124 126 127 126 126 125 123 122 122 122 123 122 121 121 120 120 120 120 119 117 103 100 103 116 128 129 132 134
-9999 -9999 -9999 -9999 -9999 -9999 -9999 -9999 -9999 -9999 -9999 -9999 -9999 -9999 -9999 -9999 -9999 -9999 -9999 -9999 -9999 -9999 -9999 -9999 -9999 -9999 -9999 -9999 109 110 111 111 112 114 115 114 114 114 116 117 118 120 120 120 121 122 121 120 114 112 119 121 122 123 126 125 126 126 126 128 127 126 124 125 124 124 123 122 122 123 123 121 121 122 121 121 111 103 110 110 127 131 132 133
-9999 -9999 -9999 -9999 -9999 -9999 -9999 -9999 -9999 -9999 -9999 -9999 -9999 -9999 -9999 -9999 -9999 -9999 -9999 -9999 -9999 -9999 -9999 -9999 -9999 -9999 -9999 -9999 110 111 112 112 112 114 116 115 115 115 113 118 119 120 121 122 123 122 121 118 111 114 119 119 121 123 125 127 127 128 127 129 128 127 125 126 125 125 124 124 124 124 124 123 122 123 122 122 119 112 118 127 129 131 131 133
-9999 -9999 -9999 -9999 -9999 -9999 -9999 -9999 -9999 -9999 -9999 -9999 -9999 -9999 -9999 -9999 -9999 -9999 -9999 -9999 -9999 -9999 -9999 -9999 -9999 -9999 -9999 110 110 111 113 114 113 115 116 116 116 115 116 117 119 120 121 122 122 124 123 121 122 119 114 120 122 123 124 125 125 127 129 130 129 128 128 126 124 125 125 125 125 125 125 124 125 124 124 124 125 126 126 127 120 127 128 132
-9999 -9999 -9999 -9999 -9999 -9999 -9999 -9999 -9999 -9999 -9999 -9999 -9999 -9999 -9999 -9999 -9999 -9999 -9999 -9999 -9999 -9999 -9999 -9999 -9999 -9999 -9999 -9999 109 110 112 114 113 114 115 117 117 116 117 118 119 119 120 121 122 125 124 122 123 123 120 119 123 123 123 125 125 127 130 130 130 128 128 126 125 125 126 126 126 126 126 126 125 125 125 125 125 126 125 112 111 126 125 131
-9999 -9999 -9999 -9999 -9999 -9999 -9999 -9999 -9999 -9999 -9999 -9999 -9999 -9999 -9999 -9999 -9999 -9999 -9999 -9999 -9999 -9999 -9999 -9999 -9999 -9999 -9999 -9999 109 111 113 115 115 116 117 117 118 116 117 118 119 120 121 122 124 125 125 125 125 123 120 123 122 124 125 126 126 129 129 130 131 130 128 126 126 126 127 127 127 127 127 127 126 126 126 126 126 124 122 111 113 129 131 130
-9999 -9999 -9999 -9999 -9999 -9999 -9999 -9999 -9999 -9999 -9999 -9999 -9999 -9999 -9999 -9999 -9999 -9999 -9999 -9999 -9999 -9999 -9999 -9999 -9999 -9999 -9999 -9999 108 112 114 115 114 116 118 118 119 117 118 118 120 120 121 122 122 123 124 126 126 126 126 125 123 124 126 127 128 130 129 132 130 130 128 127 127 126 127 128 128 128 128 128 127 126 125 124 125 122 120 113 108 127 132 134
-9999 -9999 -9999 -9999 -9999 -9999 -9999 -9999 -9999 -9999 -9999 -9999 -9999 -9999 -9999 -9999 -9999 -9999 -9999 -9999 -9999 -9999 -9999 -9999 -9999 -9999 -9999 106 105 112 115 116 117 117 119 120 120 119 119 119 119 120 120 121 122 122 123 125 127 128 126 126 122 125 127 128 129 131 130 132 132 129 128 129 128 127 127 128 129 129 129 128 127 127 123 123 121 114 118 115 104 131 133 135
-9999 -9999 -9999 -9999 -9999 -9999 -9999 -9999 -9999 -9999 -9999 -9999 -9999 -9999 -9999 -9999 -9999 -9999 -9999 -9999 -9999 -9999 -9999 -9999 -9999 100 104 106 106 112 115 115 117 119 119 120 121 121 120 121 120 121 120 120 121 122 122 125 126 127 128 127 126 128 128 129 131 132 132 133 132 131 128 130 130 128 127 129 129 130 129 129 129 127 125 122 120 117 106 105 99 131 133 136
-9999 -9999 -9999 -9999 -9999 -9999 -9999 -9999 -9999 -9999 -9999 -9999 -9999 -9999 -9999 -9999 -9999 -9999 -9999 -9999 -9999 -9999 -9999 -9999 -9999 97 104 106 110 113 114 117 116 117 119 121 122 122 121 122 121 122 122 121 123 123 124 126 126 128 129 127 128 129 129 130 131 133 132 134 133 130 130 130 130 129 127 128 129 130 130 130 129 128 126 121 119 104 97 102 102 120 132 136
-9999 -9999 -9999 -9999 -9999 -9999 -9999 -9999 -9999 -9999 -9999 -9999 -9999 -9999 -9999 -9999 -9999 -9999 -9999 -9999 -9999 -9999 -9999 -9999 -9999 -9999 106 109 110 112 115 118 116 117 118 119 121 121 123 124 123 123 124 123 123 123 124 125 127 128 129 129 129 128 130 131 132 133 135 133 132 132 130 131 131 130 129 128 129 130 131 131 130 129 127 126 121 115 102 107 102 115 132 134
-9999 -9999 -9999 -9999 -9999 -9999 -9999 -9999 -9999 -9999 -9999 -9999 -9999 -9999 -9999 -9999 -9999 -9999 -9999 -9999 -9999 -9999 -9999 -9999 -9999 -9999 102 109 110 114 116 118 120 117 117 120 122 122 124 124 125 126 125 124 123 123 125 126 127 129 129 131 131 131 130 131 133 134 135 134 132 131 131 131 132 131 130 128 129 130 131 131 131 130 129 127 120 118 107 116 106 117 130 134
-9999 -9999 -9999 -9999 -9999 -9999 -9999 -9999 -9999 -9999 -9999 -9999 -9999 -9999 -9999 -9999 -9999 -9999 -9999 -9999 -9999 -9999 -9999 -9999 -9999 97 104 107 113 116 117 119 121 121 121 122 124 125 126 -9999 -9999 127 128 126 124 124 124 126 126 128 128 130 131 132 132 133 134 135 136 135 133 133 132 132 133 132 131 130 130 131 132 132 132 131 130 128 119 118 115 121 114 116 133 135
-9999 -9999 -9999 -9999 -9999 -9999 -9999 -9999 -9999 -9999 -9999 -9999 -9999 -9999 -9999 -9999 -9999 -9999 -9999 -9999 -9999 -9999 -9999 -9999 99 100 104 106 111 118 119 121 122 123 124 123 -9999 -9999 -9999 -9999 -9999 -9999 -9999 129 126 126 126 124 126 127 128 130 131 133 134 134 135 136 137 136 135 134 134 133 134 133 132 131 131 131 132 132 132 132 131 130 120 123 123 129 126 121 128 136
-9999 -9999 -9999 -9999 -9999 -9999 -9999 -9999 -9999 -9999 -9999 -9999 -9999 -9999 -9999 -9999 -9999 -9999 -9999 -9999 -9999 -9999 -9999 -9999 102 110 110 104 114 121 118 122 123 124 -9999 -9999 -9999 -9999 -9999 -9999 -9999 -9999 -9999 129 128 127 128 127 127 127 127 129 131 132 133 135 136 138 138 138 136 135 135 134 135 134 133 131 131 132 133 133 133 133 132 132 132 129 131 132 131 130 135 137
-9999 -9999 -9999 -9999 -9999 -9999 -9999 -9999 -9999 -9999 -9999 -9999 -9999 -9999 -9999 -9999 -9999 -9999 -9999 -9999 -9999 -9999 -9999 -9999 106 103 115 112 116 123 120 -9999 -9999 -9999 -9999 -9999 -9999 -9999 -9999 -9999 -9999 -9999 -9999 -9999 -9999 -9999 129 128 127 129 130 130 131 131 135 135 138 138 137 138 137 136 136 135 135 134 133 133 132 132 133 133 134 134 134 135 135 135 133 132 133 134 136 137
-9999 -9999 -9999 -9999 -9999 -9999 -9999 -9999 -9999 -9999 -9999 -9999 -9999 -9999 -9999 -9999 -9999 -9999 -9999 -9999 -9999 -9999 -9999 -9999 116 119 120 -9999 121 -9999 -9999 -9999 -9999 -9999 -9999 -9999 -9999 -9999 -9999 -9999 -9999 -9999 -9999 -9999 -9999 -9999 -9999 130 129 130 132 133 133 132 134 137 137 135 136 137 139 137 137 136 136 136 135 133 132 132 133 133 134 134 134 134 136 136 134 135 135 134 133 136
-9999 -9999 -9999 -9999 -9999 -9999 -9999 -9999 -9999 -9999 -9999 -9999 -9999 -9999 -9999 -9999 -9999 -9999 -9999 -9999 -9999 -9999 -9999 -9999 -9999 -9999 -9999 -9999 -9999 -9999 -9999 -9999 -9999 -9999 -9999 -9999 -9999 -9999 -9999 -9999 -9999 -9999 -9999 -9999 -9999 -9999 -9999 -9999 -9999 -9999 -9999 -9999 -9999 133 136 135 135 134 135 137 137 139 139 137 137 136 134 134 133 132 132 133 133 135 134 135 136 136 135 135 134 134 123 124
-9999 -9999 -9999 -9999 -9999 -9999 -9999 -9999 -9999 -9999 -9999 -9999 -9999 -9999 -9999 -9999 -9999 -9999 -9999 -9999 -9999 -9999 -9999 -9999 -9999 -9999 -9999 -9999 -9999 -9999 -9999 -9999 -9999 -9999 -9999 -9999 -9999 -9999 -9999 -9999 -9999 -9999 -9999 -9999 -9999 -9999 -9999 -9999 -9999 -9999 -9999 -9999 -9999 132 135 133 133 134 133 135 135 138 139 139 137 137 135 134 133 132 132 132 132 133 134 135 136 136 135 134 131 121 119 123
-9999 -9999 -9999 -9999 -9999 -9999 -9999 -9999 -9999 -9999 -9999 -9999 -9999 -9999 -9999 -9999 -9999 -9999 -9999 -9999 -9999 -9999 -9999 -9999 -9999 -9999 -9999 -9999 -9999 -9999 -9999 -9999 -9999 -9999 -9999 -9999 -9999 -9999 -9999 -9999 -9999 -9999 -9999 -9999 -9999 -9999 -9999 -9999 -9999 -9999 -9999 -9999 -9999 130 132 131 131 131 132 134 135 136 137 139 138 137 136 135 134 133 133 132 130 132 132 135 136 135 135 131 130 120 113 120
-9999 -9999 -9999 -9999 -9999 -9999 -9999 -9999 -9999 -9999 -9999 -9999 -9999 -9999 -9999 -9999 -9999 -9999 -9999 -9999 -9999 -9999 -9999 -9999 -9999 -9999 -9999 -9999 -9999 -9999 -9999 -9999 -9999 -9999 -9999 -9999 -9999 -9999 -9999 -9999 -9999 -9999 -9999 -9999 -9999 -9999 -9999 -9999 -9999 -9999 -9999 -9999 -9999 129 129 130 130 130 132 133 134 136 137 139 139 138 137 136 135 134 134 133 132 131 128 133 135 136 135 128 123 121 121 119
-9999 -9999 -9999 -9999 -9999 -9999 -9999 -9999 -9999 -9999 -9999 -9999 -9999 -9999 -9999 -9999 -9999 -9999 -9999 -9999 -9999 -9999 -9999 -9999 -9999 -9999 -9999 -9999 -9999 -9999 -9999 -9999 -9999 -9999 -9999 -9999 -9999 -9999 -9999 -9999 -9999 -9999 -9999 -9999 -9999 -9999 -9999 -9999 -9999 -9999 -9999 -9999 -9999 129 127 129 129 129 131 133 133 134 136 138 140 139 137 136 136 135 134 134 133 131 125 130 133 134 134 127 118 125 127 125
-9999 81 -9999 -9999 -9999 -9999 -9999 -9999 -9999 -9999 -9999 -9999 -9999 -9999 -9999 -9999 -9999 -9999 -9999 -9999 -9999 -9999 -9999 -9999 -9999 -9999 -9999 -9999 -9999 -9999 -9999 -9999 -9999 -9999 -9999 -9999 -9999 -9999 -9999 -9999 -9999 -9999 -9999 -9999 -9999 -9999 -9999 -9999 -9999 -9999 -9999 -9999 129 128 127 128 128 129 130 131 130 131 135 138 139 140 137 137 136 135 135 135 134 132 131 130 132 134 133 133 130 129 130 133
