invasiveSpecies/multiSpecies/data/current_1960_1990_ASC/worldclim_KE_bio18.asc
ncols         348
nrows         296
xllcorner     36.067913676899
yllcorner     0.12509924133957
cellsize      0.0083333337679505
NODATA_value  -9999
[rows 114 to 151 of 296, columns 168 to 251 of 348]
-9999 -9999 -9999 -9999 -9999 -9999 200 200 199 199 190 185 183 184 184 184 184 184 184 187 185 185 192 186 183 183 183 188 204 203 186 184 181 182 181 182 182 182 182 181 182 183 184 185 184 185 185 189 189 188 181 181 182 187 186 187 188 187 186 184 184 184 183 175 181 181 180 179 178 178 177 177 177 177 177 175 175 170 170 170 170 170 171 171
-9999 -9999 -9999 -9999 -9999 201 200 200 200 201 199 186 185 186 184 184 184 184 185 186 185 188 197 186 184 184 185 190 202 191 188 184 183 182 182 182 182 182 182 182 183 184 184 186 187 187 187 189 189 182 181 181 180 180 188 188 188 189 184 175 175 175 184 183 182 181 181 180 179 178 178 178 178 177 177 175 175 175 170 170 170 170 171 171
-9999 -9999 -9999 -9999 202 202 202 203 201 200 201 190 186 186 186 186 185 185 186 188 187 188 190 186 185 187 187 190 202 230 190 186 183 183 182 184 182 183 183 183 184 186 186 188 187 187 187 188 183 183 195 183 180 179 191 188 177 177 177 176 183 184 184 184 184 183 182 182 181 180 180 178 178 178 177 175 175 175 170 170 170 170 171 171
-9999 -9999 -9999 204 204 204 205 204 205 203 202 202 193 193 189 186 187 187 187 189 189 188 189 186 186 186 187 191 203 240 195 186 184 183 184 184 184 185 186 185 185 189 188 187 183 182 184 187 184 188 204 186 178 189 189 187 182 187 175 185 185 184 185 185 185 184 183 182 182 181 179 178 178 178 177 177 175 175 175 170 170 170 171 171
-9999 203 203 205 206 207 208 208 207 206 204 204 201 198 192 189 189 189 192 193 189 188 189 188 186 186 187 193 196 237 190 188 184 184 184 184 187 210 191 186 186 190 185 183 183 180 180 182 182 189 214 192 178 178 187 178 187 187 186 186 186 186 186 185 185 184 184 183 182 181 180 179 178 178 177 177 175 175 170 170 170 171 171 171
205 205 205 206 207 210 212 210 208 207 206 206 205 205 196 199 191 191 194 192 190 191 189 189 186 187 189 191 201 211 195 188 186 184 184 184 190 197 192 193 191 185 183 183 182 181 180 182 180 189 200 181 177 178 178 178 189 188 187 187 186 186 187 187 186 185 185 184 182 182 181 179 178 177 177 172 173 171 173 171 171 171 171 171
209 207 206 207 211 212 212 211 208 208 207 205 204 206 205 196 197 191 194 192 191 193 191 188 188 188 189 193 198 239 193 190 187 184 185 185 187 196 193 188 186 185 186 183 182 181 180 179 179 179 179 179 189 190 189 189 189 190 189 190 188 188 188 188 187 186 185 184 183 182 181 181 178 177 176 174 173 174 173 172 171 171 171 175
212 209 211 210 213 213 214 212 210 208 207 205 201 200 206 196 194 192 194 194 192 196 192 189 190 189 190 192 210 197 191 188 185 186 186 186 189 190 189 187 188 187 185 183 182 181 180 179 179 179 179 191 191 190 190 190 190 191 190 190 190 189 189 189 187 187 185 184 185 183 182 181 181 178 176 174 174 174 173 172 172 173 171 179
227 219 215 212 212 214 214 214 212 210 208 207 200 199 196 196 194 193 195 195 195 198 192 190 193 189 191 194 210 193 189 188 187 188 187 188 189 189 189 189 188 186 185 183 182 182 181 180 179 179 189 193 192 192 192 190 190 191 191 191 191 190 190 189 188 187 185 184 185 185 184 184 182 181 177 176 175 174 173 172 172 172 172 181
231 222 216 214 215 216 217 216 215 214 213 210 202 199 197 209 198 195 199 195 195 196 192 192 193 191 193 194 208 192 189 187 187 190 188 191 189 191 189 189 188 186 184 183 182 182 182 180 179 180 192 192 192 192 192 192 190 192 193 193 192 192 191 190 188 186 185 186 187 186 185 184 182 181 178 176 174 174 173 173 173 172 177 182
277 236 220 216 217 217 217 217 216 215 217 214 203 199 200 209 210 199 198 197 196 196 194 193 194 193 193 192 190 190 189 189 190 191 190 191 191 191 189 189 187 186 184 183 182 182 182 179 182 190 193 193 194 192 192 192 192 193 193 194 193 193 191 190 188 186 186 187 187 187 186 184 182 182 178 173 173 174 173 173 173 173 181 183
262 270 223 220 223 221 217 220 217 217 217 218 216 203 202 211 203 201 200 201 199 195 195 194 196 193 194 191 193 190 189 189 190 193 191 191 191 190 189 187 185 184 184 183 182 182 182 180 183 190 196 196 195 192 194 195 197 193 195 197 194 194 192 191 188 186 188 189 189 189 187 185 184 184 180 173 174 173 173 173 173 173 184 184
231 236 229 222 223 226 224 224 221 219 218 218 217 214 207 211 204 201 201 201 201 197 196 195 196 194 195 193 197 192 189 189 190 191 191 191 190 190 188 187 185 184 185 186 183 182 181 180 189 192 193 195 195 193 194 200 201 198 197 197 195 193 193 193 190 189 191 191 191 189 187 185 184 175 181 173 175 173 173 173 172 183 184 187
228 220 222 223 225 228 226 224 223 221 221 223 218 219 218 213 207 203 203 203 201 199 197 196 195 195 193 193 196 191 189 190 194 193 193 191 190 190 188 186 186 185 187 185 183 182 181 181 183 182 192 192 193 193 195 201 205 200 199 198 197 193 194 193 190 191 192 194 193 192 190 187 185 173 173 173 173 173 173 173 185 186 187 186
215 217 221 222 226 230 231 226 224 223 223 224 222 222 223 221 219 217 203 202 201 200 197 197 195 196 195 195 195 193 189 192 198 194 195 193 191 190 189 188 188 185 184 183 182 182 182 181 179 179 190 192 190 191 196 199 199 200 198 198 197 193 193 193 191 191 191 192 194 192 189 189 180 173 173 173 172 173 173 173 186 186 186 184
212 217 220 222 226 230 229 226 226 226 226 227 224 224 223 221 221 220 220 218 201 199 199 197 197 197 195 195 193 193 191 192 196 196 198 197 193 191 190 189 188 188 185 184 184 184 188 178 178 178 178 178 178 181 193 196 196 197 197 197 195 192 190 190 190 191 191 191 174 174 172 173 173 173 173 173 172 172 172 186 186 186 186 185
214 217 220 221 225 227 228 227 226 226 226 228 225 224 224 223 221 221 219 218 204 201 200 198 199 197 195 195 194 193 193 193 196 196 196 195 191 191 190 190 188 187 184 184 183 182 182 179 178 178 178 178 178 178 176 193 193 196 196 197 193 192 182 190 190 174 173 176 174 173 174 174 187 172 172 173 172 172 172 186 186 186 186 185
211 217 218 219 221 224 224 225 223 224 225 226 225 224 224 222 221 221 219 215 206 201 199 198 197 199 197 195 195 195 195 195 196 196 195 194 192 193 191 190 190 187 186 184 183 181 181 181 180 178 177 177 178 177 176 184 189 189 191 192 175 176 176 174 173 173 182 182 190 191 192 191 184 172 172 172 172 172 188 187 188 187 186 185
212 216 217 218 220 220 221 221 222 223 223 226 227 224 222 220 220 220 211 204 202 200 200 196 196 197 197 195 195 193 193 195 196 197 205 201 201 192 193 190 190 189 187 186 184 182 181 180 178 178 177 177 177 177 176 176 176 176 176 176 175 176 174 174 173 189 189 190 190 191 192 191 189 172 172 172 172 173 189 188 188 187 177 162
208 212 216 217 217 218 218 219 218 219 223 226 226 224 221 219 219 218 207 208 202 199 198 196 196 196 195 195 195 192 192 192 205 207 205 204 197 190 189 189 187 187 185 184 184 182 179 178 177 178 177 177 177 175 176 176 176 176 176 175 175 174 174 174 173 173 173 190 191 191 191 191 174 172 172 172 172 174 175 190 190 165 164 162
207 209 215 216 217 218 217 218 216 216 221 226 224 223 221 219 215 206 206 218 200 199 198 195 194 196 194 193 193 192 190 192 193 204 204 201 192 192 189 187 189 187 184 183 182 180 179 179 180 179 177 176 175 175 176 175 175 175 175 175 175 176 175 174 174 173 173 175 190 191 191 191 175 183 174 172 172 192 183 191 190 167 165 164
207 210 215 215 216 217 219 213 214 218 221 224 223 222 221 218 217 203 202 202 199 197 195 195 193 193 194 193 192 191 189 190 192 203 203 200 200 198 192 190 186 185 184 183 180 179 180 181 181 178 177 176 177 177 177 176 176 175 176 176 176 176 175 174 175 174 174 175 181 192 192 192 193 191 174 172 174 192 193 193 193 192 176 165
207 212 214 211 212 216 212 209 214 216 218 219 220 220 220 218 216 201 199 198 198 196 196 193 193 192 193 193 193 190 188 187 188 193 199 199 200 198 197 195 186 182 182 182 180 180 180 181 180 178 177 176 177 177 177 177 176 175 176 176 176 176 176 176 176 175 175 175 175 191 193 194 195 195 175 175 177 192 193 196 197 194 191 167
214 214 215 208 208 212 209 207 212 214 214 216 217 219 218 217 202 200 198 197 196 194 194 193 192 191 192 190 191 190 189 187 187 191 190 190 188 186 193 195 192 183 182 180 180 180 180 181 181 180 176 177 179 177 178 181 177 176 176 176 176 176 176 177 177 177 177 177 175 177 194 194 198 196 195 193 193 193 194 197 203 197 194 171
216 216 215 211 208 207 206 205 209 213 215 216 218 218 215 215 215 199 197 195 195 194 192 192 192 190 189 189 188 188 187 187 186 188 188 187 186 186 185 185 192 187 182 182 180 180 182 183 181 180 177 177 180 181 190 190 178 178 178 177 177 176 177 177 178 177 177 177 177 177 194 196 197 195 195 195 195 193 196 202 205 202 197 184
213 214 214 213 210 207 205 203 212 213 215 219 218 216 214 214 212 200 197 195 195 193 191 191 191 189 189 187 187 186 186 186 185 187 186 186 185 185 185 184 192 187 182 181 180 180 183 181 180 180 177 184 189 181 191 186 178 178 178 178 178 179 179 179 179 178 178 178 178 178 178 196 196 195 187 195 195 195 196 200 204 202 198 194
201 213 213 213 211 211 210 204 212 212 213 220 215 214 213 212 212 208 200 197 195 193 195 192 192 191 189 187 185 185 185 185 184 186 184 184 184 183 181 181 181 181 181 181 180 179 183 179 179 178 178 190 184 193 193 186 181 180 179 179 179 183 182 180 180 180 179 179 178 178 178 178 183 178 176 176 193 195 196 198 201 197 194 193
199 199 198 211 210 210 210 210 201 209 209 210 212 212 211 213 211 211 210 200 197 208 188 188 192 188 185 185 185 185 185 185 183 183 184 184 183 183 183 181 181 181 181 181 181 182 179 178 177 178 181 191 184 194 194 182 182 182 180 180 181 183 183 181 184 182 180 180 180 179 178 178 177 178 176 176 183 195 196 198 196 194 182 168
198 198 196 196 198 197 197 210 201 198 199 201 205 209 209 206 203 199 194 191 190 187 187 187 187 185 185 185 185 184 184 184 183 185 184 183 183 183 183 183 184 183 185 182 181 182 178 178 180 194 192 192 196 196 195 184 183 182 181 182 183 184 183 183 185 183 181 181 180 180 180 178 178 178 176 176 175 195 195 193 193 192 181 168
198 197 198 196 196 196 195 197 197 193 193 193 205 206 206 205 203 203 201 199 198 187 187 187 187 187 187 188 185 184 184 185 185 185 186 185 184 183 184 184 185 184 181 181 181 178 178 186 187 194 194 196 196 196 195 185 185 182 182 182 184 185 184 184 184 184 184 184 181 180 180 179 178 179 182 179 174 172 191 192 172 192 188 186
198 198 198 196 198 196 194 193 193 195 196 192 191 205 204 188 197 202 187 186 186 189 187 187 187 187 188 190 188 185 185 185 185 186 186 187 184 184 184 184 185 188 180 180 179 178 182 187 194 194 194 198 197 198 196 192 185 197 183 185 185 186 186 186 185 184 185 184 183 181 180 180 181 193 193 176 175 171 172 171 171 169 169 168
201 198 198 199 198 196 196 196 199 197 197 198 196 191 190 189 188 187 187 187 193 189 201 187 187 187 190 193 188 188 185 185 185 186 186 190 186 186 186 185 187 187 184 178 178 180 182 191 196 194 191 198 199 199 198 189 186 189 184 183 186 187 187 187 187 187 185 184 184 182 181 183 182 186 193 178 176 173 171 170 170 169 169 168
202 202 202 200 199 199 198 198 197 197 199 198 194 190 190 195 191 187 187 195 203 203 203 187 189 189 195 193 190 188 188 187 187 189 188 190 190 187 186 185 187 185 184 180 181 190 201 198 198 196 198 199 199 199 192 189 192 190 185 185 187 189 187 187 187 188 187 185 185 184 181 189 194 192 193 193 192 173 175 170 170 183 168 168
204 203 202 200 200 199 199 198 199 197 196 199 197 190 191 195 199 194 206 206 205 193 189 188 190 191 197 196 188 190 188 188 189 190 189 192 191 187 186 186 187 187 181 179 184 201 201 200 200 199 198 199 200 200 191 189 192 186 186 186 186 190 190 189 188 187 187 185 185 184 196 195 194 195 195 193 189 182 175 175 184 168 168 167
205 204 203 201 200 198 197 196 196 196 194 195 193 191 191 197 197 208 208 206 205 191 189 191 194 197 204 197 191 191 188 188 189 191 190 192 192 190 187 189 188 186 184 183 179 202 204 202 201 200 199 199 201 202 203 195 195 189 187 187 188 190 191 191 189 188 186 187 185 195 196 196 197 197 195 193 193 185 178 176 171 168 167 167
206 204 203 201 199 198 197 195 194 192 192 192 192 192 194 200 204 212 209 206 203 190 189 192 194 194 200 197 192 191 190 189 189 192 192 192 190 190 187 190 189 188 187 187 185 200 200 201 201 200 199 201 202 205 203 203 202 189 189 190 190 191 191 191 189 187 187 187 187 189 196 197 198 197 197 195 193 181 179 194 171 168 167 167
206 205 203 200 198 197 195 195 193 193 194 195 194 193 196 201 202 209 208 207 191 190 190 193 196 196 200 197 193 193 190 190 190 192 193 193 192 190 188 189 191 190 189 185 180 193 199 201 201 200 200 201 207 207 205 202 192 189 189 190 190 191 193 191 190 189 189 191 187 189 193 196 200 197 197 197 186 197 195 182 171 170 167 168
205 203 202 199 197 196 195 195 195 194 196 196 196 197 198 204 203 200 197 204 191 192 193 195 198 196 200 200 194 193 191 190 190 192 194 193 192 192 190 190 192 190 188 186 180 180 197 202 201 201 201 202 206 205 202 196 192 191 189 190 191 192 193 191 191 189 194 193 191 189 191 196 198 198 198 198 198 198 198 181 171 170 168 168
