invasiveSpecies/multiSpecies/data/current_1960_1990_ASC/worldclim_KE_bio18.asc
ncols         348
nrows         296
xllcorner     36.067913676899
yllcorner     0.12509924133957
cellsize      0.0083333337679505
NODATA_value  -9999
[rows 228 to 265 of 296, columns 84 to 167 of 348]
210 219 216 223 220 225 241 -9999 -9999 -9999 -9999 -9999 -9999 -9999 -9999 -9999 -9999 -9999 -9999 -9999 -9999 -9999 -9999 -9999 -9999 -9999 -9999 -9999 -9999 -9999 -9999 -9999 -9999 -9999 -9999 -9999 -9999 -9999 -9999 -9999 -9999 -9999 -9999 -9999 -9999 -9999 -9999 -9999 -9999 -9999 -9999 -9999 289 292 298 296 290 286 281 274 276 271 259 248 240 229 234 239 241 248 245 247 250 258 262 291 274 263 255 259 284 284 279 274
213 214 218 218 223 225 235 247 246 236 -9999 -9999 -9999 -9999 -9999 -9999 -9999 -9999 -9999 -9999 -9999 -9999 -9999 -9999 -9999 -9999 -9999 -9999 -9999 -9999 -9999 -9999 -9999 -9999 -9999 -9999 -9999 -9999 -9999 -9999 -9999 -9999 -9999 -9999 -9999 -9999 -9999 -9999 -9999 -9999 -9999 293 297 295 297 299 289 285 276 269 264 254 251 245 239 233 227 234 236 246 242 245 247 256 272 313 291 276 254 251 260 302 316 293
209 210 213 217 220 224 225 240 252 234 -9999 -9999 -9999 -9999 -9999 -9999 -9999 -9999 -9999 -9999 -9999 -9999 -9999 -9999 -9999 -9999 -9999 -9999 -9999 -9999 -9999 -9999 -9999 -9999 -9999 -9999 -9999 -9999 -9999 -9999 -9999 -9999 -9999 -9999 -9999 -9999 -9999 -9999 -9999 -9999 300 299 302 298 298 293 287 279 274 270 267 259 255 247 242 235 226 230 235 243 239 241 244 249 267 322 309 268 253 257 260 309 324 314
206 209 210 216 220 220 223 252 254 232 228 -9999 -9999 -9999 -9999 -9999 -9999 -9999 -9999 -9999 -9999 -9999 -9999 -9999 -9999 -9999 -9999 -9999 -9999 -9999 -9999 -9999 -9999 -9999 -9999 -9999 -9999 -9999 -9999 -9999 -9999 -9999 -9999 -9999 -9999 -9999 -9999 -9999 -9999 -9999 300 305 302 300 291 286 282 281 278 277 270 264 259 253 242 238 230 225 233 244 238 236 241 249 260 278 336 264 243 241 249 279 288 265
205 208 211 215 218 218 220 225 247 232 231 230 -9999 -9999 -9999 -9999 -9999 -9999 -9999 -9999 -9999 -9999 -9999 -9999 -9999 -9999 -9999 -9999 -9999 -9999 -9999 -9999 -9999 -9999 -9999 -9999 -9999 -9999 -9999 -9999 -9999 -9999 -9999 -9999 -9999 -9999 -9999 -9999 -9999 304 306 305 303 293 290 286 281 276 277 276 270 263 258 251 246 238 233 225 228 236 236 235 237 242 251 266 278 289 249 250 242 259 290 253
204 208 214 215 216 216 221 227 238 260 246 273 -9999 -9999 -9999 -9999 -9999 -9999 -9999 -9999 -9999 -9999 -9999 -9999 -9999 -9999 -9999 -9999 -9999 -9999 -9999 -9999 -9999 -9999 -9999 -9999 -9999 -9999 -9999 -9999 -9999 -9999 -9999 -9999 -9999 -9999 -9999 -9999 308 310 305 299 292 287 286 286 280 275 271 269 263 260 255 251 243 239 233 228 222 228 231 232 236 238 245 253 257 261 241 238 234 237 278 233
204 207 212 215 216 217 236 267 264 286 239 263 -9999 -9999 -9999 -9999 -9999 -9999 -9999 -9999 -9999 -9999 -9999 -9999 -9999 -9999 -9999 -9999 -9999 -9999 -9999 -9999 -9999 -9999 -9999 -9999 -9999 -9999 -9999 -9999 -9999 -9999 -9999 -9999 -9999 -9999 -9999 314 311 309 300 295 289 282 284 282 275 274 266 268 259 259 254 250 243 240 235 230 224 221 228 231 233 239 239 242 245 246 231 230 230 230 288 224
204 208 212 215 221 220 220 275 273 294 321 284 -9999 -9999 -9999 -9999 -9999 -9999 -9999 -9999 -9999 -9999 -9999 -9999 -9999 -9999 -9999 -9999 -9999 -9999 -9999 -9999 -9999 -9999 -9999 -9999 -9999 -9999 -9999 -9999 -9999 -9999 -9999 -9999 -9999 -9999 -9999 316 313 300 297 289 283 282 282 279 271 270 264 264 259 251 251 249 241 235 230 229 228 221 227 231 236 233 234 234 239 245 230 224 223 220 222 217
204 211 219 223 223 226 252 284 297 312 326 301 255 -9999 -9999 -9999 -9999 -9999 -9999 -9999 -9999 -9999 -9999 -9999 -9999 -9999 -9999 -9999 -9999 -9999 -9999 -9999 -9999 -9999 -9999 -9999 -9999 -9999 -9999 -9999 -9999 -9999 -9999 -9999 -9999 -9999 -9999 403 312 301 292 288 284 281 281 275 270 269 263 257 252 247 242 242 237 233 237 236 231 227 220 225 232 230 232 229 233 231 223 219 219 219 215 217
200 205 214 217 215 222 258 265 289 304 318 313 -9999 -9999 -9999 -9999 -9999 -9999 -9999 -9999 -9999 -9999 -9999 -9999 -9999 -9999 -9999 -9999 -9999 -9999 -9999 -9999 -9999 -9999 -9999 -9999 -9999 -9999 -9999 -9999 -9999 -9999 -9999 -9999 -9999 -9999 321 320 307 298 290 287 283 281 275 272 267 263 259 254 251 251 249 245 244 240 241 239 234 227 220 227 229 227 229 227 227 224 226 215 213 216 211 210
199 201 206 209 206 215 241 233 287 307 335 337 -9999 -9999 -9999 -9999 -9999 -9999 -9999 -9999 -9999 -9999 -9999 -9999 -9999 -9999 -9999 -9999 -9999 -9999 -9999 -9999 -9999 -9999 -9999 -9999 -9999 -9999 357 -9999 348 343 -9999 -9999 -9999 413 321 313 305 296 295 289 286 277 274 270 266 263 260 261 264 257 253 252 251 247 245 240 234 228 220 224 225 224 224 223 220 220 217 215 210 216 207 204
197 199 202 202 206 219 235 244 299 319 327 344 358 -9999 -9999 -9999 -9999 -9999 -9999 -9999 -9999 -9999 -9999 -9999 -9999 -9999 -9999 -9999 -9999 -9999 -9999 -9999 -9999 -9999 -9999 486 361 474 355 352 348 342 339 331 421 325 322 312 301 298 299 291 283 280 274 271 267 266 263 269 282 266 261 257 252 249 246 238 235 228 222 218 221 223 221 222 216 219 213 208 208 208 201 199
198 198 201 203 210 218 246 290 308 311 308 336 -9999 -9999 -9999 -9999 -9999 -9999 -9999 -9999 -9999 -9999 -9999 -9999 -9999 -9999 -9999 -9999 -9999 -9999 -9999 -9999 -9999 -9999 483 480 479 357 355 353 348 343 338 332 328 326 314 306 302 305 303 293 285 281 276 271 269 271 271 278 314 289 269 261 255 248 246 239 235 228 222 218 214 216 218 215 211 210 208 203 204 205 200 195
198 200 201 203 207 209 239 277 288 300 306 324 -9999 -9999 -9999 -9999 -9999 -9999 -9999 -9999 -9999 -9999 -9999 -9999 -9999 -9999 -9999 -9999 -9999 -9999 -9999 -9999 -9999 -9999 474 347 461 475 472 352 348 345 338 332 329 322 309 305 307 309 299 294 287 283 279 275 273 274 277 284 322 317 273 264 263 249 246 241 235 227 223 222 219 214 211 210 208 206 205 202 201 198 197 197
200 201 204 207 208 213 218 281 295 304 315 334 -9999 -9999 -9999 -9999 -9999 -9999 -9999 -9999 -9999 -9999 -9999 -9999 -9999 -9999 -9999 -9999 -9999 -9999 -9999 -9999 -9999 -9999 397 352 302 470 468 350 347 345 338 331 325 317 313 311 312 310 304 294 289 286 282 279 273 282 281 285 299 296 283 273 266 250 245 243 236 230 231 247 245 223 215 210 219 221 225 207 213 226 225 208
203 203 207 215 225 247 258 293 293 304 311 336 330 331 315 307 -9999 -9999 -9999 -9999 -9999 -9999 -9999 -9999 -9999 -9999 -9999 -9999 -9999 -9999 -9999 -9999 -9999 339 334 246 245 345 349 408 349 344 340 333 323 320 398 314 318 315 315 297 292 289 285 281 279 279 290 291 299 293 282 272 261 250 247 241 236 234 249 248 245 244 230 212 216 232 230 230 229 229 225 213
207 208 210 217 241 220 220 270 247 294 314 335 319 314 323 320 309 300 293 290 214 304 294 283 -9999 -9999 -9999 -9999 -9999 -9999 -9999 -9999 -9999 -9999 339 228 241 435 345 233 458 346 447 333 327 316 321 320 320 318 306 298 295 292 287 280 277 303 330 300 311 317 278 272 263 254 248 244 238 242 247 238 230 225 217 229 219 225 233 231 232 232 228 227
-9999 -9999 -9999 227 228 221 221 230 229 279 324 327 311 304 322 317 307 310 303 299 213 214 217 291 290 288 271 262 244 240 173 242 -9999 -9999 308 184 191 294 363 318 339 345 344 339 322 318 334 327 323 317 310 302 299 295 290 284 277 278 282 285 327 320 290 277 267 262 249 244 246 252 250 234 225 220 224 229 225 227 236 236 233 232 230 227
-9999 -9999 -9999 -9999 -9999 -9999 230 229 231 237 286 330 319 301 318 310 308 302 217 211 282 280 277 279 279 285 258 253 251 236 234 174 261 224 208 245 200 272 249 321 317 344 342 336 323 331 339 329 322 314 309 304 301 299 295 292 279 278 295 279 313 315 295 285 274 263 253 252 255 253 251 233 226 222 226 232 228 234 240 236 231 225 221 218
-9999 -9999 -9999 -9999 -9999 -9999 -9999 280 255 272 289 326 327 302 309 310 298 296 291 282 270 275 201 260 273 277 269 262 256 246 179 223 183 253 258 188 192 284 265 233 332 336 332 330 332 333 337 331 325 317 310 308 306 303 303 296 280 318 283 229 273 320 303 294 280 277 258 252 255 254 252 232 229 224 229 241 232 240 240 237 230 225 223 226
-9999 -9999 -9999 -9999 -9999 -9999 -9999 289 294 302 326 -9999 320 308 300 303 309 300 294 283 270 276 201 260 260 275 269 258 248 237 236 226 181 251 253 193 254 224 209 310 303 331 338 338 334 262 336 333 322 315 313 309 308 318 306 294 285 328 251 234 318 325 325 325 288 274 256 252 255 254 238 234 229 228 233 244 238 233 240 234 232 233 230 227
-9999 -9999 -9999 -9999 -9999 -9999 -9999 302 317 312 -9999 -9999 324 314 303 289 296 298 291 283 275 282 281 264 268 263 265 191 240 239 241 177 221 183 187 234 239 194 194 238 257 338 441 294 269 224 283 332 320 318 315 313 315 329 310 289 284 324 267 -9999 304 302 307 307 278 264 256 254 255 243 250 236 229 239 249 248 239 242 242 236 237 233 231 229
-9999 -9999 -9999 -9999 -9999 -9999 -9999 -9999 -9999 -9999 -9999 -9999 -9999 325 308 300 292 294 293 291 293 292 282 276 276 254 259 191 246 248 243 175 222 225 234 192 196 194 210 320 216 284 336 298 270 217 261 332 324 319 317 314 329 321 314 288 288 -9999 -9999 -9999 -9999 293 288 281 273 264 259 251 250 253 241 233 235 241 249 248 243 239 242 240 239 240 236 229
-9999 -9999 -9999 -9999 -9999 -9999 -9999 -9999 -9999 -9999 -9999 -9999 -9999 323 318 307 297 304 310 309 304 302 290 287 278 191 191 259 259 256 249 175 228 177 186 200 208 211 278 261 220 326 318 294 197 215 323 326 325 322 320 322 294 327 318 288 -9999 -9999 -9999 -9999 -9999 -9999 285 280 270 263 258 254 258 251 239 235 239 242 248 250 246 242 245 245 249 249 239 232
-9999 -9999 -9999 -9999 -9999 -9999 -9999 -9999 -9999 -9999 -9999 -9999 -9999 -9999 326 315 318 312 299 291 293 222 220 295 278 273 267 268 199 195 192 243 179 228 231 227 186 277 299 264 324 309 309 258 231 270 331 329 328 328 322 320 328 314 319 -9999 -9999 -9999 -9999 -9999 -9999 -9999 -9999 282 272 263 258 261 258 245 240 236 242 250 250 250 247 245 247 251 253 250 242 235
-9999 -9999 -9999 -9999 -9999 -9999 -9999 -9999 -9999 -9999 -9999 -9999 -9999 -9999 -9999 321 313 219 302 285 284 282 283 293 288 276 272 259 192 190 245 242 237 181 238 237 198 199 314 278 320 258 284 274 330 284 287 298 328 322 327 322 324 -9999 -9999 -9999 -9999 -9999 -9999 -9999 -9999 -9999 -9999 280 273 266 259 258 253 248 241 239 244 251 254 254 250 248 249 253 253 244 242 243
-9999 -9999 -9999 -9999 -9999 -9999 -9999 -9999 -9999 -9999 -9999 -9999 -9999 -9999 -9999 324 312 302 297 294 287 278 203 280 210 282 268 195 190 242 246 230 180 245 251 202 285 290 314 271 301 264 240 205 288 273 223 233 267 351 314 325 -9999 -9999 -9999 -9999 -9999 -9999 -9999 -9999 -9999 -9999 -9999 285 278 270 263 262 263 248 243 242 244 248 254 256 252 251 254 256 255 247 244 247
-9999 -9999 -9999 -9999 -9999 -9999 -9999 -9999 -9999 -9999 -9999 -9999 -9999 -9999 -9999 320 309 298 301 297 286 284 -9999 -9999 -9999 -9999 -9999 -9999 261 247 177 174 181 244 252 280 226 237 316 242 236 265 206 276 205 224 270 205 222 221 276 -9999 -9999 -9999 -9999 -9999 -9999 -9999 -9999 -9999 -9999 -9999 -9999 -9999 278 271 266 266 259 262 244 243 248 257 257 256 258 255 260 258 257 252 250 253
-9999 -9999 -9999 -9999 -9999 -9999 -9999 -9999 -9999 -9999 -9999 -9999 -9999 -9999 -9999 -9999 315 308 228 297 300 -9999 -9999 -9999 -9999 -9999 -9999 -9999 -9999 -9999 -9999 232 175 233 231 274 292 317 255 256 247 227 206 199 192 216 258 218 198 200 -9999 -9999 -9999 -9999 -9999 -9999 -9999 -9999 -9999 -9999 -9999 -9999 -9999 -9999 284 274 269 268 252 249 247 246 246 257 258 259 260 259 261 260 259 256 258 267
-9999 -9999 -9999 -9999 -9999 -9999 -9999 -9999 -9999 -9999 -9999 -9999 -9999 -9999 -9999 -9999 313 311 303 -9999 -9999 -9999 -9999 -9999 -9999 -9999 -9999 -9999 -9999 -9999 -9999 184 176 171 180 251 207 318 299 301 286 249 316 219 254 198 242 221 201 209 -9999 -9999 -9999 -9999 -9999 -9999 -9999 -9999 -9999 -9999 -9999 -9999 -9999 -9999 285 277 270 259 255 250 250 248 248 248 257 261 263 262 264 262 262 264 261 268
-9999 -9999 -9999 -9999 -9999 -9999 -9999 -9999 -9999 -9999 -9999 -9999 -9999 -9999 -9999 -9999 -9999 -9999 -9999 -9999 -9999 -9999 -9999 -9999 -9999 -9999 -9999 -9999 -9999 -9999 -9999 -9999 234 173 237 188 258 308 209 291 212 220 226 218 206 181 181 218 209 195 -9999 -9999 -9999 -9999 -9999 -9999 -9999 -9999 -9999 -9999 -9999 -9999 -9999 -9999 287 280 275 264 258 255 252 255 250 250 257 258 263 264 265 266 266 268 268 270
-9999 -9999 -9999 -9999 -9999 -9999 -9999 -9999 -9999 -9999 -9999 -9999 -9999 -9999 -9999 -9999 -9999 -9999 -9999 -9999 -9999 -9999 -9999 -9999 -9999 -9999 -9999 -9999 -9999 -9999 -9999 -9999 176 220 224 200 209 233 284 200 190 253 207 205 197 185 222 204 194 187 -9999 -9999 -9999 -9999 -9999 -9999 -9999 -9999 -9999 -9999 -9999 -9999 -9999 -9999 -9999 281 277 265 261 258 257 253 253 259 260 261 262 264 267 267 268 269 272 279
-9999 -9999 -9999 -9999 -9999 -9999 -9999 -9999 -9999 -9999 -9999 -9999 -9999 -9999 -9999 -9999 -9999 -9999 -9999 -9999 -9999 -9999 -9999 -9999 -9999 -9999 -9999 -9999 -9999 -9999 -9999 -9999 -9999 224 240 192 275 235 214 246 245 197 247 196 243 182 180 198 179 182 -9999 -9999 -9999 -9999 -9999 -9999 -9999 -9999 -9999 -9999 -9999 -9999 -9999 -9999 -9999 280 279 266 265 260 257 256 255 256 261 262 264 266 268 266 268 270 280 286
-9999 -9999 -9999 -9999 -9999 -9999 -9999 -9999 -9999 -9999 -9999 -9999 -9999 -9999 -9999 -9999 -9999 -9999 -9999 -9999 -9999 -9999 -9999 -9999 -9999 -9999 -9999 -9999 -9999 -9999 -9999 -9999 -9999 178 241 207 283 234 204 197 183 188 183 236 196 240 186 189 182 -9999 -9999 -9999 -9999 -9999 -9999 -9999 -9999 -9999 -9999 -9999 -9999 -9999 -9999 -9999 -9999 279 272 269 269 265 259 262 257 257 258 259 262 264 263 269 269 272 280 291
-9999 -9999 -9999 -9999 -9999 -9999 -9999 -9999 -9999 -9999 -9999 -9999 -9999 -9999 -9999 -9999 -9999 -9999 -9999 -9999 -9999 -9999 -9999 -9999 -9999 -9999 -9999 -9999 -9999 -9999 -9999 -9999 -9999 -9999 261 195 269 222 273 206 191 191 193 180 243 184 -9999 -9999 -9999 -9999 -9999 -9999 -9999 -9999 -9999 -9999 -9999 -9999 -9999 -9999 -9999 -9999 -9999 -9999 -9999 303 274 283 288 273 265 262 265 260 260 262 262 263 266 269 273 276 279 294
-9999 -9999 -9999 -9999 -9999 -9999 -9999 -9999 -9999 -9999 -9999 -9999 -9999 -9999 -9999 -9999 -9999 -9999 -9999 -9999 -9999 -9999 -9999 -9999 -9999 -9999 -9999 -9999 -9999 -9999 -9999 -9999 -9999 -9999 248 183 211 272 218 206 203 200 258 190 237 175 -9999 -9999 -9999 -9999 -9999 -9999 -9999 -9999 -9999 -9999 -9999 -9999 -9999 -9999 -9999 -9999 -9999 -9999 -9999 -9999 311 309 289 277 270 265 263 269 264 269 268 267 270 271 275 279 282 292
-9999 -9999 -9999 -9999 -9999 -9999 -9999 -9999 -9999 -9999 -9999 -9999 -9999 -9999 -9999 -9999 -9999 -9999 -9999 -9999 -9999 -9999 -9999 -9999 -9999 -9999 -9999 -9999 -9999 -9999 -9999 -9999 -9999 -9999 178 193 263 202 218 210 208 206 195 189 -9999 -9999 -9999 -9999 -9999 -9999 -9999 -9999 -9999 -9999 -9999 -9999 -9999 -9999 -9999 -9999 -9999 -9999 -9999 -9999 -9999 -9999 320 315 286 278 273 269 266 272 271 273 272 275 278 276 279 282 283 287
-9999 -9999 -9999 -9999 -9999 -9999 -9999 -9999 -9999 -9999 -9999 -9999 -9999 -9999 -9999 -9999 -9999 -9999 -9999 -9999 -9999 -9999 -9999 -9999 -9999 -9999 -9999 -9999 -9999 -9999 -9999 -9999 -9999 -9999 181 254 192 257 210 202 253 196 261 202 -9999 -9999 -9999 -9999 -9999 -9999 -9999 -9999 -9999 -9999 -9999 -9999 -9999 -9999 -9999 -9999 -9999 -9999 -9999 -9999 -9999 -9999 311 321 320 291 276 272 268 269 273 274 276 281 279 282 286 288 286 288
