invasiveSpecies/multiSpecies/data/current_1960_1990_ASC/worldclim_KE_bio6.asc
ncols         348
nrows         296
xllcorner     36.067913676899
yllcorner     0.12509924133957
cellsize      0.0083333337679505
NODATA_value  -9999
[rows 38 to 75 of 296, columns 168 to 251 of 348]
-9999 -9999 -9999 -9999 -9999 -9999 -9999 -9999 -9999 -9999 -9999 -9999 -9999 -9999 -9999 -9999 -9999 -9999 -9999 -9999 -9999 -9999 -9999 -9999 -9999 -9999 -9999 -9999 -9999 -9999 -9999 -9999 -9999 -9999 -9999 -9999 145 145 143 142 141 141 139 144 136 135 132 131 129 127 126 123 -9999 -9999 -9999 -9999 -9999 -9999 -9999 -9999 -9999 -9999 -9999 -9999 -9999 -9999 -9999 132 134 137 139 141 142 146 148 151 152 153 155 156 157 158 159 160
-9999 -9999 -9999 -9999 -9999 -9999 -9999 -9999 -9999 -9999 -9999 -9999 -9999 -9999 -9999 -9999 -9999 -9999 -9999 -9999 -9999 -9999 -9999 -9999 -9999 -9999 -9999 -9999 -9999 -9999 -9999 -9999 -9999 -9999 -9999 -9999 146 145 143 141 141 140 139 137 135 132 131 130 127 125 125 123 115 113 110 -9999 -9999 -9999 -9999 -9999 -9999 -9999 -9999 -9999 -9999 -9999 -9999 134 136 138 140 142 144 148 150 152 153 155 156 157 157 159 160 161
-9999 -9999 -9999 -9999 -9999 -9999 -9999 -9999 -9999 -9999 -9999 -9999 -9999 -9999 -9999 -9999 -9999 -9999 -9999 -9999 -9999 -9999 -9999 -9999 -9999 -9999 -9999 -9999 -9999 -9999 -9999 -9999 -9999 -9999 -9999 -9999 145 143 142 141 141 140 138 137 135 132 131 129 124 124 122 120 115 113 111 111 -9999 -9999 -9999 -9999 -9999 -9999 -9999 -9999 -9999 -9999 135 135 136 139 141 141 144 149 152 153 154 155 157 157 158 159 160 161
-9999 -9999 -9999 -9999 -9999 -9999 -9999 -9999 -9999 -9999 -9999 -9999 -9999 -9999 -9999 -9999 -9999 -9999 -9999 -9999 -9999 -9999 -9999 -9999 -9999 -9999 -9999 -9999 -9999 -9999 -9999 -9999 -9999 -9999 -9999 -9999 145 144 143 141 140 140 138 136 133 132 131 129 128 125 123 122 116 117 117 119 117 -9999 -9999 -9999 -9999 -9999 -9999 -9999 134 135 137 137 137 141 143 144 150 152 153 154 155 156 157 158 159 160 162 162
-9999 -9999 -9999 -9999 -9999 -9999 -9999 -9999 -9999 -9999 -9999 -9999 -9999 -9999 -9999 -9999 -9999 -9999 -9999 -9999 -9999 -9999 -9999 -9999 -9999 -9999 -9999 -9999 -9999 -9999 -9999 -9999 -9999 -9999 -9999 -9999 146 145 143 141 139 139 137 135 135 132 130 130 130 126 124 123 123 122 123 122 121 -9999 -9999 -9999 -9999 -9999 -9999 -9999 137 137 136 141 140 144 146 148 152 154 155 155 156 157 158 159 160 161 163 164
-9999 -9999 -9999 -9999 -9999 -9999 -9999 -9999 -9999 -9999 -9999 -9999 -9999 -9999 -9999 -9999 -9999 -9999 -9999 -9999 -9999 -9999 -9999 -9999 -9999 -9999 -9999 -9999 -9999 -9999 -9999 -9999 -9999 -9999 -9999 -9999 146 144 143 140 139 139 137 136 134 133 131 130 130 126 125 124 124 123 124 125 127 -9999 -9999 -9999 -9999 -9999 -9999 136 139 140 138 141 144 146 148 150 153 154 156 156 157 158 159 161 162 163 164 164
-9999 -9999 -9999 -9999 -9999 -9999 -9999 -9999 -9999 -9999 -9999 -9999 -9999 -9999 -9999 -9999 -9999 -9999 -9999 -9999 -9999 -9999 -9999 -9999 -9999 -9999 -9999 -9999 -9999 -9999 -9999 -9999 -9999 -9999 -9999 -9999 145 144 143 141 139 138 137 137 136 134 134 131 131 127 127 128 125 127 125 126 128 -9999 132 133 134 136 138 139 140 141 141 142 146 147 150 153 154 154 156 157 157 158 160 162 163 164 164 165
-9999 -9999 -9999 -9999 -9999 -9999 -9999 -9999 -9999 -9999 -9999 -9999 -9999 -9999 -9999 -9999 -9999 -9999 -9999 -9999 -9999 -9999 -9999 -9999 -9999 -9999 -9999 -9999 -9999 -9999 -9999 -9999 -9999 -9999 -9999 -9999 146 144 143 142 139 137 137 137 135 134 134 134 132 129 129 130 129 129 133 146 134 133 134 135 136 137 140 141 142 144 145 146 148 148 151 153 155 156 156 157 158 158 160 162 163 163 165 166
-9999 -9999 -9999 -9999 -9999 -9999 -9999 -9999 -9999 -9999 -9999 -9999 -9999 -9999 -9999 -9999 -9999 -9999 -9999 -9999 -9999 -9999 -9999 -9999 -9999 -9999 -9999 -9999 -9999 -9999 -9999 -9999 -9999 -9999 -9999 147 146 145 143 142 140 139 137 136 135 134 134 134 133 131 130 130 130 132 145 146 137 135 136 138 139 139 141 143 144 146 146 146 150 150 152 154 155 157 156 157 158 159 161 161 163 165 166 167
-9999 -9999 -9999 -9999 -9999 -9999 -9999 -9999 -9999 -9999 -9999 -9999 -9999 -9999 -9999 -9999 -9999 -9999 -9999 -9999 -9999 -9999 -9999 -9999 -9999 -9999 -9999 -9999 -9999 -9999 -9999 -9999 -9999 -9999 -9999 148 147 146 144 143 141 139 138 137 136 135 134 134 134 132 129 131 132 134 136 137 135 138 137 140 142 143 143 146 147 148 149 149 150 153 154 155 157 158 160 160 160 161 163 164 165 166 166 167
-9999 -9999 -9999 -9999 -9999 -9999 -9999 -9999 -9999 -9999 -9999 -9999 -9999 -9999 -9999 -9999 -9999 -9999 -9999 -9999 -9999 -9999 -9999 -9999 -9999 -9999 -9999 -9999 -9999 -9999 -9999 -9999 -9999 -9999 -9999 149 158 158 144 143 141 140 138 137 137 136 134 134 134 133 132 133 134 135 136 137 138 139 140 141 141 143 146 147 149 148 150 152 152 154 155 157 158 159 160 161 162 163 163 165 165 166 167 169
-9999 -9999 -9999 -9999 -9999 -9999 -9999 -9999 -9999 -9999 -9999 -9999 -9999 -9999 -9999 -9999 -9999 -9999 -9999 -9999 -9999 -9999 -9999 -9999 -9999 -9999 -9999 -9999 -9999 -9999 -9999 -9999 -9999 -9999 -9999 149 152 149 144 143 142 140 139 138 137 136 135 135 134 135 135 136 137 137 138 138 140 141 142 143 143 144 146 148 149 152 153 153 155 155 157 156 159 160 160 162 163 164 165 166 166 167 168 168
-9999 -9999 -9999 -9999 -9999 -9999 -9999 -9999 -9999 -9999 -9999 -9999 -9999 -9999 -9999 -9999 -9999 -9999 -9999 -9999 -9999 -9999 -9999 -9999 -9999 -9999 -9999 -9999 -9999 -9999 -9999 -9999 -9999 -9999 -9999 149 148 146 145 143 142 141 140 139 136 137 135 135 135 137 136 139 139 140 140 142 142 144 143 144 145 146 147 149 153 156 154 155 156 156 157 158 159 161 161 162 164 165 166 167 167 168 168 169
-9999 -9999 -9999 -9999 -9999 -9999 -9999 -9999 -9999 -9999 -9999 -9999 -9999 -9999 -9999 -9999 -9999 -9999 -9999 -9999 -9999 -9999 -9999 -9999 -9999 -9999 -9999 -9999 -9999 -9999 -9999 -9999 -9999 -9999 -9999 149 148 147 145 144 143 143 141 140 139 139 137 136 137 138 140 141 141 141 141 142 143 144 145 146 146 148 149 150 153 157 155 156 157 158 158 159 160 162 163 164 163 165 166 167 168 169 169 169
-9999 -9999 -9999 -9999 -9999 -9999 -9999 -9999 -9999 -9999 -9999 -9999 -9999 -9999 -9999 -9999 -9999 -9999 -9999 -9999 -9999 -9999 -9999 -9999 -9999 -9999 -9999 -9999 -9999 -9999 -9999 -9999 -9999 -9999 -9999 149 148 147 145 145 144 143 143 141 140 139 137 138 139 139 142 143 142 143 142 144 145 146 147 147 149 150 151 152 153 157 156 157 159 158 160 160 160 162 163 165 165 166 167 168 169 170 171 171
-9999 -9999 -9999 -9999 -9999 -9999 -9999 -9999 -9999 -9999 -9999 -9999 -9999 -9999 -9999 -9999 -9999 -9999 -9999 -9999 -9999 -9999 -9999 -9999 -9999 -9999 -9999 -9999 -9999 -9999 -9999 -9999 -9999 -9999 -9999 149 149 147 146 145 145 144 144 142 142 141 138 141 141 142 143 144 144 144 144 146 146 147 148 149 152 152 154 153 155 156 160 159 158 160 161 159 161 162 164 165 166 169 168 169 170 171 171 173
-9999 -9999 -9999 -9999 -9999 -9999 -9999 -9999 -9999 -9999 -9999 -9999 -9999 -9999 -9999 -9999 -9999 -9999 -9999 -9999 -9999 -9999 -9999 -9999 -9999 -9999 -9999 -9999 -9999 -9999 -9999 -9999 -9999 -9999 -9999 149 149 148 147 146 146 146 145 144 142 142 142 143 143 144 145 146 146 147 147 147 147 148 149 151 152 152 155 155 155 156 158 159 159 159 161 162 162 163 164 166 167 169 171 169 170 171 173 172
-9999 -9999 -9999 -9999 -9999 -9999 -9999 -9999 -9999 -9999 -9999 -9999 -9999 -9999 -9999 -9999 -9999 -9999 -9999 -9999 -9999 -9999 -9999 -9999 -9999 -9999 -9999 -9999 -9999 -9999 -9999 -9999 -9999 -9999 -9999 149 150 149 148 148 146 147 146 145 144 144 144 145 146 145 146 148 148 149 148 149 149 149 150 152 153 154 155 156 156 157 160 159 161 162 163 162 161 163 165 166 167 168 168 172 171 172 172 174
-9999 -9999 -9999 -9999 -9999 -9999 -9999 -9999 -9999 -9999 -9999 -9999 -9999 -9999 -9999 -9999 -9999 -9999 -9999 -9999 -9999 -9999 -9999 -9999 -9999 -9999 -9999 -9999 -9999 -9999 -9999 -9999 -9999 -9999 -9999 149 150 149 149 148 147 147 146 146 145 146 145 146 147 147 148 149 150 151 150 150 150 151 151 154 154 157 164 157 157 158 160 162 162 167 164 164 164 165 166 167 168 168 168 171 172 174 173 173
-9999 -9999 -9999 -9999 -9999 -9999 -9999 -9999 -9999 -9999 -9999 -9999 -9999 -9999 -9999 -9999 -9999 -9999 -9999 -9999 -9999 -9999 -9999 -9999 -9999 -9999 -9999 -9999 -9999 -9999 -9999 -9999 -9999 -9999 152 151 151 150 149 149 149 148 147 147 146 146 146 147 148 148 148 149 150 150 153 152 152 152 153 154 155 155 157 157 159 160 159 163 165 164 169 167 166 166 167 168 170 169 170 172 172 173 173 174
-9999 -9999 -9999 -9999 -9999 -9999 -9999 -9999 -9999 -9999 -9999 -9999 -9999 -9999 -9999 -9999 -9999 -9999 -9999 -9999 -9999 -9999 -9999 -9999 -9999 -9999 -9999 -9999 -9999 -9999 -9999 -9999 -9999 -9999 153 153 152 152 150 150 150 149 148 148 148 148 149 149 149 149 148 149 150 153 152 155 155 154 154 155 155 156 157 158 159 160 167 163 169 166 168 170 168 167 168 169 170 171 171 172 172 173 175 174
-9999 -9999 -9999 -9999 -9999 -9999 -9999 -9999 -9999 -9999 -9999 -9999 -9999 -9999 -9999 -9999 -9999 -9999 -9999 -9999 -9999 -9999 -9999 -9999 -9999 -9999 -9999 -9999 -9999 -9999 -9999 -9999 -9999 -9999 155 155 154 153 152 151 149 150 150 150 150 150 151 150 150 150 150 150 151 154 156 155 156 155 155 156 156 157 158 158 160 161 165 171 171 171 172 171 167 168 168 169 170 171 172 172 173 173 175 175
-9999 -9999 -9999 -9999 -9999 -9999 -9999 -9999 -9999 -9999 -9999 -9999 -9999 -9999 -9999 -9999 -9999 -9999 -9999 -9999 -9999 -9999 -9999 -9999 -9999 -9999 -9999 -9999 -9999 -9999 -9999 -9999 -9999 -9999 156 156 155 154 154 153 152 151 151 150 151 152 152 152 151 151 152 153 152 154 156 157 156 157 157 157 157 157 158 159 159 160 161 169 171 172 172 172 171 170 171 170 171 171 173 173 173 173 175 174
-9999 -9999 -9999 -9999 -9999 -9999 -9999 -9999 -9999 -9999 -9999 -9999 -9999 -9999 -9999 -9999 -9999 -9999 -9999 -9999 -9999 -9999 -9999 -9999 -9999 -9999 -9999 -9999 -9999 -9999 -9999 -9999 -9999 -9999 157 157 156 155 154 154 153 152 152 152 152 153 153 153 153 153 154 154 154 155 158 157 157 160 158 157 158 158 159 160 164 162 168 171 172 173 173 173 173 168 172 172 172 172 172 174 174 174 175 176
-9999 -9999 -9999 -9999 -9999 -9999 -9999 -9999 -9999 -9999 -9999 -9999 -9999 -9999 -9999 -9999 -9999 -9999 -9999 -9999 -9999 -9999 -9999 -9999 -9999 -9999 -9999 -9999 -9999 -9999 -9999 -9999 -9999 159 158 158 157 157 157 154 154 153 154 153 154 154 154 156 154 155 155 155 155 157 158 160 160 161 161 158 158 160 160 160 168 171 171 172 173 173 173 173 173 173 173 173 173 173 173 174 175 175 175 176
-9999 -9999 -9999 -9999 -9999 -9999 -9999 -9999 -9999 -9999 -9999 -9999 -9999 -9999 -9999 -9999 -9999 -9999 -9999 -9999 -9999 -9999 -9999 -9999 -9999 -9999 -9999 -9999 -9999 -9999 -9999 -9999 -9999 160 159 158 158 158 159 157 155 155 155 155 155 154 155 157 157 156 156 157 156 162 160 160 162 161 167 160 161 168 168 173 173 172 173 173 173 173 173 173 174 173 173 173 173 173 173 174 175 175 176 177
-9999 -9999 -9999 -9999 -9999 -9999 -9999 -9999 -9999 -9999 -9999 -9999 -9999 -9999 -9999 -9999 -9999 -9999 -9999 -9999 -9999 -9999 -9999 -9999 -9999 -9999 -9999 -9999 -9999 -9999 -9999 -9999 -9999 160 160 160 159 159 160 159 157 157 158 156 157 156 157 159 159 158 158 159 159 163 163 162 163 162 163 162 167 171 171 173 174 174 174 174 174 174 174 174 174 174 173 171 172 172 173 174 174 175 176 176
-9999 -9999 -9999 -9999 -9999 -9999 -9999 -9999 -9999 -9999 -9999 -9999 -9999 -9999 -9999 -9999 -9999 -9999 -9999 -9999 -9999 -9999 -9999 -9999 -9999 -9999 -9999 -9999 -9999 -9999 -9999 -9999 -9999 162 162 161 161 162 162 161 159 159 158 159 159 159 160 159 160 159 159 164 161 161 162 164 165 164 165 169 171 172 173 173 174 174 174 174 174 174 174 174 174 174 174 169 171 171 173 174 175 176 177 177
-9999 -9999 -9999 -9999 -9999 -9999 -9999 -9999 -9999 -9999 -9999 -9999 -9999 -9999 -9999 -9999 -9999 -9999 -9999 -9999 -9999 -9999 -9999 -9999 -9999 -9999 -9999 -9999 -9999 -9999 -9999 -9999 -9999 162 163 163 162 163 163 162 161 160 160 160 161 161 162 162 162 161 162 165 164 164 163 164 166 166 166 169 172 172 173 174 174 174 174 174 174 174 174 174 174 174 174 168 170 171 173 174 175 177 176 177
-9999 -9999 -9999 -9999 -9999 -9999 -9999 -9999 -9999 -9999 -9999 -9999 -9999 -9999 -9999 -9999 -9999 -9999 -9999 -9999 -9999 -9999 -9999 -9999 -9999 -9999 -9999 -9999 -9999 -9999 -9999 -9999 163 163 163 164 163 163 164 163 163 163 163 161 163 163 163 164 163 162 164 165 165 165 165 165 167 166 169 171 172 172 173 173 174 174 174 174 174 174 174 174 174 174 172 167 168 170 173 174 175 176 176 177
-9999 -9999 -9999 -9999 -9999 -9999 -9999 -9999 -9999 -9999 -9999 -9999 -9999 -9999 -9999 -9999 -9999 -9999 -9999 -9999 -9999 -9999 -9999 -9999 -9999 -9999 -9999 -9999 -9999 -9999 -9999 -9999 164 164 164 164 164 164 164 164 164 164 164 165 164 165 165 165 164 165 165 166 167 166 166 168 167 167 170 172 173 173 173 174 174 174 174 174 174 174 174 175 175 174 172 166 166 170 172 174 175 176 177 177
-9999 -9999 -9999 -9999 -9999 -9999 -9999 -9999 -9999 -9999 -9999 -9999 -9999 -9999 -9999 -9999 -9999 -9999 -9999 -9999 -9999 -9999 -9999 -9999 -9999 -9999 -9999 -9999 -9999 -9999 -9999 -9999 164 165 165 164 165 165 165 165 165 165 166 166 166 166 166 166 167 167 168 168 168 168 168 169 167 168 171 172 173 173 174 174 174 174 174 174 174 174 174 175 175 175 174 166 167 170 173 174 175 176 177 177
-9999 -9999 -9999 -9999 -9999 -9999 -9999 -9999 -9999 -9999 -9999 -9999 -9999 -9999 -9999 -9999 -9999 -9999 -9999 -9999 -9999 -9999 -9999 -9999 -9999 -9999 -9999 -9999 -9999 -9999 -9999 165 165 165 165 165 165 166 166 165 165 166 166 167 167 168 167 167 168 169 169 169 169 170 170 170 169 171 171 172 172 174 174 175 175 175 174 175 175 175 175 175 175 175 171 167 170 171 173 174 175 176 177 177
-9999 -9999 -9999 -9999 -9999 -9999 -9999 -9999 -9999 -9999 -9999 -9999 -9999 -9999 -9999 -9999 -9999 -9999 -9999 -9999 -9999 -9999 -9999 -9999 -9999 -9999 -9999 -9999 -9999 -9999 -9999 165 164 165 165 166 166 167 166 166 166 166 167 167 168 169 168 169 170 170 170 171 170 171 172 171 170 170 171 172 173 173 174 175 174 175 175 175 175 175 175 175 175 175 165 168 171 172 174 174 176 176 177 177
-9999 -9999 -9999 -9999 -9999 -9999 -9999 -9999 -9999 -9999 -9999 -9999 -9999 -9999 -9999 -9999 -9999 -9999 -9999 -9999 -9999 -9999 -9999 -9999 -9999 -9999 -9999 -9999 -9999 -9999 -9999 166 165 165 165 166 167 167 167 167 167 167 167 168 169 169 170 171 171 171 171 172 172 172 172 172 172 172 172 172 173 174 175 175 174 174 175 175 175 175 175 175 175 166 166 170 171 172 174 175 175 177 177 177
-9999 -9999 -9999 -9999 -9999 -9999 -9999 -9999 -9999 -9999 -9999 -9999 -9999 -9999 -9999 -9999 -9999 -9999 -9999 -9999 -9999 -9999 -9999 -9999 -9999 -9999 -9999 -9999 -9999 -9999 167 167 166 166 166 167 167 168 168 168 168 168 168 169 169 169 170 172 172 172 172 172 172 172 172 172 172 172 172 173 174 174 175 175 174 175 175 175 175 175 175 175 175 175 173 172 171 172 173 175 176 177 177 177
-9999 -9999 -9999 -9999 -9999 -9999 -9999 -9999 -9999 -9999 -9999 -9999 -9999 -9999 -9999 -9999 -9999 -9999 -9999 -9999 -9999 -9999 -9999 -9999 -9999 -9999 -9999 -9999 -9999 -9999 167 167 167 167 167 168 168 168 168 169 169 169 169 169 170 170 171 172 172 172 172 172 172 172 172 173 173 173 173 173 173 174 175 175 175 174 174 175 175 175 175 175 175 175 176 176 176 176 176 176 176 176 177 177
-9999 -9999 -9999 -9999 -9999 -9999 -9999 -9999 -9999 -9999 -9999 -9999 -9999 -9999 -9999 -9999 -9999 -9999 -9999 -9999 -9999 -9999 -9999 -9999 -9999 -9999 -9999 -9999 -9999 -9999 167 168 168 168 167 168 168 169 169 170 170 169 169 170 171 170 171 172 172 172 172 172 172 173 173 173 173 173 173 173 173 174 174 175 175 175 174 174 174 175 175 175 175 175 176 176 176 176 176 176 176 176 176 177
