invasiveSpecies/multiSpecies/data/current_1960_1990_ASC/worldclim_KE_bio4.asc
ncols         348
nrows         296
xllcorner     36.067913676899
yllcorner     0.12509924133957
cellsize      0.0083333337679505
NODATA_value  -9999
[rows 76 to 113 of 296, columns 168 to 251 of 348]
-9999 -9999 -9999 -9999 -9999 -9999 -9999 -9999 -9999 -9999 -9999 -9999 -9999 -9999 -9999 -9999 -9999 -9999 -9999 -9999 -9999 -9999 -9999 -9999 -9999 -9999 -9999 -9999 -9999 832 823 857 824 816 821 828 850 847 809 874 834 855 857 844 885 853 876 868 868 836 858 864 820 858 861 869 859 860 869 878 859 853 831 819 833 872 859 870 888 857 860 848 857 847 865 865 884 890 891 878 899 886 900 900
-9999 -9999 -9999 -9999 -9999 -9999 -9999 -9999 -9999 -9999 -9999 -9999 -9999 -9999 -9999 -9999 -9999 -9999 -9999 -9999 -9999 -9999 -9999 -9999 -9999 -9999 -9999 -9999 -9999 848 820 863 831 873 873 853 867 839 851 850 826 822 836 836 830 842 864 883 887 877 836 872 855 833 844 861 860 860 864 881 853 832 806 806 831 834 862 850 862 874 871 852 849 871 862 861 872 879 883 877 874 885 895 895
-9999 -9999 -9999 -9999 -9999 -9999 -9999 -9999 -9999 -9999 -9999 -9999 -9999 -9999 -9999 -9999 -9999 -9999 -9999 -9999 -9999 -9999 -9999 -9999 -9999 -9999 -9999 -9999 828 832 822 851 850 825 840 822 846 855 845 812 843 853 847 847 816 830 850 876 876 871 836 842 842 820 831 870 870 853 860 866 863 846 847 806 806 817 832 832 882 875 868 841 836 871 862 865 872 872 890 891 881 891 886 895
-9999 -9999 -9999 -9999 -9999 -9999 -9999 -9999 -9999 -9999 -9999 -9999 -9999 -9999 -9999 -9999 -9999 -9999 -9999 -9999 -9999 -9999 -9999 -9999 -9999 -9999 -9999 -9999 850 863 865 807 809 795 858 840 828 814 813 850 857 853 855 842 805 854 842 859 871 887 857 855 864 830 820 853 870 860 860 853 855 857 847 806 806 825 818 834 863 884 875 852 836 846 863 864 863 872 879 893 889 897 870 895
-9999 -9999 -9999 -9999 -9999 -9999 -9999 -9999 -9999 -9999 -9999 -9999 -9999 -9999 -9999 -9999 -9999 -9999 -9999 -9999 -9999 -9999 -9999 -9999 -9999 -9999 -9999 -9999 826 843 863 839 803 859 804 804 804 814 854 843 841 839 837 814 805 825 840 849 874 873 865 855 831 835 830 821 840 870 860 853 877 851 857 813 807 806 818 832 843 875 857 857 838 836 873 876 878 872 883 879 875 873 879 883
-9999 -9999 -9999 -9999 -9999 -9999 -9999 -9999 -9999 -9999 -9999 -9999 -9999 -9999 -9999 -9999 -9999 -9999 -9999 -9999 -9999 -9999 -9999 -9999 -9999 -9999 -9999 830 811 840 804 812 852 864 851 811 815 816 854 857 846 841 825 825 832 825 825 840 842 860 878 868 850 850 835 817 829 857 857 853 853 846 851 843 814 815 825 818 869 870 857 846 838 844 846 871 873 876 871 885 875 873 873 877
-9999 -9999 -9999 -9999 -9999 -9999 -9999 -9999 -9999 -9999 -9999 -9999 -9999 -9999 -9999 -9999 -9999 -9999 -9999 -9999 -9999 -9999 -9999 -9999 -9999 -9999 -9999 819 810 818 804 859 862 859 859 811 805 815 857 860 846 841 857 850 829 834 833 847 854 860 873 873 850 850 850 852 833 829 863 870 859 877 859 843 843 813 832 820 818 853 857 857 854 843 855 871 872 873 871 880 873 862 859 869
-9999 -9999 -9999 -9999 -9999 -9999 -9999 -9999 -9999 -9999 -9999 -9999 -9999 -9999 -9999 -9999 -9999 -9999 -9999 -9999 -9999 -9999 -9999 -9999 -9999 -9999 817 817 825 810 803 799 858 862 859 859 809 809 829 842 860 832 832 832 838 828 830 827 854 846 849 859 866 850 850 865 842 829 857 857 855 846 859 850 856 818 828 828 827 825 853 857 854 853 845 857 873 871 876 885 880 860 864 890
-9999 -9999 -9999 -9999 -9999 -9999 -9999 -9999 -9999 -9999 -9999 -9999 -9999 -9999 -9999 -9999 -9999 -9999 -9999 -9999 -9999 -9999 -9999 -9999 -9999 -9999 805 803 802 817 817 810 813 839 861 854 854 814 803 846 849 832 832 853 835 838 828 830 849 833 851 860 860 864 878 848 842 854 829 829 850 855 846 860 856 847 818 821 828 812 839 865 857 854 853 853 857 868 868 877 872 866 860 868
-9999 -9999 -9999 -9999 -9999 -9999 -9999 -9999 -9999 -9999 -9999 -9999 -9999 -9999 -9999 -9999 -9999 -9999 -9999 -9999 -9999 -9999 -9999 -9999 -9999 -9999 856 813 828 811 812 825 816 829 839 861 852 834 825 824 834 849 846 832 853 850 835 832 847 836 835 832 831 846 831 835 860 844 838 838 839 842 846 860 868 843 855 828 839 828 824 881 862 855 842 853 862 894 868 882 877 882 880 844
-9999 -9999 -9999 -9999 -9999 -9999 -9999 -9999 -9999 -9999 -9999 -9999 -9999 -9999 -9999 -9999 -9999 -9999 -9999 -9999 -9999 -9999 -9999 -9999 -9999 835 835 835 834 862 810 810 817 808 818 839 857 841 846 827 841 839 849 838 845 850 850 835 835 829 845 850 847 841 861 835 862 866 846 834 829 853 832 866 857 843 853 845 833 839 815 815 842 864 842 853 862 898 861 859 882 867 860 843
-9999 -9999 -9999 -9999 -9999 -9999 -9999 -9999 -9999 -9999 -9999 -9999 -9999 -9999 -9999 -9999 -9999 -9999 -9999 -9999 -9999 -9999 -9999 -9999 -9999 791 784 813 835 829 849 810 810 825 816 813 848 857 844 848 827 839 838 836 825 838 824 850 850 829 832 836 853 834 831 848 835 866 852 834 822 842 828 856 866 836 845 830 833 830 832 842 853 862 844 844 862 868 907 856 869 869 861 858
-9999 -9999 -9999 -9999 -9999 -9999 -9999 -9999 -9999 -9999 -9999 -9999 -9999 -9999 -9999 -9999 -9999 -9999 -9999 -9999 -9999 -9999 -9999 814 824 809 795 777 784 835 829 838 810 825 821 803 813 861 843 847 825 827 813 838 849 825 838 838 838 840 837 829 843 827 818 811 861 853 850 846 831 842 838 828 860 845 845 853 823 837 832 837 865 849 870 858 842 862 870 890 871 869 869 856
-9999 -9999 -9999 -9999 -9999 -9999 -9999 -9999 -9999 -9999 -9999 -9999 -9999 -9999 -9999 -9999 -9999 -9999 -9999 -9999 -9999 833 833 833 846 825 809 793 784 808 830 842 810 810 821 806 818 856 843 847 851 848 827 831 832 827 836 846 838 838 840 837 843 853 821 820 846 848 853 851 838 834 835 838 839 848 845 843 857 823 834 830 838 847 847 858 856 862 868 907 880 867 869 857
-9999 -9999 -9999 -9999 -9999 -9999 -9999 -9999 -9999 -9999 -9999 -9999 -9999 -9999 -9999 -9999 -9999 -9999 819 834 779 841 845 845 845 852 850 826 793 777 784 830 842 834 810 808 792 817 816 829 831 847 851 849 849 834 832 827 833 825 856 839 829 843 827 819 831 862 864 866 849 838 816 816 828 840 830 843 853 855 823 835 831 853 848 844 861 851 862 895 898 882 882 859
-9999 -9999 -9999 -9999 -9999 -9999 -9999 -9999 -9999 -9999 -9999 -9999 -9999 -9999 -9999 -9999 811 820 802 823 820 820 795 806 806 820 858 823 812 777 797 793 842 836 824 820 830 792 821 840 856 829 831 844 849 849 843 847 844 851 831 828 831 850 846 843 814 807 837 866 858 831 835 820 819 805 840 843 843 850 823 831 818 851 849 859 850 851 874 895 895 882 869 851
-9999 -9999 -9999 -9999 -9999 -9999 -9999 -9999 -9999 -9999 -9999 -9999 -9999 -9999 -9999 -9999 819 819 821 797 832 810 800 804 800 806 828 858 826 776 777 797 810 836 822 824 817 830 792 808 813 841 840 840 816 840 843 836 839 837 832 828 831 840 855 829 813 807 820 835 862 858 842 834 820 825 832 832 853 853 850 821 832 843 852 844 861 863 863 868 897 887 882 844
-9999 -9999 -9999 -9999 -9999 -9999 -9999 -9999 -9999 -9999 -9999 -9999 -9999 -9999 -9999 -9999 817 831 831 856 795 810 835 819 800 800 806 845 835 829 826 777 793 842 836 826 820 810 830 830 802 825 834 850 842 853 845 845 845 843 832 828 839 854 858 829 806 804 794 839 865 862 858 834 803 812 821 832 830 866 859 807 807 843 842 849 844 863 863 874 884 874 857 845
-9999 -9999 -9999 -9999 -9999 -9999 -9999 -9999 -9999 -9999 -9999 -9999 -9999 -9999 -9999 -9999 833 813 827 842 797 838 851 835 814 814 799 810 846 845 829 787 793 782 780 799 842 837 826 817 830 830 816 853 838 833 851 853 845 856 836 842 842 831 862 840 824 804 791 829 850 851 858 816 820 808 822 832 832 866 853 834 807 832 833 853 847 869 857 862 861 885 869 853
-9999 -9999 -9999 -9999 -9999 -9999 -9999 -9999 -9999 -9999 -9999 -9999 -9999 -9999 -9999 -9999 789 809 799 810 810 822 838 837 819 814 796 799 806 855 815 768 785 778 778 784 799 829 835 827 830 827 817 811 830 832 833 842 859 843 836 819 832 838 826 864 827 820 804 791 829 851 858 852 816 816 808 845 831 866 866 853 820 825 825 839 862 859 859 859 862 879 860 860
-9999 -9999 -9999 -9999 -9999 -9999 -9999 -9999 -9999 -9999 -9999 -9999 -9999 -9999 -9999 -9999 807 803 805 776 779 801 819 838 821 819 810 796 806 806 835 830 841 785 778 786 779 782 842 821 843 834 817 817 829 845 847 835 842 835 851 854 825 803 832 800 815 819 863 803 804 795 850 854 830 816 808 838 845 830 857 845 863 820 821 839 862 861 857 851 877 877 873 846
-9999 -9999 -9999 -9999 -9999 -9999 -9999 -9999 -9999 -9999 -9999 -9999 -9999 -9999 -9999 -9999 816 816 825 809 807 779 810 825 854 832 819 806 804 796 792 847 852 815 798 785 774 787 797 819 837 826 837 833 815 823 823 834 833 836 851 843 827 870 837 803 830 837 826 810 780 843 804 842 835 816 808 805 819 845 839 857 863 834 821 833 850 868 857 852 852 887 887 846
-9999 -9999 -9999 -9999 -9999 -9999 -9999 -9999 -9999 -9999 -9999 -9999 -9999 -9999 -9999 -9999 804 818 817 812 839 784 818 810 845 839 822 815 806 799 799 839 827 841 815 780 780 777 777 809 837 837 816 803 798 836 837 838 822 832 832 829 829 843 848 815 831 826 803 805 849 826 791 846 809 845 838 816 822 849 850 847 851 843 829 845 839 864 882 874 846 873 877 860
-9999 -9999 -9999 -9999 -9999 -9999 -9999 -9999 -9999 -9999 -9999 -9999 -9999 -9999 -9999 -9999 786 798 788 803 839 795 781 812 810 836 839 820 799 799 799 799 792 839 831 820 774 787 787 784 814 820 790 823 836 837 816 842 815 837 829 840 822 818 814 813 834 849 833 833 798 841 850 790 797 835 796 824 805 819 842 808 845 835 824 845 850 871 877 869 848 862 857 841
-9999 -9999 -9999 -9999 -9999 -9999 -9999 -9999 -9999 -9999 -9999 -9999 -9999 -9999 -9999 -9999 -9999 799 788 788 803 839 810 784 812 843 843 832 818 805 800 795 796 792 837 824 807 784 777 777 787 778 785 824 792 820 820 829 822 841 833 833 828 839 849 830 819 848 837 853 835 841 844 780 855 826 805 866 833 830 836 835 854 833 830 843 836 871 871 863 852 837 857 841
-9999 -9999 -9999 -9999 -9999 -9999 -9999 -9999 -9999 -9999 -9999 -9999 -9999 -9999 -9999 -9999 -9999 785 798 788 784 822 837 789 796 818 818 853 841 821 805 805 778 796 802 810 824 784 771 788 787 785 821 788 787 827 814 812 820 820 842 827 839 833 844 844 838 813 841 821 845 819 841 787 839 856 865 806 828 805 841 805 840 834 834 844 856 867 871 858 863 837 863 846
-9999 -9999 -9999 -9999 -9999 -9999 -9999 -9999 -9999 -9999 -9999 -9999 -9999 -9999 -9999 -9999 803 767 798 784 806 816 811 802 807 796 818 844 823 845 834 805 805 777 778 806 838 808 797 788 788 837 828 818 802 831 812 798 836 818 825 833 825 823 838 838 826 826 854 836 828 836 840 850 802 850 826 825 844 835 830 839 841 849 855 846 856 859 866 861 837 841 877 860
-9999 -9999 -9999 -9999 -9999 -9999 -9999 -9999 -9999 -9999 -9999 -9999 789 789 816 819 770 790 793 789 789 784 810 810 815 813 813 815 796 829 817 809 837 803 792 816 799 818 815 785 812 828 815 796 845 799 809 817 820 811 835 832 833 838 824 826 837 844 830 826 837 827 826 812 827 792 825 806 837 814 836 831 834 806 850 840 846 852 883 864 837 852 867 860
-9999 -9999 -9999 -9999 -9999 -9999 -9999 -9999 -9999 -9999 -9999 -9999 816 809 779 779 797 776 797 785 783 784 797 775 810 810 807 809 818 827 795 791 826 821 780 806 807 818 798 825 815 768 821 832 831 828 823 800 818 812 811 825 816 829 827 840 836 820 831 825 839 830 844 826 853 813 825 854 813 830 815 805 833 830 848 834 844 849 848 856 841 852 857 860
-9999 -9999 -9999 -9999 -9999 -9999 -9999 -9999 -9999 -9999 -9999 789 804 795 788 779 774 780 794 788 790 784 785 800 802 815 832 838 786 805 838 829 813 848 792 777 802 800 818 818 823 818 780 792 823 809 794 806 796 810 814 821 822 838 819 832 819 819 831 831 813 854 836 814 844 820 842 827 811 828 815 816 810 811 839 841 835 827 848 844 858 852 868 873
-9999 -9999 -9999 -9999 -9999 -9999 -9999 -9999 -9999 -9999 -9999 797 788 809 782 782 788 788 779 778 784 770 780 801 799 784 786 788 818 815 840 786 775 821 806 808 777 770 806 806 812 784 791 820 821 822 789 797 816 818 807 823 815 816 807 838 845 818 843 830 828 809 844 829 818 820 842 813 811 806 826 825 815 805 821 839 828 847 864 844 875 817 857 860
-9999 -9999 -9999 -9999 -9999 -9999 -9999 -9999 -9999 -9999 786 822 783 803 773 797 795 800 782 790 797 794 788 788 802 797 802 798 783 793 790 792 832 825 825 821 805 815 788 803 803 828 828 788 818 808 831 793 818 779 778 818 789 816 827 831 820 824 827 834 834 812 823 829 819 851 832 813 817 811 815 825 829 826 791 833 844 847 846 837 854 866 848 814
-9999 -9999 -9999 -9999 -9999 -9999 -9999 -9999 -9999 798 774 785 809 795 795 789 795 770 798 790 762 781 781 800 802 821 798 786 812 786 792 809 812 806 792 800 798 821 795 808 773 785 804 828 794 805 816 791 818 809 809 794 800 808 802 818 823 845 810 831 822 823 840 811 838 854 818 826 817 819 813 805 813 826 810 819 832 843 855 846 837 865 871 855
-9999 -9999 -9999 -9999 -9999 -9999 -9999 -9999 -9999 782 797 799 801 801 809 795 791 791 770 783 805 768 794 803 781 796 781 765 818 769 803 829 800 814 800 782 798 789 798 798 794 799 799 820 813 792 808 789 806 791 830 778 796 806 816 838 788 812 810 805 841 818 840 836 820 842 816 826 808 822 798 826 805 818 813 841 837 832 860 823 853 839 862 866
-9999 -9999 -9999 -9999 -9999 -9999 -9999 -9999 824 810 797 807 783 769 798 806 802 775 784 794 799 805 797 811 811 795 795 772 799 798 777 785 812 832 811 832 838 808 769 791 780 820 775 821 807 821 808 788 817 808 806 786 817 802 809 802 826 830 832 828 814 835 807 833 818 826 822 826 805 808 808 805 818 845 799 806 835 856 856 815 854 881 818 832
-9999 -9999 -9999 -9999 -9999 -9999 -9999 -9999 784 793 795 784 796 804 816 812 809 774 795 812 819 822 780 803 802 807 764 800 811 817 795 812 806 805 805 794 785 808 831 819 794 812 806 834 824 770 775 782 791 798 810 809 796 812 815 818 812 817 808 812 814 820 805 817 826 826 817 813 810 805 842 798 795 808 827 835 808 813 867 844 849 867 839 872
-9999 -9999 -9999 -9999 -9999 -9999 -9999 797 808 798 787 795 783 813 807 792 801 812 810 805 825 815 802 793 790 784 774 790 804 786 798 810 812 814 820 797 795 799 775 831 831 784 815 791 779 794 781 786 792 783 797 805 810 799 805 814 814 826 826 814 839 805 822 825 821 815 812 803 805 807 822 806 809 826 822 848 856 853 858 856 837 837 862 867
-9999 -9999 -9999 -9999 -9999 -9999 797 799 795 814 771 809 799 766 797 829 806 804 798 819 815 795 774 805 799 790 790 753 806 808 759 766 797 778 825 814 814 832 785 789 793 793 832 770 777 780 777 795 788 781 810 810 795 801 788 806 802 826 828 818 819 845 822 825 823 822 828 817 823 820 796 790 786 817 835 820 843 830 823 824 828 831 838 838
