invasiveSpecies/multiSpecies/data/current_1960_1990_ASC/worldclim_KE_bio4.asc
ncols         348
nrows         296
xllcorner     36.067913676899
yllcorner     0.12509924133957
cellsize      0.0083333337679505
NODATA_value  -9999
[rows 152 to 189 of 296, columns 168 to 251 of 348]
722 710 737 754 716 734 747 734 738 751 758 755 759 766 760 795 729 732 729 734 738 764 766 761 714 754 764 770 748 730 767 731 760 734 733 730 755 774 791 771 801 753 745 738 774 774 747 772 753 743 740 731 740 742 749 768 794 768 771 744 741 800 781 752 802 793 773 788 795 799 805 769 804 797 797 807 777 776 789 802 812 824 784 778
744 722 721 736 706 754 739 744 748 761 769 746 769 764 787 769 778 756 770 734 765 705 775 753 751 732 781 772 776 760 725 742 756 736 738 744 745 751 789 753 771 743 741 737 774 750 780 745 752 762 747 749 756 769 760 790 765 770 776 776 768 730 744 765 796 806 789 769 786 786 786 782 783 772 784 800 790 777 795 781 816 776 779 808
722 746 742 743 743 739 739 730 732 764 741 757 740 751 773 762 729 762 751 753 745 755 723 764 691 778 751 785 795 709 748 717 721 751 695 776 782 741 791 763 779 777 740 781 727 768 783 756 772 761 750 753 763 768 742 777 760 778 768 764 770 766 761 736 738 745 747 796 766 751 809 792 789 783 778 797 785 796 790 777 801 781 792 780
737 760 748 730 743 726 744 730 746 747 764 759 745 735 745 792 779 744 746 740 722 727 741 718 741 736 710 773 698 795 707 761 775 737 784 788 742 775 758 748 755 762 766 762 761 759 780 780 778 763 748 723 758 764 729 795 785 771 780 779 782 773 753 738 736 779 789 745 780 773 790 764 765 796 806 766 791 778 793 809 785 791 791 773
759 755 738 734 723 731 698 735 725 756 745 735 729 741 729 732 764 757 748 762 775 782 722 701 713 738 792 786 770 803 770 741 695 695 767 761 740 751 760 771 731 738 739 731 783 771 752 772 764 769 748 764 764 769 745 789 785 785 755 782 768 774 780 753 742 761 766 736 789 775 749 779 783 778 779 765 758 802 799 789 785 797 795 792
766 736 731 759 728 743 732 730 730 734 742 724 745 729 737 729 764 767 768 742 739 753 729 784 752 737 792 792 708 708 710 740 767 712 703 789 786 752 779 731 745 732 769 774 765 783 789 777 786 744 750 745 743 750 751 751 790 774 778 767 772 779 790 775 791 789 760 761 771 775 770 773 789 765 778 791 769 794 788 779 784 795 792 787
774 773 727 720 749 730 735 712 710 712 723 726 723 705 729 738 731 760 748 771 747 759 720 744 749 730 771 731 774 791 724 702 710 743 710 747 774 750 780 795 719 763 725 724 771 751 762 778 784 772 780 757 766 739 778 747 755 786 764 743 768 799 799 775 760 795 786 771 758 769 741 777 773 788 774 813 779 772 768 788 782 810 807 794
744 735 751 760 761 733 741 716 730 723 727 715 723 724 728 758 760 747 747 731 740 751 756 752 740 713 721 741 737 771 739 777 719 713 772 707 744 798 726 735 745 739 746 734 749 742 744 766 782 783 761 760 760 738 741 762 734 786 766 788 765 750 774 778 773 780 770 801 784 791 751 756 807 757 784 797 782 778 782 787 802 800 819 807
731 734 764 774 762 753 726 728 729 726 717 716 703 703 738 745 744 747 753 752 732 745 747 718 739 719 740 757 763 761 761 758 750 726 726 737 798 803 768 789 732 746 740 725 747 753 747 770 779 775 786 773 751 760 743 752 751 780 741 751 754 769 760 756 772 764 775 773 774 740 776 766 779 779 791 807 780 776 784 800 788 802 786 804
743 753 764 735 774 699 734 719 716 734 733 733 693 725 738 737 760 750 738 745 752 724 733 750 734 755 733 762 759 752 755 770 758 761 733 739 713 732 754 740 723 733 710 752 740 765 740 747 754 746 731 769 775 743 761 741 759 756 769 791 769 765 756 754 799 778 801 789 743 771 786 780 754 796 791 807 780 757 797 796 776 781 785 789
699 759 725 771 718 745 762 750 692 724 727 737 702 714 734 743 727 762 762 731 765 726 756 719 724 752 748 726 745 735 758 733 755 753 768 779 772 741 732 731 776 774 756 707 752 748 719 774 762 734 765 798 775 771 743 734 754 781 766 759 771 763 763 787 778 767 742 784 756 791 737 800 777 805 788 792 780 760 787 784 785 816 817 799
766 710 747 726 769 709 762 776 729 727 689 719 746 700 717 748 730 749 751 760 737 728 714 757 713 708 765 722 768 747 758 775 779 741 743 727 768 785 770 742 804 753 721 708 740 746 742 755 721 727 738 795 772 755 749 750 764 769 766 762 745 765 773 779 785 774 764 751 771 777 735 771 778 793 771 769 780 759 764 751 797 810 799 784
749 741 762 751 769 771 722 715 776 720 700 740 746 720 753 725 743 733 734 732 729 753 763 718 741 757 714 743 773 762 775 737 748 779 776 703 719 775 740 700 762 788 764 760 757 751 768 762 729 754 763 769 775 758 748 773 760 766 761 761 761 761 758 777 778 764 744 759 780 771 748 758 748 771 802 763 766 755 787 771 792 799 769 821
737 746 731 759 744 750 764 755 755 739 710 713 744 719 716 716 723 743 742 732 714 716 712 734 705 757 776 749 766 756 762 736 743 743 729 755 741 731 749 725 767 753 765 760 708 708 714 727 743 746 760 760 754 746 762 746 764 769 769 779 761 758 748 776 732 764 769 775 795 747 790 758 780 795 773 795 765 777 768 771 753 795 769 820
736 737 738 732 751 761 741 758 740 739 729 713 740 704 717 720 735 728 735 764 726 737 753 727 748 741 716 778 752 740 736 749 703 713 708 745 702 753 755 764 722 789 771 747 703 763 768 749 710 767 753 774 739 783 730 747 736 774 779 762 749 758 758 758 748 783 776 788 762 740 764 770 788 803 776 780 781 780 760 766 780 779 786 786
744 714 727 730 749 742 733 740 751 739 728 729 700 712 714 730 727 723 750 730 716 748 703 721 721 752 737 736 754 765 749 709 749 703 730 724 740 749 773 756 764 726 710 749 705 745 772 759 753 757 738 735 799 774 779 768 766 744 742 734 748 742 778 766 760 782 790 794 779 755 768 782 786 790 769 766 778 761 764 768 756 784 793 786
721 725 737 746 734 745 728 740 747 752 758 737 720 706 737 737 737 713 737 707 705 730 735 729 716 742 759 753 771 754 741 724 752 706 716 720 720 750 765 754 743 754 724 733 709 720 719 773 718 779 766 779 790 729 735 764 766 774 759 758 776 774 751 761 763 768 786 779 757 768 761 768 756 788 788 803 788 793 765 759 765 798 777 788
715 686 718 713 696 730 730 725 727 742 761 727 690 717 688 730 721 713 715 712 735 717 722 717 750 759 741 760 758 748 758 712 758 754 737 710 737 756 756 743 762 759 718 721 764 763 739 729 778 725 760 729 790 774 779 753 755 774 761 745 760 738 771 783 796 777 761 751 737 774 760 766 765 776 792 778 771 794 774 775 770 781 790 810
727 703 685 715 744 730 729 725 773 766 762 727 709 722 707 722 713 713 725 723 720 693 726 724 723 758 757 751 749 779 758 735 740 756 729 719 739 753 754 768 759 748 725 726 707 711 775 753 757 766 776 757 722 758 789 771 751 740 755 760 755 750 775 764 791 761 754 771 782 751 768 778 779 805 761 765 815 764 793 767 759 774 774 785
743 702 700 718 706 700 748 747 727 735 762 735 709 733 728 725 720 728 731 742 716 708 715 741 752 710 736 741 742 762 742 770 735 751 725 742 706 720 763 765 756 757 734 779 725 757 740 779 761 722 759 708 771 723 756 751 764 742 744 743 723 764 773 756 774 783 779 773 739 748 745 740 783 740 795 805 789 793 800 775 760 766 782 798
748 717 702 712 697 713 744 735 730 725 725 734 733 714 725 751 719 732 724 728 714 715 711 709 723 723 712 738 752 752 759 778 756 741 750 732 736 706 724 761 743 716 726 744 772 739 766 754 771 735 775 728 747 764 789 789 738 785 760 775 744 741 782 772 779 770 785 757 755 766 732 749 777 740 792 795 814 810 788 742 743 766 773 785
741 725 674 715 713 708 747 727 759 730 732 718 732 758 698 705 710 744 749 705 716 715 703 720 709 707 717 737 750 761 742 732 751 750 753 716 687 709 687 732 708 731 738 713 715 739 756 747 754 698 770 749 742 755 733 741 789 740 727 729 755 720 773 741 730 790 784 770 750 764 755 754 744 751 786 779 778 798 810 785 763 777 770 784
725 730 704 719 713 737 718 753 713 713 735 715 731 736 760 753 721 725 709 713 694 706 714 708 699 699 707 745 727 732 769 751 745 749 751 746 732 715 730 706 747 726 747 745 734 731 747 730 733 768 732 753 756 766 782 768 741 753 800 742 769 718 752 764 739 804 779 778 782 798 782 765 749 775 757 795 812 778 800 800 752 758 777 777
728 718 705 724 706 721 713 715 743 695 720 730 706 726 763 756 723 709 748 719 700 717 700 700 691 715 720 742 739 739 769 759 736 738 748 743 728 731 735 717 726 706 721 735 742 750 723 736 730 729 757 748 736 760 744 793 740 732 742 775 741 763 758 777 795 781 770 775 756 788 744 753 743 751 779 794 802 778 746 799 766 756 784 763
738 714 727 722 717 744 722 728 723 736 705 719 734 725 706 699 770 723 764 736 762 750 708 738 721 693 713 707 703 766 744 739 741 718 720 731 722 741 723 734 747 739 753 715 735 731 760 760 755 739 729 743 743 771 751 736 782 782 733 763 759 715 742 727 751 789 756 770 771 781 765 778 750 751 763 791 792 797 746 767 759 768 760 763
707 695 683 704 706 722 731 709 728 707 730 747 715 733 732 709 760 721 709 721 712 724 734 718 688 720 727 699 744 744 762 744 755 731 746 749 754 759 736 730 765 737 730 731 726 761 731 750 751 755 740 761 763 747 750 758 744 750 757 714 744 761 763 730 771 760 762 779 785 758 755 741 755 734 773 785 798 801 805 798 762 758 753 767
704 676 683 703 719 705 715 726 710 732 720 724 707 718 718 750 759 734 753 750 725 717 727 721 733 723 691 692 760 733 709 751 753 719 733 750 758 718 706 741 728 732 732 740 764 756 709 744 743 739 723 739 733 761 777 747 792 775 754 727 750 704 742 779 791 789 804 803 763 791 754 735 755 758 789 803 802 791 759 798 773 752 750 767
665 709 713 693 744 705 691 705 704 725 722 716 730 690 717 718 714 722 721 744 721 714 727 742 724 710 683 730 703 760 743 743 736 714 727 720 758 723 724 727 734 747 706 718 740 755 748 737 745 743 726 738 753 764 752 761 758 758 728 749 761 694 745 764 760 782 804 802 765 777 772 753 750 779 790 788 797 785 812 782 759 755 763 767
693 664 705 683 721 695 684 689 741 734 723 708 701 707 727 731 721 724 724 734 732 722 729 736 745 706 707 717 712 712 723 720 714 715 729 730 720 746 708 714 764 751 735 735 709 707 761 713 743 724 748 726 731 736 761 762 789 747 739 740 749 740 760 764 742 797 775 768 765 768 760 762 750 758 781 796 794 781 782 812 797 762 750 804
690 681 730 648 662 685 712 735 741 712 717 720 704 701 725 715 724 722 734 741 737 719 713 718 723 710 731 723 703 720 723 720 722 723 708 702 725 738 722 732 731 717 733 760 687 764 720 736 743 754 731 731 741 736 758 768 761 758 755 743 720 741 732 715 764 762 777 765 765 756 718 732 747 750 762 796 770 777 775 786 784 781 768 755
731 732 687 702 681 686 712 726 681 715 705 715 706 712 711 727 729 712 714 735 735 729 719 744 714 744 697 744 697 716 711 732 722 696 726 724 728 721 721 721 737 739 728 744 741 763 715 725 718 740 708 743 736 762 752 747 769 771 750 773 733 747 753 725 763 762 747 765 778 740 773 771 727 762 735 760 783 780 796 784 774 792 747 772
695 711 716 712 712 717 695 695 710 710 695 707 712 715 689 717 724 734 721 751 726 729 713 727 725 730 684 704 730 737 727 733 714 722 727 729 736 729 733 739 752 715 741 732 738 740 728 752 745 754 743 732 733 762 749 772 768 782 775 750 733 731 732 754 761 774 791 799 781 788 745 731 728 758 762 746 778 808 786 806 781 761 762 731
690 730 685 672 683 705 708 706 709 704 714 704 703 712 719 696 711 712 726 728 741 729 724 720 760 715 705 717 697 710 722 713 710 730 725 717 704 694 739 709 726 730 735 732 743 735 733 714 752 721 761 753 743 725 780 756 771 766 749 740 753 760 719 754 764 769 771 771 791 781 770 772 757 746 766 754 794 792 801 762 770 752 759 744
674 693 693 686 669 730 725 711 695 705 712 694 696 684 693 696 690 690 699 721 723 714 716 706 717 728 712 703 703 693 734 727 693 720 704 716 704 718 706 702 716 722 758 738 708 756 749 749 739 740 733 734 756 733 717 732 777 747 744 771 744 756 747 737 750 765 766 771 788 782 779 763 774 754 749 760 779 779 796 793 780 761 752 776
671 712 674 674 750 731 723 681 730 750 710 694 711 683 715 699 691 719 727 673 690 698 714 712 728 728 715 721 736 722 727 709 695 747 709 709 708 724 705 735 720 753 737 726 708 730 743 731 726 737 721 746 737 736 752 768 746 761 763 772 745 740 737 742 750 729 775 782 773 777 775 776 757 739 771 758 747 794 792 788 810 786 772 788
722 720 707 708 681 756 670 732 750 691 706 678 676 718 676 707 725 709 708 684 697 712 724 704 706 731 738 710 734 708 700 735 712 696 712 721 745 748 725 727 722 725 732 745 708 735 752 721 734 752 719 724 748 744 742 743 730 761 745 768 725 730 743 737 747 746 743 784 771 783 775 765 786 743 753 760 761 771 791 796 786 796 768 773
729 703 731 716 708 720 738 721 691 716 700 734 711 674 674 717 698 709 705 694 712 701 701 708 699 729 730 730 730 742 727 727 712 720 716 710 704 712 703 727 722 763 745 723 739 772 729 738 752 722 750 735 723 748 742 742 713 750 767 761 772 725 761 751 737 737 747 751 789 765 760 788 753 752 747 753 765 751 765 761 789 786 784 767
663 721 665 691 702 706 679 714 695 679 700 720 697 701 705 708 724 712 713 696 710 709 699 718 684 727 734 719 736 720 701 719 730 730 706 712 719 708 715 730 712 763 717 733 717 753 714 751 735 730 741 731 749 735 728 756 735 745 761 763 768 758 727 739 757 757 765 779 774 759 794 766 776 768 746 755 749 766 771 756 805 791 811 792
