invasiveSpecies/multiSpecies/data/current_1960_1990_ASC/worldclim_KE_bio18.asc
ncols         348
nrows         296
xllcorner     36.067913676899
yllcorner     0.12509924133957
cellsize      0.0083333337679505
NODATA_value  -9999
[rows 152 to 189 of 296, columns 168 to 251 of 348]
202 202 201 199 197 197 197 198 197 195 197 199 196 199 202 203 202 200 196 194 193 191 194 196 198 196 199 197 194 192 190 190 190 192 195 193 193 192 192 191 191 187 186 186 180 180 187 203 202 202 201 202 206 206 205 196 192 191 189 191 192 193 193 192 191 194 194 192 192 192 193 194 196 199 200 200 198 198 182 174 171 169 168 168
202 200 200 198 197 199 199 198 197 195 195 199 198 199 202 206 203 201 197 194 193 192 196 199 199 198 199 197 194 192 191 190 191 194 195 195 195 193 192 191 190 187 183 181 180 183 204 204 204 204 202 203 209 207 204 199 192 191 191 192 193 194 194 193 193 197 194 194 192 195 195 196 200 200 200 200 198 185 178 175 171 170 170 169
202 202 202 200 200 201 199 197 197 197 197 198 198 199 202 206 202 200 198 194 193 192 197 202 201 199 199 197 195 192 192 191 191 194 198 196 194 192 189 187 186 185 184 183 181 196 203 205 205 204 202 204 207 207 206 195 192 191 192 192 193 196 194 194 194 197 195 194 196 198 197 200 200 200 200 200 198 179 177 174 171 170 170 170
204 202 203 202 200 199 198 197 196 197 198 198 199 201 202 206 202 200 198 195 194 193 197 202 202 202 200 199 196 194 192 192 192 196 198 193 192 191 187 185 183 182 182 182 194 206 205 206 206 205 204 204 206 206 206 195 193 191 192 193 195 198 196 196 197 197 196 195 199 203 201 203 203 201 201 200 185 178 175 174 171 170 170 170
204 205 204 202 202 200 199 197 197 197 200 200 200 201 203 206 203 203 200 196 194 194 196 200 202 202 202 198 196 194 194 193 193 197 198 196 191 189 185 182 182 182 182 208 206 206 206 206 207 207 206 205 205 206 206 198 193 193 194 195 199 200 198 199 200 201 198 206 199 205 207 206 204 203 201 200 180 176 175 174 171 171 170 170
207 205 204 202 202 202 202 198 199 199 200 201 201 202 205 206 203 202 199 197 196 194 196 201 204 202 202 198 196 195 195 194 193 197 198 200 194 191 189 183 184 184 190 209 207 206 206 208 209 207 207 206 207 206 207 208 201 193 194 197 200 209 205 203 203 206 208 209 211 207 209 206 203 198 185 181 178 176 174 174 172 172 171 171
207 204 204 204 202 202 200 200 199 199 201 203 201 204 205 205 202 201 198 196 195 196 197 201 202 204 201 198 198 196 196 195 194 196 198 197 194 192 189 184 183 204 210 211 208 208 208 209 210 210 210 209 209 208 208 208 204 194 194 197 206 211 211 204 214 215 216 214 213 210 206 193 187 185 184 181 178 177 175 174 173 172 171 171
207 206 207 204 204 202 202 201 200 201 203 204 204 205 205 203 203 201 198 200 199 196 199 200 202 204 202 198 197 198 198 196 197 197 199 196 191 191 188 183 183 213 211 211 211 212 212 209 212 213 213 214 210 208 209 209 204 197 195 198 204 211 214 214 213 214 213 213 209 206 206 204 187 184 182 180 177 177 176 174 174 172 172 171
207 208 207 207 207 204 202 202 202 203 204 204 204 204 202 201 201 199 198 201 199 199 199 203 203 204 201 198 197 199 199 197 199 199 200 197 188 188 183 183 205 213 213 211 212 213 216 213 213 214 214 214 214 210 210 211 205 198 196 202 212 211 213 212 212 213 212 209 208 205 203 197 202 200 182 181 177 176 175 174 174 174 172 172
209 210 208 208 207 204 203 202 203 204 205 205 203 202 200 200 200 199 201 202 201 199 199 200 204 204 201 199 198 199 202 199 200 200 202 206 208 183 183 215 216 214 213 213 214 215 218 218 217 216 219 215 215 214 211 211 201 198 197 202 211 213 211 211 211 214 212 208 207 205 203 192 185 184 181 180 177 176 174 174 174 174 173 172
210 209 207 206 204 204 204 204 205 206 205 205 203 203 200 200 200 200 202 204 202 201 200 202 204 203 201 199 199 200 203 203 203 205 204 206 211 183 214 215 217 218 214 213 214 215 217 219 219 228 220 217 215 214 214 211 200 198 197 205 210 210 211 210 210 209 209 208 206 205 205 187 196 187 183 180 177 176 174 175 174 174 173 172
210 209 207 207 207 204 205 206 209 207 205 205 204 203 203 200 200 201 202 205 202 201 201 202 202 202 201 200 197 197 198 202 201 203 206 210 215 183 192 216 217 217 216 213 214 215 217 219 222 226 221 217 214 214 211 202 200 198 198 202 209 209 209 208 207 206 206 205 205 204 201 197 198 195 196 180 176 176 176 176 175 174 173 172
211 210 209 207 205 206 208 208 209 207 205 204 203 203 200 200 202 200 203 206 203 201 202 203 199 200 199 197 197 195 198 200 198 201 205 204 192 184 186 211 212 213 213 213 214 214 215 218 225 227 220 217 217 214 212 211 199 200 198 200 202 207 210 208 206 201 199 196 194 193 197 198 197 196 181 177 176 176 177 176 175 174 174 172
211 209 209 208 207 207 209 210 210 208 207 204 203 202 201 201 203 204 203 205 203 202 202 202 200 199 196 195 196 194 197 196 195 198 199 198 196 185 185 211 212 212 213 213 213 213 214 216 222 225 219 217 216 214 212 198 197 198 198 200 202 209 210 207 203 201 201 200 200 200 198 183 195 181 178 177 177 176 177 176 175 174 173 172
213 211 209 209 208 207 210 211 210 208 206 204 204 202 203 203 203 206 204 204 200 200 199 201 199 195 196 193 194 193 193 194 194 193 194 211 202 185 186 211 213 212 212 212 212 211 211 214 217 218 216 216 214 214 203 197 196 196 197 200 203 205 206 205 203 191 200 200 200 199 194 183 180 179 179 180 180 179 177 176 176 174 174 174
215 213 209 210 209 209 211 211 210 208 207 205 204 204 204 203 203 205 203 203 200 198 197 198 195 194 193 192 193 191 189 189 194 190 188 189 188 187 186 213 214 212 214 212 212 210 210 211 209 215 214 213 213 213 198 196 195 194 203 205 203 204 202 202 202 191 188 191 199 198 181 180 180 182 180 181 181 181 180 177 177 176 174 174
217 214 211 211 209 209 212 210 210 210 208 206 204 205 204 203 203 203 200 199 200 198 194 195 194 192 192 190 190 189 189 189 190 189 187 187 187 188 189 213 216 214 214 208 208 209 205 203 203 203 212 212 212 211 196 195 195 192 192 198 193 191 201 201 200 188 188 184 184 182 182 181 182 182 183 183 183 182 181 181 177 176 175 174
221 216 214 213 211 209 212 211 211 210 209 206 205 204 202 202 201 203 199 199 197 196 194 193 192 191 191 191 192 190 189 188 187 187 187 187 187 211 211 215 215 213 212 205 205 206 204 202 200 199 199 204 212 195 194 194 193 192 192 190 190 190 189 188 188 188 186 186 185 184 184 183 182 184 186 184 183 181 182 180 177 175 174 174
223 220 215 214 211 211 212 210 209 209 210 208 204 204 202 200 199 199 199 198 196 193 193 192 191 191 191 192 193 192 188 188 187 187 187 188 188 199 210 212 213 211 211 205 203 204 202 200 200 198 197 197 197 194 194 194 194 193 192 192 190 190 190 189 188 188 188 187 188 186 187 185 183 185 187 184 183 183 182 181 177 176 174 174
226 222 216 215 214 212 211 211 207 205 209 206 203 203 203 200 198 198 196 196 194 193 192 191 191 192 193 192 194 191 188 193 192 189 190 190 188 191 211 212 212 211 211 203 203 201 201 199 199 198 196 196 196 194 197 195 195 193 193 192 192 192 190 189 190 188 189 189 188 189 188 185 185 186 190 186 184 184 181 178 177 176 174 174
230 224 218 212 211 210 208 208 206 203 203 205 202 200 199 200 198 197 196 195 195 192 191 192 193 193 194 194 194 188 189 196 193 193 195 193 189 197 196 210 210 210 206 203 203 203 202 199 199 196 196 196 196 194 195 195 195 194 195 195 192 192 192 190 190 190 191 190 191 189 187 188 187 189 188 186 186 185 183 180 177 176 174 175
228 223 217 213 210 208 208 205 204 203 201 201 202 199 197 197 197 197 197 195 192 191 192 194 195 195 196 194 191 191 191 195 193 194 197 193 190 190 197 198 202 206 205 203 204 202 201 199 199 197 196 196 196 197 196 197 195 195 195 195 194 194 192 190 191 190 192 192 189 189 189 189 190 190 188 186 184 183 183 181 177 176 176 175
236 218 214 212 209 207 206 204 202 202 201 199 200 198 196 196 195 194 195 195 192 192 193 196 197 197 196 193 191 191 192 195 195 199 199 196 194 191 194 196 201 202 206 204 203 201 201 199 200 198 196 196 196 197 197 197 197 196 196 196 194 192 192 193 193 193 192 190 190 192 192 192 190 190 188 184 182 180 180 177 176 176 176 175
220 214 210 211 210 207 205 202 201 199 199 198 196 196 195 195 194 194 192 191 191 193 195 198 199 198 194 193 192 191 191 195 198 208 199 199 196 194 193 195 197 205 206 203 202 201 201 201 201 199 198 198 198 199 199 197 197 196 197 196 195 194 193 194 194 193 191 192 191 193 193 192 190 190 187 185 183 180 178 177 176 176 176 176
232 211 207 207 207 206 205 201 200 198 197 196 196 195 196 196 195 194 193 191 192 196 197 199 200 198 197 194 193 191 192 195 198 210 212 202 197 196 195 197 200 201 206 204 203 203 201 202 201 199 199 198 200 199 197 197 197 197 196 196 196 195 195 196 195 194 194 194 194 192 191 190 189 189 185 183 183 179 178 178 178 177 176 176
215 206 205 203 206 204 203 200 198 198 198 197 196 196 196 195 194 193 193 194 194 197 199 201 199 199 195 195 194 191 191 195 201 212 212 206 199 197 197 198 201 202 206 204 203 203 202 202 202 202 201 200 200 197 197 196 195 195 195 194 193 193 192 192 193 193 193 193 192 191 188 188 187 187 185 182 180 179 179 180 180 179 177 176
206 205 205 203 201 200 200 199 198 200 201 198 197 198 198 196 195 193 194 195 194 198 200 202 201 199 197 195 193 192 192 193 197 212 215 208 202 197 200 199 201 202 206 206 205 203 204 203 203 202 201 198 198 196 195 194 194 194 194 193 191 191 190 190 190 190 191 191 191 189 188 186 184 182 182 179 179 180 180 181 181 180 178 176
206 208 206 203 201 200 199 200 200 202 198 198 199 201 197 195 195 195 198 196 196 197 201 203 201 201 198 195 193 193 193 196 199 214 214 213 202 200 204 204 204 202 206 209 206 205 202 201 201 200 199 197 195 196 195 193 192 193 192 191 191 191 189 189 189 189 189 189 190 190 189 187 185 182 179 179 182 182 183 184 183 181 178 176
207 209 207 206 205 202 202 202 203 201 200 198 201 199 197 195 195 196 199 196 196 203 204 204 202 200 198 195 193 193 193 194 201 204 207 205 202 204 214 207 206 207 205 208 206 203 202 200 199 197 197 197 195 195 193 193 193 193 190 190 191 191 191 189 188 187 187 187 187 188 188 186 182 182 182 182 183 183 185 186 183 181 178 176
207 212 210 208 208 205 204 205 202 200 200 200 203 200 197 196 195 197 198 196 198 207 206 206 204 200 198 198 195 195 193 194 197 201 206 207 205 205 209 209 206 207 208 209 205 203 202 200 199 198 197 195 195 194 193 193 193 193 193 193 191 193 192 191 189 189 187 187 187 185 184 184 184 185 185 184 185 186 186 184 184 181 180 178
210 214 212 212 212 210 205 206 206 200 200 203 203 200 197 197 197 201 201 198 199 213 213 207 202 200 199 198 195 195 193 196 196 199 204 208 205 206 211 211 208 208 208 208 206 206 202 200 199 198 197 196 194 194 193 194 194 194 194 194 194 193 191 189 189 188 187 188 188 187 185 183 184 187 189 187 188 185 184 183 182 181 180 178
211 213 214 215 215 214 208 208 202 202 200 203 201 200 197 197 198 202 201 198 200 213 214 207 204 200 198 199 198 195 195 196 197 197 203 207 206 207 210 215 210 208 208 207 206 204 201 200 199 199 198 195 195 194 193 195 196 196 196 194 194 192 193 191 189 189 189 190 189 188 188 188 188 190 190 189 187 183 183 183 181 181 180 180
213 214 216 216 213 210 208 205 202 201 202 205 202 200 198 197 201 202 201 199 200 209 213 216 202 200 201 199 199 195 195 199 200 197 201 207 207 208 209 213 209 209 207 205 205 209 207 202 200 200 199 196 195 194 194 196 197 196 194 195 194 194 191 190 189 190 192 190 189 188 188 189 189 189 190 187 185 187 184 183 180 181 181 182
216 220 220 216 213 210 210 207 205 202 203 204 202 200 200 200 203 202 201 202 205 213 214 216 206 202 200 200 198 195 197 200 200 198 201 204 207 208 210 212 209 207 206 204 203 203 204 201 199 198 196 196 195 194 194 198 198 197 197 195 194 194 191 190 189 192 193 192 190 190 191 191 191 189 189 187 185 186 184 184 184 183 181 182
215 220 219 215 214 213 208 207 207 202 206 205 203 201 200 201 204 203 203 204 215 215 215 217 205 202 199 197 196 196 199 201 201 200 200 202 206 207 210 209 208 207 206 203 203 201 200 199 196 196 195 195 194 194 195 195 198 196 196 196 194 192 191 191 191 192 196 193 191 191 192 191 191 190 189 190 189 187 186 186 184 185 184 185
215 220 219 215 214 216 214 209 205 204 206 208 204 202 201 202 203 205 218 218 220 217 218 219 205 202 199 197 197 197 200 202 202 201 202 201 204 207 210 212 208 208 206 203 202 200 199 198 198 195 195 196 194 194 197 198 198 196 196 196 194 194 191 191 195 194 196 192 191 193 194 193 191 189 189 190 189 189 187 188 188 188 185 185
219 221 223 220 221 223 216 207 206 205 207 208 204 204 203 202 203 204 219 220 222 224 221 221 219 202 200 197 197 198 198 204 202 202 203 202 203 206 208 210 207 206 204 202 202 201 200 198 198 195 196 196 196 195 197 198 202 197 196 196 194 194 192 194 195 196 195 193 193 196 196 193 194 191 190 192 189 188 191 193 188 186 185 188
228 228 228 233 229 233 216 210 207 206 207 208 206 205 205 205 205 210 217 219 222 224 223 222 219 202 199 197 197 198 200 201 204 204 204 203 203 206 208 208 207 205 205 202 202 200 200 198 198 199 199 196 196 194 198 201 199 198 196 196 194 194 194 194 196 197 196 196 196 197 197 194 194 192 191 192 189 189 194 192 188 188 191 190
