invasiveSpecies/multiSpecies/data/current_1960_1990_ASC/worldclim_KE_bio6.asc
ncols         348
nrows         296
xllcorner     36.067913676899
yllcorner     0.12509924133957
cellsize      0.0083333337679505
NODATA_value  -9999
[rows 152 to 189 of 296, columns 168 to 251 of 348]
149 149 150 151 151 151 151 151 152 153 152 151 152 151 150 150 151 152 153 155 155 156 155 154 153 154 153 154 155 156 157 157 157 156 155 156 157 157 157 158 158 160 160 160 162 162 160 155 155 155 156 155 155 155 155 158 159 161 161 161 161 160 160 161 161 160 161 161 161 161 161 162 160 159 159 160 161 161 166 170 171 172 173 173
149 150 150 151 151 151 151 151 152 152 152 151 152 151 150 149 150 151 152 154 154 156 153 153 153 153 153 154 155 156 156 157 157 155 155 155 156 156 157 158 158 160 161 162 162 162 154 155 155 155 155 155 153 154 155 157 160 161 161 160 160 160 160 160 160 159 160 161 161 160 161 161 159 160 160 159 160 166 168 170 171 172 172 172
149 149 150 150 150 150 151 151 152 152 152 151 152 151 150 149 151 151 152 154 154 155 154 151 153 152 153 154 155 156 156 156 156 155 155 155 156 157 158 159 159 160 161 161 162 157 155 154 154 155 155 155 154 154 154 158 160 159 160 160 160 159 160 160 160 159 160 160 160 159 159 158 159 159 160 160 160 167 168 170 171 172 172 172
149 149 149 150 150 151 151 151 152 151 151 151 151 151 150 149 150 151 152 153 155 155 153 152 152 153 153 153 155 155 156 156 156 155 154 156 156 157 159 160 160 161 161 162 157 154 154 154 154 154 155 155 154 154 155 158 159 160 160 159 159 158 159 159 159 159 160 160 159 158 158 158 159 159 158 160 165 168 169 170 171 171 172 172
147 148 147 149 150 150 150 151 152 151 150 151 151 151 150 149 150 150 151 152 153 153 154 153 152 152 151 153 154 155 155 155 156 155 154 155 156 158 159 160 161 161 161 152 152 153 154 153 153 153 154 154 154 154 154 157 159 159 159 159 158 158 158 158 158 158 159 156 159 157 156 157 158 158 159 160 167 168 169 170 171 171 171 172
147 148 149 149 150 148 150 151 151 151 150 150 150 150 149 149 150 150 151 152 154 153 154 151 150 152 151 152 154 155 155 155 155 155 154 153 155 157 157 161 160 160 158 151 152 152 152 153 153 153 153 154 154 154 154 154 156 159 158 158 158 154 155 157 157 155 155 155 155 156 156 157 158 160 164 166 167 168 169 170 170 170 171 171
147 147 149 149 149 150 150 150 151 151 150 150 150 149 149 149 150 151 152 152 153 153 153 151 151 151 151 153 153 154 154 155 155 155 154 154 155 156 157 159 161 153 151 151 152 152 152 152 152 152 151 153 153 154 153 154 155 158 159 158 155 153 153 156 153 152 153 154 154 155 157 161 163 164 165 166 167 168 169 169 170 170 170 171
146 148 147 147 148 149 149 150 150 150 150 149 149 149 149 150 150 151 152 151 152 152 152 151 151 151 152 153 154 153 154 154 154 154 154 155 156 156 159 160 160 150 151 151 151 151 151 152 151 151 152 151 152 153 153 153 155 157 158 157 155 153 153 153 154 153 154 153 155 156 157 157 163 165 166 166 167 168 168 169 169 170 170 170
146 146 147 147 147 148 149 149 149 150 149 149 150 150 150 150 151 151 152 151 151 152 152 151 150 151 152 153 153 153 153 154 153 153 153 154 157 157 159 159 152 150 150 150 150 150 149 151 151 151 151 151 152 152 153 153 155 157 158 156 153 153 153 154 154 154 154 155 155 157 157 159 158 158 165 166 167 168 168 169 169 169 171 170
146 146 146 147 147 149 149 149 149 149 149 149 150 150 150 151 151 151 151 150 151 151 151 151 150 150 152 152 153 152 152 152 153 153 152 151 151 159 159 149 149 149 150 150 150 149 149 149 149 150 150 150 151 152 152 152 155 157 157 155 153 153 154 153 153 153 153 155 156 156 157 161 164 164 165 166 167 168 168 168 169 169 170 171
146 146 147 147 148 148 148 148 149 148 149 149 150 150 150 150 151 151 150 150 150 151 151 151 150 150 151 152 152 153 151 152 152 152 151 151 149 159 149 149 148 148 149 150 149 149 149 148 148 146 148 149 150 151 152 152 156 157 157 155 153 153 153 154 155 155 155 154 156 156 157 162 159 163 165 166 167 168 168 168 169 169 169 171
145 146 146 147 147 149 147 147 148 148 149 149 148 150 150 150 151 150 150 149 150 151 151 150 151 151 151 153 152 154 152 151 152 152 151 150 149 158 156 149 148 148 149 150 150 149 149 148 148 147 149 149 150 151 152 155 156 156 157 155 154 154 154 154 154 155 156 156 156 156 158 159 159 160 160 166 167 168 168 168 168 168 169 170
145 146 146 147 147 147 148 148 146 148 149 149 148 150 150 151 150 150 150 149 150 150 150 150 152 151 153 152 153 153 152 153 154 152 151 152 156 158 158 150 149 149 149 149 149 149 149 149 147 146 148 149 149 151 152 152 156 156 156 156 155 154 154 154 155 157 158 159 159 160 159 159 159 159 165 167 167 168 167 168 168 169 170 169
145 146 146 146 147 147 146 146 146 147 148 149 148 150 150 150 150 149 150 149 150 150 150 151 151 151 152 154 153 154 154 154 153 152 153 154 154 158 158 150 150 150 149 149 150 150 150 149 148 147 149 149 151 151 152 156 157 156 156 156 155 154 153 155 156 157 157 157 157 158 158 164 159 165 166 166 167 167 167 168 168 168 170 169
145 145 146 146 146 147 146 146 147 147 148 149 149 150 150 150 150 149 149 149 151 151 151 151 151 152 152 153 153 154 155 155 155 155 155 149 152 158 158 150 149 149 150 150 150 150 150 150 149 149 149 150 151 150 155 156 157 157 157 156 155 155 154 155 155 160 157 157 158 158 160 163 165 166 166 166 166 166 167 167 168 168 169 169
144 145 146 146 146 146 146 146 147 147 147 148 149 149 149 149 149 149 150 150 151 151 152 152 152 153 153 155 155 154 156 156 155 156 156 156 157 157 157 149 149 149 149 150 150 151 151 150 151 150 150 151 150 151 156 157 157 158 155 155 155 155 155 156 156 160 161 160 158 158 164 164 165 165 165 165 165 166 166 167 167 168 168 169
143 144 145 145 146 146 145 146 146 146 146 148 148 148 149 149 149 150 150 151 151 151 153 152 153 153 154 154 154 156 156 155 154 156 157 157 157 157 156 149 148 149 149 151 151 151 152 153 154 153 150 150 151 152 157 157 157 158 158 156 158 159 156 156 157 161 161 162 163 163 164 164 164 164 164 164 164 165 166 166 167 167 168 169
143 144 144 145 146 146 145 146 146 146 146 147 149 148 150 149 150 150 151 151 151 152 152 153 153 154 154 154 155 154 156 156 155 156 157 157 157 149 149 148 148 149 150 151 152 152 152 153 154 154 154 154 151 156 157 157 158 158 158 159 159 160 159 160 161 161 162 162 162 163 163 163 164 163 162 163 165 165 165 166 167 168 168 168
142 143 144 144 145 145 145 146 146 146 146 147 149 148 150 149 151 151 151 151 152 153 153 153 154 154 154 154 153 154 156 156 156 155 157 156 156 153 149 148 149 149 150 151 152 152 153 153 154 154 155 155 156 157 157 157 157 158 158 158 158 159 159 160 160 161 161 161 161 162 162 162 163 162 162 163 164 165 165 165 167 167 168 169
141 142 144 144 145 145 145 146 147 147 146 147 148 148 148 149 151 151 151 152 152 153 153 153 153 153 153 153 153 155 155 153 154 155 155 156 156 155 148 148 149 149 149 152 152 153 153 154 154 154 155 156 155 157 156 157 157 158 158 158 158 158 159 160 160 161 160 160 161 161 161 162 162 162 161 162 163 164 165 166 167 167 168 168
140 142 143 145 145 146 146 147 147 148 148 148 148 149 149 149 151 150 151 152 152 153 153 153 153 153 152 152 153 154 154 152 154 154 153 154 156 153 153 148 149 150 151 152 152 152 153 154 154 154 155 156 155 156 156 156 157 157 157 157 158 158 158 159 160 160 160 160 160 161 162 161 162 161 162 162 162 163 164 166 167 167 168 168
140 142 144 145 146 146 146 147 147 148 149 149 148 149 151 151 151 150 150 152 153 153 153 152 152 152 152 153 153 154 154 153 154 153 152 154 156 155 154 153 152 151 151 152 152 152 153 153 154 155 155 156 156 156 156 156 156 157 157 157 157 158 158 159 159 159 159 159 160 161 161 161 161 161 161 163 163 164 164 165 166 167 167 167
139 143 144 145 146 147 147 147 148 148 148 149 149 149 150 150 152 152 152 152 153 153 152 151 152 152 152 153 154 154 153 152 152 151 151 153 154 154 154 154 151 151 150 151 152 153 153 153 153 154 154 155 155 154 155 155 156 156 156 157 157 158 158 158 158 158 159 160 160 159 160 160 160 161 161 163 164 164 165 166 167 167 167 167
142 144 145 145 145 147 147 148 148 149 149 149 151 150 150 150 152 152 152 153 153 152 152 151 151 151 152 152 153 154 153 152 152 148 151 151 153 153 154 154 153 151 151 151 152 152 153 153 153 154 154 154 155 154 155 155 156 156 156 157 157 157 158 157 157 158 159 159 160 159 159 160 160 160 162 162 163 164 166 166 167 167 167 167
138 145 146 146 146 147 147 148 149 149 150 150 150 150 151 151 150 152 151 152 151 151 151 150 150 151 151 152 153 153 153 152 151 148 148 150 152 152 154 152 151 152 151 151 152 152 152 152 153 153 154 154 154 154 155 156 155 155 156 156 157 157 157 157 157 158 158 158 159 159 160 160 161 161 162 164 163 165 166 166 166 166 167 167
144 147 147 148 147 147 148 149 149 149 149 149 150 150 150 151 151 152 152 152 152 150 150 150 150 151 151 152 152 153 153 152 150 148 147 149 151 153 153 152 152 151 150 151 151 152 152 152 152 153 153 153 153 155 155 156 156 156 157 157 157 157 158 158 158 158 158 158 159 160 161 161 161 162 162 163 164 165 165 165 165 166 166 167
147 147 147 148 148 148 148 149 149 149 148 149 149 149 149 150 150 151 151 151 151 150 149 149 149 150 151 152 152 153 153 153 151 147 147 148 150 152 151 151 151 151 150 150 151 151 152 152 152 153 153 154 154 155 155 156 156 156 157 157 157 158 158 158 158 159 158 158 159 160 161 161 162 163 163 164 164 164 165 164 165 165 166 167
147 146 147 148 148 148 149 148 149 148 149 149 149 149 149 150 151 151 150 150 151 151 148 148 149 150 151 152 152 152 153 152 151 147 146 147 150 151 150 150 150 151 150 149 150 151 152 152 152 153 153 154 154 155 155 156 157 157 157 158 157 158 158 159 159 159 159 159 159 159 160 161 162 163 164 165 163 163 163 162 164 165 166 167
145 146 146 146 147 148 148 148 147 148 149 149 148 149 149 150 150 150 149 150 150 149 149 148 148 150 151 151 152 152 152 152 150 149 149 149 150 150 147 149 149 149 150 149 150 152 152 153 153 154 154 154 155 155 156 156 156 157 157 158 158 158 158 158 159 159 160 160 160 160 161 161 163 163 163 163 163 163 163 162 163 164 166 166
146 145 144 146 146 147 147 147 147 148 148 148 148 148 149 150 150 149 149 150 149 146 147 148 149 150 150 151 151 152 152 152 151 150 149 149 149 149 148 148 149 149 149 149 151 151 152 152 153 153 154 154 155 155 155 156 156 157 157 157 157 157 157 158 158 159 160 160 160 161 162 162 162 162 162 162 162 162 162 163 163 164 165 166
144 143 145 144 145 145 147 146 147 148 148 147 148 148 149 149 149 148 148 149 149 145 145 147 149 149 150 150 151 151 152 151 151 151 149 148 149 149 148 148 149 149 150 149 150 150 152 153 153 153 154 154 155 155 155 155 155 155 156 156 157 157 158 158 158 159 159 159 159 161 161 162 162 161 161 161 161 162 163 163 164 164 165 166
145 144 143 143 143 143 146 146 147 148 148 147 148 148 149 149 149 148 148 149 148 145 145 146 148 148 150 150 149 151 151 151 150 151 150 148 149 149 148 147 148 149 149 149 150 150 152 152 153 153 153 154 154 155 155 155 154 155 155 156 157 157 157 158 158 159 159 159 159 159 160 160 161 160 160 161 161 162 162 163 164 164 165 165
144 143 144 144 144 145 145 147 147 148 147 147 148 148 149 149 148 148 148 148 148 146 145 144 148 149 149 150 150 151 151 150 150 151 150 148 148 148 148 147 148 148 149 149 150 149 149 152 152 153 153 154 154 154 155 155 154 154 156 156 156 156 157 158 158 158 158 159 159 159 160 159 160 160 160 161 162 161 162 163 164 164 164 164
144 142 142 143 145 144 144 146 147 147 147 147 148 148 148 148 147 148 148 148 147 145 145 144 147 148 149 149 150 151 150 150 150 150 150 149 148 148 147 147 148 149 149 150 151 151 151 151 152 153 153 154 154 154 155 154 154 155 154 155 156 156 157 158 158 157 157 158 158 159 159 159 158 160 160 161 161 161 162 163 163 163 164 164
144 142 143 144 143 143 144 146 145 146 146 147 147 148 148 148 147 147 147 147 144 144 144 144 147 148 149 150 150 151 150 149 149 150 150 150 149 148 147 148 148 149 149 150 151 151 152 152 153 153 154 154 154 154 154 155 153 155 154 155 155 157 157 157 158 157 156 157 158 159 158 159 159 159 160 160 161 161 162 162 162 162 163 163
143 142 142 143 144 143 144 144 145 147 146 146 147 147 148 147 147 147 143 143 143 143 143 143 147 147 148 150 150 150 149 148 149 150 149 150 149 148 147 147 148 148 149 150 151 151 152 152 153 153 154 154 154 154 153 153 154 155 154 155 156 156 157 157 157 157 156 157 158 158 158 158 159 159 160 159 160 161 161 161 161 162 162 162
142 141 141 141 141 141 143 145 146 146 146 145 146 147 147 147 147 147 143 143 142 142 143 143 143 147 148 149 150 149 149 148 148 149 149 149 149 148 148 147 148 149 149 150 150 150 152 151 152 153 153 153 154 154 153 153 153 154 155 154 155 156 156 156 156 156 157 157 157 157 157 158 158 159 159 159 160 161 160 159 161 162 162 162
140 140 140 138 140 138 143 144 146 146 146 146 146 146 146 146 146 145 143 143 142 142 142 142 143 147 148 150 149 149 149 149 147 147 148 148 149 148 148 147 148 149 149 150 150 151 152 151 152 152 152 153 153 154 153 153 153 154 155 155 155 156 157 156 155 155 156 157 156 156 156 157 158 158 159 159 160 160 159 160 161 161 160 161
