invasiveSpecies/multiSpecies/data/biophysical_var/2050_26/stdndvi_extent_conservancies_final.asc
ncols         347
nrows         295
xllcorner     36.068012264173
yllcorner     0.13039239511974
cellsize      0.0083333333333333
NODATA_value  -9999
[rows 224 to 251 of 295, columns 192 to 255 of 347]
-0.01505721 -0.01204814 -0.01108812 -0.008048146 -0.008048146 -0.008048146 -0.008048146 -0.007176026 -0.003229012 0.001607371 0.008760216 0.01200988 0.01204815 0.01283817 0.01527359 0.01203901 0.012 0.01125428 0.005061327 -0.01082888 -0.024 -0.02333363 -0.01999216 -0.02057966 -0.02389623 -0.02205645 -0.01252675 -0.01586245 -0.01535895 -0.0114638 -0.007514528 -0.004000001 -0.003982075 -0.002424407 0.008048153 0.008492731 0.012 0.01241404 0.01555308 0.012 0.01199551 0.01195615 0.01200411 0.01269692 0.0196891 0.01570812 0.01204815 0.01205134 0.01234538 0.01656073 0.02448448 0.03245357 0.03986315 0.03575686 0.02819261 0.0283301 0.03222023 0.03604816 0.03604589 0.03610998 0.04407907 0.05195186 -9999 -9999
-0.01898447 -0.016 -0.01505567 -0.01205766 -0.01203269 -0.01203269 -0.01203269 -0.01203269 -0.01116539 -0.006329017 0.002476449 0.01278823 0.01598047 0.0168098 0.01919274 0.0152082 0.0119673 0.009782724 -0.002176734 -0.01415723 -0.02405982 -0.02336088 -0.01934908 -0.01598961 -0.0153146 -0.01133005 -0.007355139 -0.004578328 -0.008604561 -0.0121219 -0.01100222 -0.004000001 -0.00250686 0.008513603 0.01202889 0.012 0.01199645 0.01197073 0.012 0.01199683 0.01159763 0.008360183 0.0123773 0.01638641 0.0196891 0.01600242 0.0160327 0.01629722 0.02027973 0.02423362 0.02843454 0.03637107 0.04393615 0.04397012 0.04403143 0.04385912 0.04 0.0399991 0.03977827 0.03212478 0.0400613 0.04790191 -9999 -9999
-0.016 -0.016 -0.01696003 -0.0190595 -0.01601724 -0.01601724 -0.0160095 -0.01598276 -0.0151192 -0.01030366 -0.001525337 0.008789984 0.01359023 0.01917891 0.01520486 0.01120641 0.007965519 0.005784078 -0.006868193 -0.02210308 -0.03130387 -0.02667013 -0.01936071 -0.01471184 -0.007357405 -0.003341123 -0.0005252086 -0.005122684 -0.01426721 -0.02695137 -0.01793354 -0.00398276 -0.001997316 0.01249607 0.01553656 0.01201724 0.01158458 0.008451761 0.0120155 0.0116135 0.008017242 0.008731766 0.01669643 0.02364057 0.01967454 0.01631141 0.02 0.02026339 0.02398383 0.02423261 0.02820186 0.03220271 0.03618726 0.04034285 0.04782709 0.04385852 0.03998276 0.03987326 0.03581138 0.02809562 0.03204637 -9999 -9999 -9999
-0.016 -0.016 -0.01696003 -0.02000042 -0.02000179 -0.02000138 -0.01820399 -0.01200178 -0.01200216 -0.01200356 -0.009494791 0.00163613 0.00879833 0.01199321 0.01044587 0.003237326 -3.570909e-006 -0.001460282 -0.01085567 -0.02469907 -0.02800148 -0.02733363 -0.02204725 -0.01072907 -0.002139709 0.009211156 0.01423655 0.0005642947 -0.02222202 -0.03544656 -0.02777205 3.570912e-006 0.001988572 0.01600043 0.01600357 0.01600337 0.01600179 0.01600197 0.01559994 0.01200322 0.01200017 0.01271599 0.01965641 0.01599836 0.0163109 0.02 0.02 0.02 0.02024907 0.0240001 0.02443801 0.03220271 0.03618726 0.04017164 0.04399637 0.04371301 0.03599823 0.03599823 0.03590379 0.03192272 0.02806534 -9999 -9999 -9999
-0.016 -0.016 -0.01696003 -0.02094134 -0.02398633 -0.02307579 -0.01909873 -0.01598633 -0.01685066 -0.01997266 -0.01829704 -0.01113525 -0.007139844 -0.003158005 -0.000736197 -0.004731764 -0.007972654 -0.01015475 -0.02138934 -0.02868361 -0.03130683 -0.02733363 -0.02204725 -0.01072907 -0.0015221 0.01379791 0.02279246 0.01423219 0.00168525 -0.01153928 -0.005965719 0.007972661 0.008968776 0.01695853 0.02397266 0.0235242 0.01998633 0.02040398 0.02356903 0.01919897 0.01237144 0.01598877 0.01567186 0.01233891 0.0163109 0.02 0.02 0.02 0.02024907 0.02423282 0.02820524 0.03220271 0.03618726 0.03982938 0.03587154 0.03204005 0.03201367 0.03201367 0.03210754 0.03590728 -9999 -9999 -9999 -9999
-0.02295803 -0.01997087 -0.0209309 -0.02491545 -0.02797087 -0.02705722 -0.02218101 -0.01687632 -0.02083817 -0.02481651 -0.02709928 -0.02227675 -0.01593588 -0.01590687 -0.01588914 -0.01667173 -0.01991262 -0.0220972 -0.03263055 -0.03525462 -0.03131817 -0.02601059 -0.01475168 -0.006127366 0.005806279 0.01718438 0.02399142 0.02335976 0.018759 0.01129042 0.008422289 0.01197087 0.01345634 0.02490356 0.03194175 0.03193847 0.03148125 0.02752877 0.02399706 0.02319453 0.01597359 0.01529068 0.008055763 0.008031503 0.008677779 0.01602913 0.01602913 0.01629173 0.02024907 0.02446553 0.03197246 0.03220271 0.03618726 0.0398282 0.03599887 0.03569116 0.02802913 0.02824747 0.03597157 0.03599943 -9999 -9999 -9999 -9999
-0.02300906 -0.02 -0.02190935 -0.02983403 -0.03682959 -0.03804912 -0.03100263 -0.0278761 -0.02792051 -0.02796491 -0.02799068 -0.02793712 -0.02706976 -0.02312963 -0.01918949 -0.01600846 -0.01604458 -0.01606893 -0.01548147 -0.0122597 -0.0122153 -0.01149709 -0.006143664 0.006401017 0.0210686 0.02787973 0.02795542 0.02738178 0.02173513 0.007501855 0.004571854 0.008044582 0.01002449 0.02496181 0.03246026 0.03551045 0.03199516 0.03153634 0.02755629 0.0236075 0.01958686 0.01528548 0.008000001 0.008322715 0.01226978 0.016 0.016 0.01626453 0.02049537 0.02796063 0.02804458 0.02844774 0.03637243 0.04395352 0.04391085 0.04376839 0.03974222 0.0359133 0.03609347 -9999 -9999 -9999 -9999 -9999
-0.02694903 -0.02393996 -0.0249144 -0.03081953 -0.04086908 -0.04211264 -0.03592648 -0.03587992 -0.03502565 -0.03110091 -0.028 -0.028 -0.02719453 -0.02320999 -0.0184625 -0.01056461 -0.004180111 -0.003462847 -0.0009314889 -0.004120074 -0.004791666 -0.00739366 -0.001466143 0.01442177 0.02850924 0.03015354 0.02070032 0.02461646 0.02625704 0.01480262 0.008467237 0.01193996 0.0134365 0.02496181 0.03200699 0.03205328 0.032 0.03158092 0.02799394 0.02755179 0.02393437 0.0235173 0.01948321 0.01588483 0.01625086 0.01964896 -9999 -9999 0.02419277 0.028 0.028 0.02820575 0.03243454 0.04039847 0.04793996 0.04793785 0.04763095 0.03983164 0.03609453 -9999 -9999 -9999 -9999 -9999
-0.0279813 -0.02792451 -0.02888453 -0.03197799 -0.03125694 -0.02737107 -0.02422648 -0.02509256 -0.02643277 -0.0202104 -0.02179218 -0.028 -0.02719453 -0.02243488 -0.01376643 -0.003377554 -7.5492e-005 0.0006527015 0.003911057 0.003164894 -0.000757319 -0.003409121 0.002528172 0.01784288 0.0274034 0.02233734 0.01274008 0.01841306 0.03134526 0.02668807 0.01926615 0.01592451 0.0169266 0.02448998 0.02853216 0.0324415 0.03549818 0.03158092 0.028 0.02761183 0.02326863 0.01614424 0.0164044 0.01992451 -9999 -9999 -9999 -9999 0.0240047 0.02453391 0.03192451 0.03212722 0.0361153 0.04017504 0.04422889 0.04772355 0.04002319 0.03607343 -9999 -9999 -9999 -9999 -9999 -9999
-0.0358181 -0.0358181 -0.03490173 -0.03107691 -0.02625384 -0.01926824 -0.01530411 -0.01143023 -0.008415292 -0.008272836 -0.009945601 -0.01627284 -0.01546737 -0.009920751 0.0004459922 0.004577211 0.007818107 0.007834664 0.007909054 0.008574628 0.01171166 0.01165136 0.01369471 0.02386145 0.02286503 0.01495905 0.009255743 0.01773396 0.02862375 0.03135399 0.02729083 0.02381811 0.02384068 0.02448091 0.02846545 0.03245 0.03514081 0.02767186 0.02409095 0.02408212 0.02289032 0.01139267 -9999 -9999 -9999 -9999 -9999 -9999 -9999 0.03596609 0.0398181 0.04002081 0.04400537 0.04782201 0.04775982 0.04380919 0.03608811 0.03600001 -9999 -9999 -9999 -9999 -9999 -9999
-0.04768079 -0.04768079 -0.04485179 -0.03494903 -0.03093977 -0.02598418 -0.01812108 -0.01111724 -0.007999994 -0.007170818 -0.004965032 -0.0082128 -0.006623286 0.0005128369 0.005422114 0.01106848 0.008000001 0.008000001 0.007306223 0.004803686 0.008770094 0.01329729 0.02047274 0.02276289 0.01617982 0.01596784 0.01696538 0.02494973 0.03245178 0.03587917 0.03577318 0.0356808 0.03519764 0.0322681 0.03534652 0.03201197 0.03166031 0.02798885 0.0278936 -9999 -9999 -9999 -9999 -9999 -9999 -9999 -9999 -9999 -9999 -9999 0.04799955 0.05129156 0.04400499 0.04410641 0.04410226 0.04399252 -9999 -9999 -9999 -9999 -9999 -9999 -9999 -9999
-0.04220036 -0.03636557 -0.03441628 -0.02821494 -0.02809355 -0.02617268 -0.01907443 -0.01499539 -0.01103726 -0.007148158 -0.004025481 -0.003325942 0.0005862926 0.004668158 0.008676299 0.0112409 0.008000001 0.008000001 0.007978288 0.007899385 0.009342884 0.01656481 0.02001983 0.02008314 0.01927703 0.01658613 0.02105633 0.02902542 0.03589516 0.03600001 0.03600001 0.03600001 0.03598489 0.0358928 0.03553456 0.032 0.03156546 -9999 -9999 -9999 -9999 -9999 -9999 -9999 -9999 -9999 -9999 -9999 -9999 -9999 -9999 -9999 0.04381846 0.04012186 -9999 -9999 -9999 -9999 -9999 -9999 -9999 -9999 -9999 -9999
-0.02656738 -0.02054925 -0.02048334 -0.01936248 -0.01641194 -0.01546692 -0.01224378 -0.012107 -0.01197022 -0.01018825 -0.003192331 0.001476358 0.007753024 0.008652703 0.01188928 0.01197394 0.01186269 0.01115949 0.008688272 0.01118934 0.008705234 0.01344718 0.02062857 0.02447633 0.02710537 0.02432992 0.02776582 0.02859333 0.03267634 0.03547591 0.03213732 0.03213732 0.03261664 0.03553561 0.03167187 -9999 -9999 -9999 -9999 -9999 -9999 -9999 -9999 -9999 -9999 -9999 -9999 -9999 -9999 -9999 -9999 -9999 -9999 -9999 -9999 -9999 -9999 -9999 -9999 -9999 -9999 -9999 -9999 -9999
-0.02601813 -0.02 -0.02 -0.01905543 -0.016 -0.01508634 -0.01199999 -0.01199999 -0.01199999 -0.01029632 -0.003163619 0.001641853 0.008000001 0.008790016 0.012 0.012 0.012 0.01127181 0.008712739 0.01130272 0.008681828 0.01333274 0.02065092 0.02463546 0.02738 0.02460455 0.028 0.02857364 0.03255818 0.03545728 0.032 0.032 0.03249636 -9999 -9999 -9999 -9999 -9999 -9999 -9999 -9999 -9999 -9999 -9999 -9999 -9999 -9999 -9999 -9999 -9999 -9999 -9999 -9999 -9999 -9999 -9999 -9999 -9999 -9999 -9999 -9999 -9999 -9999 -9999
-0.02313561 -0.02 -0.01908035 -0.01431881 -0.007446406 -0.004466251 -0.005196878 -0.007322597 -0.00433645 -0.003448788 0.0006681571 0.004687228 0.008771596 0.011865 0.01274198 0.01437742 0.008168226 0.007440033 0.004198201 0.004975083 0.00933498 0.01652617 0.02065092 0.02402673 0.02533001 0.03168898 0.03183177 0.03240542 0.03585526 0.03545728 0.0325051 -9999 -9999 -9999 -9999 -9999 -9999 -9999 -9999 -9999 -9999 -9999 -9999 -9999 -9999 -9999 -9999 -9999 -9999 -9999 -9999 -9999 -9999 -9999 -9999 -9999 -9999 -9999 -9999 -9999 -9999 -9999 -9999 -9999
-0.02013818 -0.02 -0.01812403 -0.01029453 -0.003254566 -0.001055385 -0.004041247 -0.004143145 -0.002345067 0.002859036 0.000836382 0.004037698 0.005757635 0.012 0.01203557 0.01138972 0.008000001 0.007271808 0.004000001 0.004697284 0.009363655 0.01666637 0.02065092 0.024 0.02524001 0.032 0.032 0.03257364 -9999 -9999 -9999 -9999 -9999 -9999 -9999 -9999 -9999 -9999 -9999 -9999 -9999 -9999 -9999 -9999 -9999 -9999 -9999 -9999 -9999 -9999 -9999 -9999 -9999 -9999 -9999 -9999 -9999 -9999 -9999 -9999 -9999 -9999 -9999 -9999
-0.01525753 -0.01239826 -0.01139044 -0.007207537 -0.002188026 0.00375538 0.002748241 -0.001037938 -0.003089531 -0.0006527015 -0.002964483 0.0009791935 0.005610942 0.012 0.012 0.0112409 0.008000001 0.007271808 0.004677256 0.009160717 0.0163175 0.02046723 0.02445178 0.02780087 0.0278626 0.02877359 -9999 -9999 -9999 -9999 -9999 -9999 -9999 -9999 -9999 -9999 -9999 -9999 -9999 -9999 -9999 -9999 -9999 -9999 -9999 -9999 -9999 -9999 -9999 -9999 -9999 -9999 -9999 -9999 -9999 -9999 -9999 -9999 -9999 -9999 -9999 -9999 -9999 -9999
-0.005528387 -0.008214585 -0.006346039 -0.0003785083 0.0007643685 0.004864645 0.006887206 0.003738052 0.001975818 -0.003831109 -0.003163619 0.002374697 0.0124195 0.01653304 0.01883781 0.01574468 0.01557082 0.0141535 0.008498148 0.01186022 0.01289642 0.01625034 0.01831209 0.028 -9999 -9999 -9999 -9999 -9999 -9999 -9999 -9999 -9999 -9999 -9999 -9999 -9999 -9999 -9999 -9999 -9999 -9999 -9999 -9999 -9999 -9999 -9999 -9999 -9999 -9999 -9999 -9999 -9999 -9999 -9999 -9999 -9999 -9999 -9999 -9999 -9999 -9999 -9999 -9999
0.002548971 -0.0004600933 0.0005551452 0.002879708 -0.000822245 -0.002626248 0.001254983 0.004000001 0.003082829 0.0005727999 0.004376289 0.009228973 0.01657542 0.01981539 0.01995545 0.01905451 0.016 0.01522993 0.01181094 0.01265718 0.01580917 0.01662805 -9999 -9999 -9999 -9999 -9999 -9999 -9999 -9999 -9999 -9999 -9999 -9999 -9999 -9999 -9999 -9999 -9999 -9999 -9999 -9999 -9999 -9999 -9999 -9999 -9999 -9999 -9999 -9999 -9999 -9999 -9999 -9999 -9999 -9999 -9999 -9999 -9999 -9999 -9999 -9999 -9999 -9999
0.003939182 0.003754499 0.004714524 0.006809929 0.001953294 -0.003943925 -0.002013219 0.00482857 0.007701268 0.006761723 0.005621431 0.01262581 0.01680547 0.02 0.02 0.0192409 0.016 0.01527181 0.01266899 0.01579729 -9999 -9999 -9999 -9999 -9999 -9999 -9999 -9999 -9999 -9999 -9999 -9999 -9999 -9999 -9999 -9999 -9999 -9999 -9999 -9999 -9999 -9999 -9999 -9999 -9999 -9999 -9999 -9999 -9999 -9999 -9999 -9999 -9999 -9999 -9999 -9999 -9999 -9999 -9999 -9999 -9999 -9999 -9999 -9999
0.001187247 0.004000001 0.003165238 0.00134324 0.003010271 0.0005930949 0.005274493 0.01153567 0.01173904 0.01168347 0.01236903 0.01732734 0.02353063 0.02373904 0.02301501 0.01995048 0.01973904 -9999 -9999 -9999 -9999 -9999 -9999 -9999 -9999 -9999 -9999 -9999 -9999 -9999 -9999 -9999 -9999 -9999 -9999 -9999 -9999 -9999 -9999 -9999 -9999 -9999 -9999 -9999 -9999 -9999 -9999 -9999 -9999 -9999 -9999 -9999 -9999 -9999 -9999 -9999 -9999 -9999 -9999 -9999 -9999 -9999 -9999 -9999
-0.003655111 -0.003447174 -0.00261983 0.001823868 0.008524292 0.01038337 0.01119226 0.02317076 0.0223634 0.0186542 0.01655997 0.02060124 0.02549962 0.03144718 -9999 -9999 -9999 -9999 -9999 -9999 -9999 -9999 -9999 -9999 -9999 -9999 -9999 -9999 -9999 -9999 -9999 -9999 -9999 -9999 -9999 -9999 -9999 -9999 -9999 -9999 -9999 -9999 -9999 -9999 -9999 -9999 -9999 -9999 -9999 -9999 -9999 -9999 -9999 -9999 -9999 -9999 -9999 -9999 -9999 -9999 -9999 -9999 -9999 -9999
-0.007708126 -0.007708126 -0.006748102 -0.001818991 0.006943624 0.01648846 0.02021922 0.02563667 0.03054897 0.02656443 0.02347729 -9999 -9999 -9999 -9999 -9999 -9999 -9999 -9999 -9999 -9999 -9999 -9999 -9999 -9999 -9999 -9999 -9999 -9999 -9999 -9999 -9999 -9999 -9999 -9999 -9999 -9999 -9999 -9999 -9999 -9999 -9999 -9999 -9999 -9999 -9999 -9999 -9999 -9999 -9999 -9999 -9999 -9999 -9999 -9999 -9999 -9999 -9999 -9999 -9999 -9999 -9999 -9999 -9999
-0.007999994 -0.007999994 -0.00703997 -0.00211086 0.006787345 0.01775712 0.02376169 0.02495057 -9999 -9999 -9999 -9999 -9999 -9999 -9999 -9999 -9999 -9999 -9999 -9999 -9999 -9999 -9999 -9999 -9999 -9999 -9999 -9999 -9999 -9999 -9999 -9999 -9999 -9999 -9999 -9999 -9999 -9999 -9999 -9999 -9999 -9999 -9999 -9999 -9999 -9999 -9999 -9999 -9999 -9999 -9999 -9999 -9999 -9999 -9999 -9999 -9999 -9999 -9999 -9999 -9999 -9999 -9999 -9999
-0.000645559 -0.000645559 0.0003144667 0.004375234 0.009610426 -9999 -9999 -9999 -9999 -9999 -9999 -9999 -9999 -9999 -9999 -9999 -9999 -9999 -9999 -9999 -9999 -9999 -9999 -9999 -9999 -9999 -9999 -9999 -9999 -9999 -9999 -9999 -9999 -9999 -9999 -9999 -9999 -9999 -9999 -9999 -9999 -9999 -9999 -9999 -9999 -9999 -9999 -9999 -9999 -9999 -9999 -9999 -9999 -9999 -9999 -9999 -9999 -9999 -9999 -9999 -9999 -9999 -9999 -9999
0.01464706 0.01464706 -9999 -9999 -9999 -9999 -9999 -9999 -9999 -9999 -9999 -9999 -9999 -9999 -9999 -9999 -9999 -9999 -9999 -9999 -9999 -9999 -9999 -9999 -9999 -9999 -9999 -9999 -9999 -9999 -9999 -9999 -9999 -9999 -9999 -9999 -9999 -9999 -9999 -9999 -9999 -9999 -9999 -9999 -9999 -9999 -9999 -9999 -9999 -9999 -9999 -9999 -9999 -9999 -9999 -9999 -9999 -9999 -9999 -9999 -9999 -9999 -9999 -9999
-9999 -9999 -9999 -9999 -9999 -9999 -9999 -9999 -9999 -9999 -9999 -9999 -9999 -9999 -9999 -9999 -9999 -9999 -9999 -9999 -9999 -9999 -9999 -9999 -9999 -9999 -9999 -9999 -9999 -9999 -9999 -9999 -9999 -9999 -9999 -9999 -9999 -9999 -9999 -9999 -9999 -9999 -9999 -9999 -9999 -9999 -9999 -9999 -9999 -9999 -9999 -9999 -9999 -9999 -9999 -9999 -9999 -9999 -9999 -9999 -9999 -9999 -9999 -9999
-9999 -9999 -9999 -9999 -9999 -9999 -9999 -9999 -9999 -9999 -9999 -9999 -9999 -9999 -9999 -9999 -9999 -9999 -9999 -9999 -9999 -9999 -9999 -9999 -9999 -9999 -9999 -9999 -9999 -9999 -9999 -9999 -9999 -9999 -9999 -9999 -9999 -9999 -9999 -9999 -9999 -9999 -9999 -9999 -9999 -9999 -9999 -9999 -9999 -9999 -9999 -9999 -9999 -9999 -9999 -9999 -9999 -9999 -9999 -9999 -9999 -9999 -9999 -9999
