invasiveSpecies/multiSpecies/data/biophysical_var/2050_26/stdndvi_extent_conservancies_final.asc
ncols         347
nrows         295
xllcorner     36.068012264173
yllcorner     0.13039239511974
cellsize      0.0083333333333333
NODATA_value  -9999
[rows 140 to 167 of 295, columns 192 to 255 of 347]
-0.04031624 -0.03730717 -0.0366703 -0.03559816 -0.04051182 -0.04818233 -0.05484048 -0.06 -0.05769005 -0.04820785 -0.04316362 -0.03917907 -0.03546565 -0.0325564 -0.02908569 -0.02749641 -0.02534641 -0.02559153 -0.02811131 -0.03465359 -0.03465359 -0.03398722 -0.03044087 -0.02976798 -0.03158869 -0.02954398 -0.02967369 -0.02419309 -0.02589912 -0.02894713 -0.02612632 -0.02265359 -0.02282066 -0.02384284 -0.02237948 -0.01895295 -0.01112736 -0.0151119 -0.0182892 -0.01508099 -0.0193128 -0.02522616 -0.02365819 -0.02 -0.02010465 -0.02105097 -0.01734641 -0.01734641 -0.01734641 -0.01726778 -0.01592657 -0.01445088 -0.01052936 -0.007942167 -0.006653584 -0.006653584 -0.006653584 -0.006617645 -0.00544093 -0.009398855 -0.01199999 -0.01199999 -0.01196729 -0.008017235
-0.03267687 -0.03066904 -0.03066904 -0.03161361 -0.03683642 -0.04674098 -0.05689821 -0.06 -0.058554 -0.0510604 -0.04183266 -0.03784811 -0.03440103 -0.03254807 -0.02856353 -0.02559067 -0.02666904 -0.02715494 -0.02933809 -0.02933809 -0.02933809 -0.02911517 -0.02865092 -0.032 -0.032 -0.03159661 -0.02874186 -0.02552285 -0.02629659 -0.02381941 -0.02249266 -0.02133096 -0.02182732 -0.02565185 -0.0270691 -0.01955 -0.01628995 -0.01922757 -0.02386498 -0.02292093 -0.02557966 -0.02764274 -0.02365819 -0.02 -0.0203109 -0.02360626 -0.01866904 -0.01858102 -0.01733808 -0.01710446 -0.01311992 -0.009270269 -0.007999994 -0.007885361 -0.005278936 -0.004000001 -0.004000001 -0.004109975 -0.008094512 -0.01199999 -0.01199999 -0.01199999 -0.01197817 -0.00934819
-0.02832589 -0.0293155 -0.0293155 -0.02994943 -0.03448178 -0.045125 -0.0542672 -0.05707868 -0.0551862 -0.04892629 -0.03653261 -0.03254807 -0.02829863 -0.02326348 -0.0197884 -0.01969325 -0.024 -0.024 -0.024 -0.024 -0.02422424 -0.02598187 -0.02996642 -0.03310651 -0.0317961 -0.03048568 -0.0287799 -0.02498401 -0.0226845 -0.02232026 -0.02052727 -0.024 -0.0246596 -0.02884103 -0.0244381 -0.01721498 -0.01614291 -0.01787802 -0.02308813 -0.0266845 -0.0266845 -0.02644473 -0.02377061 -0.02120817 -0.0201064 -0.02077812 -0.01336899 -0.01319146 -0.01068449 -0.01045087 -0.006681577 -0.006767042 -0.009253912 -0.007999994 -0.007843654 -0.004046334 -0.00527425 -0.004109975 -0.008063427 -0.01068449 -0.01070541 -0.01199999 -0.0120215 -0.01465391
-0.02704676 -0.02809986 -0.02841188 -0.0297069 -0.03195424 -0.03763023 -0.04369802 -0.04591707 -0.04193252 -0.03679802 -0.02856353 -0.02457898 -0.02005075 -0.0141667 -0.01277455 -0.01776493 -0.02530005 -0.02530005 -0.0250684 -0.024 -0.02490343 -0.02974984 -0.03243936 -0.03406449 -0.03007995 -0.02629189 -0.02341091 -0.02 -0.02 -0.02 -0.0203559 -0.02269995 -0.02353135 -0.02811349 -0.01807161 -0.01375004 -0.01773459 -0.02130005 -0.02157249 -0.024 -0.02387886 -0.02281607 -0.02377782 -0.02117962 -0.01838906 -0.01420509 -0.007999994 -0.008171944 -0.01060009 -0.01029054 -0.005594559 -0.01076583 -0.01181274 -0.007999994 -0.007843654 -0.004095097 -0.006656053 -0.005410019 -0.009300039 -0.009274343 -0.008042928 -0.01069994 -0.01075471 -0.01743438
-0.02043988 -0.01743081 -0.01839084 -0.02237539 -0.02543082 -0.02605106 -0.02875598 -0.03054587 -0.02856353 -0.02485255 -0.02214763 -0.01891543 -0.01416861 -0.01199999 -0.01277455 -0.01778974 -0.02543082 -0.02589853 -0.02774505 -0.02656918 -0.0274949 -0.031786 -0.03050637 -0.02920351 -0.02738 -0.02380585 -0.0223155 -0.02 -0.01982074 -0.0188897 -0.02016933 -0.02128459 -0.02162155 -0.02319263 -0.01698563 -0.0151654 -0.01914995 -0.02285 -0.02412963 -0.02503527 -0.02234269 -0.01907267 -0.02214157 -0.016 -0.01578895 -0.01308402 -0.01056918 -0.01101328 -0.01728459 -0.01681736 -0.009214521 -0.008202701 -0.01181274 -0.00788965 -0.005274474 -0.001476064 -0.002800558 -0.005576106 -0.0107154 -0.01063634 -0.006694978 -0.005430814 -0.00546351 -0.009465294
-0.01405433 -0.01199999 -0.01296002 -0.01694457 -0.02 -0.02 -0.02 -0.02060267 -0.02213875 -0.01972973 -0.01899623 -0.01887908 -0.0142827 -0.01351979 -0.01482131 -0.01699996 -0.02126914 -0.02249448 -0.02871274 -0.032 -0.032 -0.0311222 -0.02607995 -0.02336632 -0.02611086 -0.02231813 -0.02 -0.02 -0.01961892 -0.01781186 -0.02162911 -0.024 -0.024 -0.0235191 -0.01921678 -0.01343357 -0.01530327 -0.02041908 -0.02427556 -0.02607768 -0.01962728 -0.01624391 -0.01860596 -0.01726914 -0.01726914 -0.0171754 -0.016 -0.0161806 -0.01865184 -0.01714274 -0.01178183 -0.008138385 -0.0105436 -0.006441778 0.0001563404 0.003859116 0 -0.0001501618 -0.005461725 -0.005407748 -0.00268744 0 -3.269644e-005 -0.004029013
-0.01325367 -0.01325367 -0.01391281 -0.01724062 -0.02125368 -0.02125368 -0.02097216 -0.02 -0.02 -0.01914816 -0.0163121 -0.01800723 -0.01944698 -0.01754848 -0.01821452 -0.01751821 -0.024 -0.02472819 -0.02871274 -0.03221854 -0.03282629 -0.02941358 -0.0220954 -0.01938178 -0.02232064 -0.01981052 -0.01893095 -0.02 -0.02017494 -0.02179641 -0.02525368 -0.02525368 -0.02509811 -0.02336837 -0.01842675 -0.01569104 -0.01412275 -0.02167276 -0.02512717 -0.02373349 -0.02088096 -0.01725368 -0.01738123 -0.01884861 -0.02 -0.01970456 -0.016 -0.01591709 -0.01457531 -0.01192677 -0.0106649 -0.00919014 -0.007871431 -0.005081883 -0.00119534 0.0001863903 -0.001214368 0 2.962396e-005 0.00125368 0.001213809 -0.00125368 -0.001286377 -0.005265516
-0.016 -0.016 -0.016 -0.01788914 -0.024 -0.024 -0.0231018 -0.02 -0.02 -0.01914816 -0.01516362 -0.01364184 -0.02 -0.01920998 -0.016 -0.01751821 -0.024 -0.02472819 -0.02871274 -0.03269728 -0.03463634 -0.02666726 -0.01934908 -0.01663546 -0.02 -0.01939545 -0.01658909 -0.02 -0.02055818 -0.02454273 -0.028 -0.028 -0.02750364 -0.02303819 -0.016 -0.016 -0.01686908 -0.02441908 -0.02759637 -0.024 -0.02362728 -0.02 -0.01965819 -0.01632635 -0.02 -0.01970456 -0.016 -0.01573547 -0.01199999 -0.01176637 -0.008218156 -0.01179728 -0.007999994 -0.007828198 -0.004156341 -0.007859109 -0.003874572 0 9.451841e-005 0.004000001 0.003872786 -0.004000001 -0.004032698 -0.007999994
-0.01508015 -0.016 -0.01570653 -0.01666637 -0.02306125 -0.0242793 -0.02404999 -0.02 -0.02 -0.01940856 -0.01638639 -0.01461367 -0.02 -0.01969299 -0.01844554 -0.01949964 -0.024 -0.02450559 -0.02727209 -0.03025175 -0.03260767 -0.02666726 -0.01934908 -0.01663546 -0.02 -0.01939545 -0.01658909 -0.02 -0.02038755 -0.02315405 -0.02555446 -0.02555446 -0.02520983 -0.02210944 -0.01736505 -0.0185831 -0.02027171 -0.02551374 -0.02784314 -0.02632688 -0.02485005 -0.02111356 -0.01976268 -0.01744936 -0.01990496 -0.01857211 -0.016 -0.01573547 -0.01199999 -0.01183779 -0.009374233 -0.01179728 -0.007999994 -0.007933231 -0.006649668 -0.01152742 -0.007466193 -0.001222769 -0.001128251 0.002753063 0.001446692 -0.005222768 -0.005245469 -0.007989453
-0.01299093 -0.016 -0.01475021 -0.01268182 -0.02000223 -0.02463789 -0.02526738 -0.01946712 -0.01784714 -0.0190498 -0.01916362 -0.01682093 -0.02024311 -0.02199733 -0.02520731 -0.02520731 -0.02520731 -0.02498752 -0.024 -0.02469728 -0.028 -0.02666726 -0.01954555 -0.01745917 -0.01879269 -0.01855308 -0.0176186 -0.02 -0.01966305 -0.01742156 -0.01637806 -0.01637806 -0.01667769 -0.01893784 -0.02060594 -0.02565731 -0.02933847 -0.03041463 -0.03069643 -0.03281914 -0.0288346 -0.02485005 -0.02110415 -0.02 -0.01978294 -0.01711814 -0.016 -0.01565563 -0.0107175 -0.009655879 -0.01072683 -0.009505025 -0.007999994 -0.008171789 -0.01231267 -0.01990164 -0.01686888 -0.006381432 -0.005112794 -0.001286377 -0.005251721 -0.007999994 -0.007999994 -0.007975919
-0.01388753 -0.016 -0.014366 -0.01108099 -0.01877324 -0.024 -0.0231018 -0.0182345 -0.01260886 -0.01565998 -0.01847018 -0.01801278 -0.02175733 -0.02479002 -0.028 -0.028 -0.028 -0.02727181 -0.024 -0.02448952 -0.0270113 -0.02686581 -0.02080396 -0.01817268 -0.01499288 -0.01660455 -0.02 -0.01965815 -0.01666623 -0.01042712 -0.007999994 -0.007999994 -0.008992717 -0.0166242 -0.02198407 -0.02845 -0.03256402 -0.03719186 -0.03707159 -0.03561183 -0.03162728 -0.02753629 -0.02256818 -0.02 -0.02 -0.01970456 -0.016 -0.01554976 -0.008942778 -0.005286255 -0.006654981 -0.004202708 -0.007999994 -0.008171789 -0.01226609 -0.01885012 -0.01978651 -0.01308188 -0.009125495 -0.006439219 -0.009172898 -0.007999994 -0.008009736 -0.00919185
-0.01393863 -0.0148236 -0.01442826 -0.01478774 -0.02092911 -0.024 -0.02363012 -0.02058731 -0.01409773 -0.01402823 -0.01801278 -0.02199733 -0.0251764 -0.02550173 -0.0270514 -0.028 -0.028 -0.02705765 -0.0228236 -0.02302867 -0.02468183 -0.02733363 -0.02269817 -0.01517765 -0.01107891 -0.01307534 -0.0168173 -0.01801373 -0.01245405 -0.007999994 -0.008155065 -0.009176395 -0.01016912 -0.01799678 -0.02432856 -0.02727359 -0.03156488 -0.03777045 -0.03853868 -0.03561183 -0.03162728 -0.02749562 -0.02235281 -0.02225683 -0.02099353 -0.01861505 -0.016 -0.01573547 -0.01182417 -0.008942778 -0.00511224 -0.004202708 -0.008055065 -0.009297665 -0.01215633 -0.01614089 -0.01987457 -0.01589003 -0.01202779 -0.0131764 -0.01311279 -0.009176395 -0.009209092 -0.01318147
-0.008990929 -0.01199999 -0.01268138 -0.01578362 -0.0194985 -0.02194328 -0.02373726 -0.02558597 -0.02054537 -0.01867926 -0.02083638 -0.02458266 -0.02683905 -0.02650762 -0.0257107 -0.02777968 -0.02683905 -0.02559401 -0.02 -0.02069728 -0.02468183 -0.02714022 -0.02153722 -0.01375256 -0.007200042 -0.003619065 -0.009007205 -0.01500554 -0.01504564 -0.00900342 -0.008374232 -0.01083904 -0.01183177 -0.01931996 -0.02283905 -0.02315844 -0.02611265 -0.03009719 -0.03379525 -0.03456354 -0.03173546 -0.02916095 -0.02916095 -0.02892932 -0.02579034 -0.01939709 -0.01832189 -0.01813414 -0.01541054 -0.01402046 -0.008879459 -0.004143875 -0.0070263 -0.01093877 -0.01336266 -0.01846278 -0.02216006 -0.01705097 -0.01322803 -0.016 -0.01595485 -0.01316094 -0.01318415 -0.01601724
-0.008707153 -0.0108545 -0.0108545 -0.01179907 -0.01538665 -0.0177975 -0.0208982 -0.02425279 -0.02489712 -0.02339211 -0.02150284 -0.02285451 -0.02308517 -0.02456378 -0.02685451 -0.02631279 -0.024 -0.02348034 -0.02094138 -0.02069728 -0.02448657 -0.02552177 -0.01755268 -0.01021904 -0.005792048 -0.001035972 -0.007443598 -0.01126387 -0.01347053 -0.01145726 -0.00815099 -0.009145484 -0.01013821 -0.01748868 -0.02013329 -0.02114549 -0.02145559 -0.02441908 -0.02840363 -0.032 -0.03189326 -0.03095682 -0.032 -0.03190655 -0.03063265 -0.02770456 -0.024 -0.02407575 -0.02489642 -0.02061135 -0.01156367 -0.004058051 -0.005332741 -0.009538274 -0.01860366 -0.02639152 -0.02889463 -0.02103552 -0.01709136 -0.01485451 -0.01485451 -0.01485451 -0.01486387 -0.01601724
-0.007999994 -0.007999994 -0.007728778 -0.008081378 -0.01385822 -0.02 -0.02115195 -0.0257634 -0.02737773 -0.02488939 -0.02316362 -0.01976808 -0.01967544 -0.02286996 -0.02308878 -0.024 -0.024 -0.024 -0.02328726 -0.02050029 -0.02286996 -0.02153722 -0.01375202 -0.007364535 -0.003379996 -0.0006045496 -0.004589094 -0.007999994 -0.008400485 -0.01063388 -0.009657301 -0.01313003 -0.01412275 -0.02113004 -0.02159549 -0.02525716 -0.02613731 -0.02543073 -0.02840363 -0.032 -0.03162728 -0.02825633 -0.03096653 -0.03167365 -0.028 -0.02778803 -0.02513004 -0.02517037 -0.02542049 -0.02004103 -0.0105569 -0.005275475 -0.008345946 -0.01580842 -0.02535438 -0.03086996 -0.03065454 -0.02389003 -0.01981096 -0.01197765 -0.01088792 -0.01199999 -0.01203269 -0.01601237
-0.007999994 -0.007999994 -0.00703997 -0.005625939 -0.01300254 -0.02025459 -0.02266071 -0.028 -0.028 -0.0269108 -0.02181598 -0.01717866 -0.01569089 -0.01888542 -0.01987581 -0.024 -0.024 -0.02420291 -0.02460044 -0.02203487 -0.0207346 -0.01773836 -0.01134907 -0.007187467 -0.002438177 -0.0004360948 -0.003474514 -0.007045256 -0.007844459 -0.00757937 -0.01252726 -0.016 -0.01713103 -0.02511458 -0.02558003 -0.02956458 -0.03255896 -0.028 -0.02829116 -0.03099358 -0.03152343 -0.02688542 -0.02713198 -0.02944449 -0.02568421 -0.02457394 -0.02354168 -0.02308633 -0.01629692 -0.01065179 -0.006885415 -0.006998382 -0.009759226 -0.02300934 -0.02572728 -0.02465626 -0.02460073 -0.02277545 -0.01874906 -0.01303551 -0.00917818 -0.01311457 -0.01314727 -0.01711458
-0.007173161 -0.007999994 -0.00703997 -0.00520412 -0.01163116 -0.02091366 -0.0248982 -0.028 -0.02776168 -0.02543127 -0.01832723 -0.01222557 -0.01390459 -0.01731621 -0.01953454 -0.02530771 -0.02619825 -0.02652626 -0.02760831 -0.02510447 -0.0208128 -0.01515052 -0.01024995 -0.005979176 -0.001099125 -0.001099125 -0.001364475 -0.003316888 -0.00555032 -0.004936324 -0.01142814 -0.01490087 -0.01625357 -0.02619818 -0.02943668 -0.03232634 -0.0340318 -0.02690088 -0.02690088 -0.02718239 -0.02915873 -0.02270454 -0.0206087 -0.01927715 -0.01537803 -0.01240719 -0.008702617 -0.008583464 -0.006900871 -0.006795641 -0.005159071 -0.006603661 -0.01457275 -0.02210384 -0.01984366 -0.016 -0.01612543 -0.01985981 -0.01492684 -0.01596439 -0.01426185 -0.01819825 -0.01822196 -0.02109912
-0.005806142 -0.007999994 -0.007300057 -0.006716907 -0.01385822 -0.02066613 -0.02381453 -0.02715548 -0.02713271 -0.02291739 -0.01769675 -0.01345978 -0.0157218 -0.01992038 -0.02477456 -0.02855345 -0.03091633 -0.02999086 -0.02460028 -0.01840795 -0.01581528 -0.01376412 -0.007525423 -0.004911512 -0.004000001 -0.004000001 -0.003570503 -0.001239078 -0.002574299 -0.005479361 -0.008384419 -0.01091632 -0.01190904 -0.02022876 -0.03008486 -0.03187809 -0.02981181 -0.02063545 -0.01988402 -0.0217275 -0.02037627 -0.01622804 -0.01048191 -0.00559472 -0.002916331 -0.002780971 -0.00108367 -0.001348199 -0.005218626 -0.007484627 -0.01146917 -0.0156015 -0.02244038 -0.02774949 -0.02205335 -0.01921284 -0.01822481 -0.01980985 -0.01317818 -0.01716273 -0.02114728 -0.02508367 -0.02507481 -0.02400467
-0.007999994 -0.007999994 -0.008256372 -0.009760526 -0.0136101 -0.01941978 -0.02196642 -0.02571522 -0.02713271 -0.02229633 -0.016 -0.0153983 -0.01365858 -0.01736905 -0.0239132 -0.02779728 -0.02693179 -0.0254754 -0.01821905 -0.01493178 -0.01443204 -0.01168953 -0.009788765 -0.007534236 -0.005068213 -0.004906767 -0.004000001 -0.004573639 -0.008149059 -0.009068207 -0.008927397 -0.007999994 -0.008860162 -0.01602202 -0.0249309 -0.03142983 -0.02530967 -0.01146899 -0.007523458 -0.01251085 -0.009689919 -0.007904586 -0.006430731 -0.001155367 -0.002136427 -0.002352968 -0.005068213 -0.005332741 -0.009566354 -0.01730183 -0.02122812 -0.02425684 -0.02901821 -0.02804588 -0.02906821 -0.02888971 -0.02387457 -0.01994876 -0.01820571 -0.02114728 -0.02511484 -0.028 -0.02798477 -0.02615367
-0.007999994 -0.007999994 -0.00870735 -0.01119583 -0.01292911 -0.01758685 -0.02408184 -0.028 -0.02713271 -0.02229633 -0.016 -0.016 -0.01621199 -0.01784277 -0.02219417 -0.02618814 -0.02294724 -0.02149086 -0.0142345 -0.01094723 -0.01112668 -0.01249098 -0.01415935 -0.009938266 -0.009052752 -0.008448203 -0.005052758 -0.00547542 -0.008558176 -0.01185715 -0.01055873 -0.007999994 -0.008496354 -0.01344271 -0.0249309 -0.03110001 -0.02258202 -0.01032966 -0.005052758 -0.005154921 -0.006380137 -0.008789518 -0.006015555 -0.005379108 -0.009052752 -0.009052752 -0.009052752 -0.009247659 -0.01249814 -0.02017213 -0.02300466 -0.02435206 -0.03080927 -0.02812658 -0.03094724 -0.03073963 -0.02496034 -0.02218655 -0.02502788 -0.02407906 -0.028 -0.028 -0.0280327 -0.03201724
-0.009037296 -0.009037296 -0.009037296 -0.009736914 -0.01292911 -0.01691366 -0.02133055 -0.02569648 -0.02424571 -0.02044262 -0.01496269 -0.01517558 -0.01680547 -0.02058514 -0.0229627 -0.02220359 -0.0189627 -0.01769515 -0.01147208 -0.008856473 -0.008505005 -0.01096269 -0.01144481 -0.01345472 -0.01096269 -0.01067169 -0.009037296 -0.009037296 -0.009450727 -0.01145726 -0.007999994 -0.007999994 -0.008496354 -0.01356742 -0.0257268 -0.02994601 -0.02041261 -0.007999994 -0.008104665 -0.009324805 -0.01190333 -0.01096269 -0.01079816 -0.009363647 -0.01295667 -0.01199999 -0.01199999 -0.01199999 -0.01243355 -0.01908386 -0.02131204 -0.02622475 -0.0290373 -0.0289482 -0.02692216 -0.02596193 -0.0269627 -0.0269627 -0.0269172 -0.02507536 -0.0269627 -0.0269627 -0.02699539 -0.03097547
-0.01302184 -0.01302184 -0.01277659 -0.01199999 -0.01292911 -0.01668026 -0.0187487 -0.01729906 -0.01497815 -0.01434392 -0.01199999 -0.01282092 -0.01701124 -0.02102185 -0.02062611 -0.01821905 -0.01497815 -0.01443598 -0.01199999 -0.01130271 -0.007999994 -0.007829762 -0.007144432 -0.007999994 -0.007841607 -0.007582697 -0.01112863 -0.01199999 -0.0118574 -0.01057406 -0.007999994 -0.007999994 -0.008749957 -0.0157216 -0.028 -0.02676497 -0.01615277 -0.00902184 -0.009322356 -0.01190083 -0.01060543 -0.006978148 -0.007319954 -0.01130449 -0.01466725 -0.01105362 -0.01199999 -0.01206757 -0.01320729 -0.01646724 -0.02438059 -0.03097815 -0.03097815 -0.03072234 -0.02486551 -0.02112674 -0.024 -0.02402809 -0.02509222 -0.02794114 -0.0250056 -0.024 -0.02401599 -0.0259563
-0.016 -0.016 -0.01503997 -0.01199999 -0.01292911 -0.016 -0.01510179 -0.01199999 -0.01199999 -0.01199999 -0.01199999 -0.01282092 -0.01761094 -0.024 -0.02245088 -0.01524089 -0.01199999 -0.01199999 -0.01199999 -0.01130271 -0.007999994 -0.007333624 -0.004650916 -0.007999994 -0.00737999 -0.00460455 -0.008589087 -0.01199999 -0.01144181 -0.007999994 -0.007999994 -0.007999994 -0.009489078 -0.02096181 -0.028 -0.02710001 -0.01913092 -0.01199999 -0.01199999 -0.01161182 -0.007627277 -0.004000001 -0.004341807 -0.008326344 -0.01168909 -0.008295434 -0.01199999 -0.01226452 -0.016 -0.01646724 -0.02421816 -0.028 -0.028 -0.028 -0.02784366 -0.024 -0.024 -0.02410997 -0.028 -0.028 -0.02793639 -0.024 -0.0239673 -0.02
-0.01699094 -0.01699094 -0.01626874 -0.01374786 -0.01368987 -0.01577366 -0.01433337 -0.01199999 -0.01199999 -0.01221102 -0.01319813 -0.01459942 -0.01860188 -0.02479522 -0.02245088 -0.01505284 -0.01100905 -0.01100905 -0.01100905 -0.01065725 -0.008822018 -0.007333624 -0.004489662 -0.007009059 -0.006542651 -0.004454782 -0.007744091 -0.01185788 -0.01058915 -0.007865542 -0.007270305 -0.008990929 -0.01048001 -0.02195275 -0.02899094 -0.02797947 -0.01923857 -0.01288711 -0.0119 -0.01062088 -0.006728677 -0.004000001 -0.004341807 -0.008326344 -0.01168909 -0.008222243 -0.01100905 -0.01127358 -0.01513247 -0.01734242 -0.02317318 -0.02601813 -0.02606452 -0.02700906 -0.02689146 -0.024 -0.02403107 -0.02507367 -0.02802342 -0.02897135 -0.02793639 -0.024 -0.0239754 -0.02099094
-0.02097548 -0.02097548 -0.02097548 -0.02003091 -0.0167489 -0.01486352 -0.01124355 -0.01199999 -0.012423 -0.01438732 -0.01683638 -0.02 -0.02161094 -0.02720999 -0.02226199 -0.01369143 -0.007999994 -0.007822409 -0.007024514 -0.007721796 -0.01034268 -0.006358144 -0.003183259 -0.004000001 -0.0038488 -0.002877088 -0.003083562 -0.008779698 -0.007024514 -0.006614143 -0.005054544 -0.01199999 -0.01361012 -0.02593729 -0.03297548 -0.03184498 -0.02227996 -0.0164542 -0.01149793 -0.006731006 -0.004090895 -0.00497548 -0.005317286 -0.009222237 -0.01168909 -0.007999994 -0.007999994 -0.008264522 -0.01237665 -0.01804904 -0.01810224 -0.01902452 -0.01921177 -0.02298262 -0.02208716 -0.02302452 -0.02311936 -0.02604904 -0.02614356 -0.03000854 -0.02795191 -0.02497548 -0.02497548 -0.02497128
-0.024 -0.024 -0.024 -0.02305543 -0.01929388 -0.01513271 -0.009427072 -0.0114637 -0.01448645 -0.01935261 -0.01759567 -0.02 -0.02122431 -0.02547954 -0.02090219 -0.01124089 -0.007999994 -0.007446573 -0.004788964 -0.004362578 -0.005561761 -0.002373604 0.0003091098 -0.002887461 -0.001459944 0.002379505 0.004370933 0.0005240642 -0.002213917 -0.003170233 -0.005181093 -0.01296002 -0.01482633 -0.02884639 -0.03503997 -0.03458998 -0.02984065 -0.01916183 -0.01119273 -0.004093165 -0.005332741 -0.008874274 -0.008341799 -0.01192166 -0.01072907 -0.00703997 -0.00703997 -0.007367987 -0.01199999 -0.01205606 -0.01312582 -0.016 -0.01614231 -0.01890941 -0.01615634 -0.02003381 -0.02096003 -0.02098642 -0.02199188 -0.02503909 -0.02896003 -0.02896003 -0.02896003 -0.02894279
-0.02471057 -0.024 -0.024 -0.02305543 -0.0202194 -0.01911725 -0.01225846 -0.01123772 -0.01666249 -0.01925658 -0.01980249 -0.01905543 -0.01924564 -0.02018656 -0.01902964 -0.01011706 -0.006110855 -0.006282812 -0.006174381 -0.001578236 0.001266587 0.003185365 0.004293655 0.001580031 0.005271757 0.007055431 0.006466337 0.003055431 0.002629058 -0.0006708885 -0.006526386 -0.01694457 -0.01819923 -0.02742277 -0.03000095 -0.0287163 -0.02439982 -0.01737165 -0.01034348 -0.004296509 -0.007428142 -0.01086689 -0.009205654 -0.01167364 -0.007762515 -0.004944569 -0.004944569 -0.00541116 -0.01199999 -0.01223361 -0.01610303 -0.01784127 -0.01690035 -0.01604057 -0.01706399 -0.02017415 -0.02497419 -0.02597314 -0.02896689 -0.02994953 -0.03294457 -0.03294457 -0.03294457 -0.0329314
-0.02631012 -0.024 -0.02377701 -0.02234572 -0.02092911 -0.02259713 -0.0176496 -0.01692911 -0.01672766 -0.01665397 -0.01842878 -0.01619068 -0.01773459 -0.02153563 -0.02072185 -0.005552673 0.0009291149 0.0003700652 -0.0007162953 0.006020194 0.007992625 0.01319186 0.008904926 0.00419265 0.004592652 0.001212658 0.0007603981 -0.001724984 -0.0009291149 -0.002140633 -0.01131757 -0.02092911 -0.02119489 -0.02295918 -0.02156821 -0.01676266 -0.01287905 -0.009820024 -0.006761007 -0.004000001 -0.004459292 -0.009203385 -0.01199999 -0.01174944 -0.008929107 -0.009066356 -0.01078734 -0.01099042 -0.01385822 -0.01409184 -0.01819321 -0.02379729 -0.01985624 -0.01706101 -0.02003631 -0.02117816 -0.02812543 -0.032 -0.03209452 -0.03598163 -0.03507088 -0.03507088 -0.03507848 -0.036004
