invasiveSpecies/multiSpecies/data/biophysical_var/2050_26/stdndvi_extent_conservancies_final.asc
ncols         347
nrows         295
xllcorner     36.068012264173
yllcorner     0.13039239511974
cellsize      0.0083333333333333
NODATA_value  -9999
[rows 140 to 167 of 295, columns 128 to 191 of 347]
-0.01543898 -0.002145342 0.007222137 0.0138891 0.01799211 0.02249845 0.02669283 0.02980654 0.03520286 0.04040872 0.04340343 0.03668883 0.01926123 -0.00392115 -0.02434008 -0.03273585 -0.02043667 0.007870369 0.03445127 0.05061682 0.05710853 0.05865359 0.05428544 0.0469063 0.04745798 0.05119004 0.04779651 0.03614734 0.0295714 0.03403249 0.03579075 0.03030524 0.02233615 0.01436706 0.00883182 0.008000001 0.005631839 -6.182196e-005 -0.003122402 -0.003099798 0.0008796795 0.00841397 0.01595836 0.01865359 0.01692869 0.008220652 -0.006421752 -0.01295097 -0.007247512 0.001014719 0.009346413 0.009346413 0.009730854 0.01065359 0.009893673 0.006869965 0.003635763 -0.0005937672 -0.01251894 -0.02376393 -0.03096871 -0.0326489 -0.03530226 -0.03831357
-0.02536725 -0.01542993 -0.001530595 0.01375706 0.02388751 0.0298344 0.03333096 0.03520286 0.03918741 0.04317195 0.04654907 0.048 0.04081831 0.01775954 -0.01117625 -0.02766806 -0.01853636 0.01279419 0.04071193 0.05235548 0.05411305 0.05333809 0.05060367 0.04287925 0.0405564 0.04693179 0.04723189 0.04139443 0.03578363 0.03282125 0.029979 0.02316768 0.01436706 0.006887118 0.004607648 0.008000001 0.007050029 0.003922723 -0.0005252545 -0.006296355 -0.01021346 -0.006187722 0.004000002 0.01244485 0.01333809 0.01162377 0.005459468 -0.0008414257 -0.001842825 0.003261444 0.01066904 0.01106562 0.0108236 0.008000001 0.008000001 0.006869965 0.004743717 0.005935641 0.001470152 -0.008187287 -0.01705988 -0.02035228 -0.02338178 -0.03034448
-0.03396671 -0.02873711 -0.01093594 0.01167356 0.0271519 0.0345286 0.03731551 0.03918741 0.04256141 0.04584099 0.04860038 0.04872021 0.04323034 0.02372079 -0.005661478 -0.02481201 -0.02122138 0.004825099 0.03499786 0.04968644 0.05032903 0.048 0.04635994 0.04019476 0.03679089 0.04106957 0.04268451 0.04163568 0.03794379 0.03264883 0.02683486 0.01916886 0.01083303 0.005160948 0.004583442 0.008000001 0.007531784 0.005739398 0.001672493 -0.004514788 -0.008913976 -0.009780879 -0.005320281 0.0009363628 0.003165548 0.004053495 0.004470882 0.003686246 -0.0008144426 0.0002166746 0.006684499 0.007876357 0.009894987 0.008000001 0.008000001 0.007613247 0.006631005 0.006269529 0.004231833 -0.0004696155 -0.007114202 -0.01371958 -0.02033864 -0.02599092
-0.03733654 -0.03344458 -0.01693844 0.0056738 0.02315471 0.0344424 0.04 0.04187191 0.04400001 0.04643934 0.05053227 0.05018993 0.03965497 0.01636749 -0.01052643 -0.02749651 -0.0250688 -0.001102057 0.03061318 0.0489345 0.05087212 0.04930005 0.04765999 0.04367544 0.04077705 0.03948203 0.03818701 0.03638406 0.03170514 0.02423394 0.01809058 0.01378668 0.01206277 0.01148552 0.009654569 0.008000001 0.006113595 0.002699954 0.001759844 -0.002307 -0.006257327 -0.005837503 -0.007132526 -0.007999994 -0.007122479 -0.005300045 -0.004443393 -0.002600091 -0.004271664 -0.00552393 9.986365e-005 0.001679089 0.005782253 0.006699955 0.007072253 0.008762762 0.01142446 0.01255815 0.008812014 0.002584605 -0.004458321 -0.01573768 -0.0237218 -0.02669995
-0.0353641 -0.03078614 -0.01634355 0.003616781 0.01842334 0.03161124 0.04 0.04247306 0.0452846 0.04778412 0.05071542 0.04890534 0.03537134 0.00834024 -0.01448843 -0.02508902 -0.02121503 0.001041007 0.02993585 0.04865747 0.05274797 0.05200001 0.05035994 0.04637539 0.0413573 0.03583712 0.03286628 0.02887442 0.02140225 0.01526075 0.008967154 0.003517969 0.005686434 0.01218547 0.01274049 0.009284592 0.006894426 0.002116931 0.001284591 0.0003495916 -0.000506311 -6.182196e-005 -0.003618932 -0.005430814 -0.005430814 -0.005843358 -0.007122985 -0.007999994 -0.008397646 -0.008891894 -0.007999994 -0.00561628 0.0007986037 0.002342574 0.002208438 0.004146228 0.006017444 0.01086164 0.007958647 -0.001304089 -0.007766683 -0.01508645 -0.01716807 -0.02046943
-0.03339166 -0.02555491 -0.008497532 0.01154229 0.02364394 0.03421119 0.04126914 0.04441901 0.048 0.048 0.048 0.04618993 0.03257646 0.007298773 -0.01258159 -0.01889061 -0.009980738 0.01128393 0.03566964 0.05137287 0.0548592 0.05326914 0.05110871 0.04637539 0.03866198 0.02913716 0.02830911 0.02859698 0.02273991 0.01615315 0.008967154 0.002499033 0.002028367 0.007864637 0.012 0.012 0.01057631 0.007485386 0.006096365 0.004832134 0.003567902 0.002238842 0.001269136 0.0004343605 -0.001269136 -0.002553726 -0.006940945 -0.01093604 -0.01225989 -0.01204636 -0.009269128 -0.006885414 -0.0005226285 -0.0002601614 -0.004000001 -0.004000001 -0.003239059 -0.001269136 -0.002748812 -0.006391934 -0.005512413 -0.005275252 -0.005862867 -0.01173725
-0.03016555 -0.01701835 0.002845193 0.02163618 0.03188777 0.03795557 0.04149265 0.04336454 0.04607449 0.04732332 0.048 0.0450553 0.03308201 0.01196503 -0.008547483 -0.01344819 -0.00011805 0.02027318 0.04006124 0.05262655 0.05672996 0.056 0.0532339 0.04762907 0.0393214 0.02791467 0.02458894 0.02451302 0.01979817 0.01321444 0.008664029 0.00328228 0 0.003949425 0.01074632 0.01074632 0.008876418 0.006900876 0.008972911 0.007054358 0.003891812 0.003866071 0.00901472 0.005971412 -0.001461342 -0.005687206 -0.01139417 -0.01725368 -0.01914986 -0.01603091 -0.01325367 -0.01124351 -0.003785845 0.0007882903 -0.004000001 -0.003645825 -0.002746321 -0.002401833 -0.001152997 0.0008292535 0.005206646 0.007566154 1.046885e-006 -0.009321809
-0.02605974 -0.01017684 0.009745884 0.02580117 0.032 0.03390282 0.03600001 0.0378719 0.04185645 0.04584099 0.048 0.04256977 0.02882152 0.01288333 -0.003054839 -0.006755228 0.0069312 0.02458673 0.04280756 0.05537288 0.05832903 0.056 0.05435994 0.05037539 0.04317253 0.0312189 0.02242175 0.01687442 0.012 0.01046812 0.008000001 0.004998066 0 0.002940114 0.008000001 0.008000001 0.00515262 0.001408235 0.005392781 0.008000001 0.006638133 0.009385652 0.02 0.01605349 0.004099861 -0.006569179 -0.01326913 -0.01725368 -0.02 -0.01877723 -0.016 -0.01480814 -0.008470786 -0.001160947 -0.004000001 -0.002869965 0 0.001099125 0.005083671 0.009068215 0.012 0.008888091 -0.002043694 -0.01001278
-0.02605974 -0.009576265 0.0103728 0.02521004 0.03077723 0.03268005 0.03477724 0.03664913 0.04063368 0.04461823 0.04621918 0.03957091 0.02460461 0.008536137 -0.005105686 -0.005151943 0.01165892 0.02965061 0.04595562 0.05730288 0.0600626 0.05844554 0.05630412 0.05159816 0.04488721 0.03317726 0.02267961 0.01612938 0.012 0.01093641 0.008759211 0.005915734 0.001991429 0.003713498 0.007555341 0.006777233 0.003494641 -0.001467787 0.002150236 0.005554463 0.004608907 0.008162883 0.01918409 0.01565136 0.003274506 -0.00617649 -0.01204636 -0.01603091 -0.01915575 -0.01877723 -0.016 -0.01517248 -0.01005317 -0.002896699 -0.003649833 -0.001301752 0.002445538 0.003544663 0.007529208 0.01086066 0.01103454 0.00553688 -0.004176859 -0.01062025
-0.02485242 -0.008190855 0.01117771 0.0244511 0.0297863 0.03231744 0.03441463 0.03572154 0.03850343 0.04239665 0.04393278 0.03572065 0.01864883 0.0006734355 -0.01082838 -0.003397417 0.02223551 0.04287769 0.0555203 0.06359205 0.06470297 0.064 0.06121489 0.05558271 0.0504747 0.04052085 0.02736356 0.01879477 0.01515491 0.01395226 0.01214859 0.01086766 0.009688059 0.00655357 0.005338086 0.002792687 -0.0006189621 -0.006792683 -0.004427506 -0.0008314301 -0.002825675 0.0009509419 0.01129439 0.009892592 -0.000229938 -0.004896864 -0.008061816 -0.01204636 -0.01565718 -0.01710073 -0.016 -0.01564026 -0.01243988 -0.005631737 -0.001647196 0.003126309 0.008672825 0.01151375 0.01484413 0.01493179 0.008841724 -0.002074605 -0.00902184 -0.01199999
-0.02145788 -0.00755608 0.01035696 0.02580117 0.03448984 0.0385277 0.04 0.04055776 0.0406387 0.04313343 0.04735209 0.04364845 0.03048008 0.01009244 -0.01010027 -0.01021678 0.01419494 0.03954979 0.05514638 0.06304571 0.06325135 0.06161629 0.06095359 0.0583754 0.05439085 0.04769377 0.03850563 0.03172379 0.02556719 0.02085184 0.01838372 0.01943745 0.01910609 0.01263546 0.006120973 0.003575574 0.002576092 0.0003478272 0.0005533543 -0.0007813236 -0.008575792 -0.009708351 -0.0038609 -0.001723415 -0.002808143 -0.003190905 -0.005269134 -0.009253672 -0.01199999 -0.01285842 -0.01480814 -0.01397141 -0.009997713 -0.003684989 0.0008041759 0.003938179 0.008705199 0.01438791 0.01598655 0.01342164 0.006771693 -0.002957383 -0.00902184 -0.01229986
-0.02122794 -0.006176838 0.01122345 0.02462476 0.03522429 0.04055962 0.0411764 0.04304831 0.04386595 0.04365236 0.04592816 0.04554587 0.03861614 0.02184826 -0.001924572 -0.01805665 -0.0111241 0.0107063 0.02766472 0.03874398 0.04786956 0.05129439 0.05438149 0.05815459 0.05556725 0.04998901 0.04359816 0.039154 0.03199519 0.02411532 0.02209318 0.0228236 0.0228236 0.02074817 0.0161496 0.0143528 0.0143528 0.01294457 0.01035281 0.006625906 -0.002794001 -0.006739933 -0.00470767 -0.001894986 0 -0.001284591 -0.004895881 -0.008445979 -0.01163583 -0.01118321 -0.01199999 -0.01235052 -0.01199999 -0.006854503 -0.000839513 0.0007976919 0.003282581 0.004470793 0.005554463 0.006648527 -0.0001487045 -0.005908632 -0.008721314 -0.011534
-0.02407965 -0.006747047 0.00981803 0.02296211 0.03380224 0.0418464 0.04516096 0.04648956 0.048 0.048 0.04723414 0.0452712 0.03809528 0.02142684 -0.002155977 -0.02263175 -0.0282242 -0.02144626 -0.01205585 -0.0006733915 0.01839135 0.03071242 0.0377487 0.05138407 0.05630912 0.05327515 0.04712464 0.04132801 0.03142071 0.01945619 0.01635548 0.01927469 0.02 0.02 0.02 0.02 0.02041321 0.02016143 0.01832189 0.01636675 0.01088666 0.00574565 0.001935602 0.001160947 0.0004063046 -0.002072703 -0.0047367 -0.008101521 -0.01112114 -0.01038371 -0.01316094 -0.0143528 -0.01632598 -0.01166304 -0.004015455 -0.0008329693 -0.001438072 -0.005479952 -0.005552743 -0.004241017 -0.0070691 -0.008859877 -0.007999994 -0.007999994
-0.02293416 -0.00643336 0.01203687 0.02698462 0.03336893 0.04056295 0.04685451 0.04792663 0.04914549 0.04861828 0.04930275 0.046716 0.03401661 0.01337902 -0.01015407 -0.02303793 -0.02597692 -0.02856353 -0.02734901 -0.02209856 -0.009033713 0.002272546 0.009533539 0.0299656 0.0491643 0.0548627 0.04998901 0.04313517 0.03624423 0.02504085 0.0167956 0.01778679 0.01885451 0.01927549 0.02041656 0.02114549 0.02216148 0.024 0.02439885 0.02475106 0.02166627 0.01445267 0.007814535 0.004768769 0.001772206 -0.003590253 -0.007320312 -0.01235901 -0.01279089 -0.01287259 -0.01485451 -0.01638768 -0.02033689 -0.01799511 -0.00881745 -0.004015455 -0.003055465 -0.009413878 -0.01345582 -0.01398507 -0.01314548 -0.01181113 -0.007999994 -0.007999994
-0.01952025 -0.000491771 0.01890464 0.03048002 0.03258811 0.03717088 0.04286997 0.04608494 0.0502644 0.04954908 0.04696854 0.03928697 0.02199975 -0.001601711 -0.02208019 -0.02886347 -0.02580828 -0.0232304 -0.02403934 -0.02291368 -0.01844605 -0.01313003 -0.007746497 0.01370357 0.04269492 0.05690047 0.05510359 0.04669299 0.04045698 0.03589359 0.02679882 0.01835696 0.01373993 0.01520998 0.01960547 0.02286996 0.02286996 0.0232678 0.02499931 0.02588175 0.02263813 0.01768755 0.01142307 0.00705614 0.003829991 -0.001439144 -0.007780552 -0.0109936 -0.01285151 -0.0112154 -0.01199999 -0.01438371 -0.0211764 -0.02200609 -0.01483905 -0.008319239 -0.006744891 -0.009887733 -0.01595363 -0.01810353 -0.016 -0.01392539 -0.007999994 -0.007999994
-0.01698498 0.004902377 0.02350524 0.03301897 0.03408174 0.03527541 0.03888542 0.04127892 0.04482187 0.04525786 0.04100519 0.02811024 0.006503044 -0.01752299 -0.03199287 -0.03675139 -0.03576727 -0.03366385 -0.03557882 -0.03078348 -0.02363604 -0.016 -0.009896729 0.0102577 0.0385979 0.06007555 0.06351244 0.05509084 0.04914335 0.04563353 0.03410244 0.02175811 0.01204439 0.01199455 0.01521315 0.01888542 0.01967883 0.02213042 0.024 0.02361622 0.02152355 0.01791418 0.01333809 0.008000001 0.007062207 0.002903344 -0.002124478 -0.003789767 -0.006460885 -0.009563481 -0.01311457 -0.01549829 -0.02229098 -0.02395363 -0.0188236 -0.01279969 -0.01088541 -0.008792852 -0.01227104 -0.01629765 -0.01682124 -0.01392539 -0.007715262 -0.007165841
-0.01190131 0.009446199 0.02836024 0.03546866 0.03350972 0.03337996 0.03490088 0.03864468 0.04155455 0.03765314 0.03074819 0.01856144 -0.002760604 -0.02611632 -0.03679444 -0.03924291 -0.03889018 -0.03943469 -0.03982963 -0.03280805 -0.02329866 -0.01270263 -0.009585063 0.004933918 0.03336108 0.06061447 0.06975631 0.06530385 0.05997698 0.05402355 0.04468122 0.03671848 0.02870105 0.02321768 0.01769859 0.01490088 0.01735705 0.02257566 0.02361729 0.02152355 0.01753901 0.01527085 0.01333809 0.008000001 0.00835723 0.007814535 0.003481256 0.0003444878 -0.001377322 -0.009682404 -0.016 -0.01838372 -0.0245299 -0.02495981 -0.02092465 -0.01486996 -0.01119168 -0.009099117 -0.01067091 -0.01596909 -0.01784812 -0.0131113 -0.006978148 -0.004729854
-0.003932221 0.0159905 0.03095874 0.03354241 0.02935726 0.02869633 0.02983266 0.03357646 0.03783266 0.03464944 0.02543973 0.01069526 -0.01084097 -0.02993916 -0.03471411 -0.03832844 -0.04208751 -0.04067151 -0.04275918 -0.03648125 -0.02014147 -0.006167337 -0.006918757 -0.002821956 0.02040461 0.05163383 0.06452048 0.06426988 0.06183266 0.05876891 0.05313789 0.05090568 0.0465151 0.03775717 0.02434894 0.01416734 0.01481962 0.01881647 0.02336188 0.02041687 0.01535285 0.01298165 0.012615 0.008000001 0.008947842 0.00963174 0.004721892 0.00125368 0.001859008 -0.006253368 -0.01383266 -0.01621638 -0.02097497 -0.01891633 -0.01808117 -0.01486996 -0.01199999 -0.01229776 -0.01308366 -0.01357308 -0.01414878 -0.01096269 -0.006978148 -0.00427265
0.002429232 0.02236671 0.03342865 0.03158075 0.02275748 0.01985753 0.02293179 0.02617569 0.03035934 0.0290908 0.02145519 0.003587936 -0.01910954 -0.03321963 -0.03706821 -0.04137922 -0.04612449 -0.04369235 -0.04277256 -0.0410775 -0.02927355 -0.01840928 -0.01545525 -0.009580028 0.00598857 0.03398483 0.0502369 0.05541641 0.05534501 0.05334534 0.05017968 0.05119833 0.04877478 0.04369937 0.03231803 0.02213643 0.02033254 0.01950861 0.02539278 0.02598099 0.01941269 0.01377686 0.01173726 0.008716905 0.008347183 0.007783624 0.003799079 0.001987095 0.002761776 -0.002445536 -0.007999994 -0.01006542 -0.01524595 -0.016 -0.01630591 -0.01593818 -0.0124729 -0.0120309 -0.01493178 -0.01443411 -0.01306821 -0.01230792 -0.008841689 -0.005805844
0.003348911 0.02385853 0.032 0.03006628 0.0251732 0.02160472 0.02105276 0.02193933 0.02480369 0.02559078 0.01756248 -0.001823272 -0.02450078 -0.03672641 -0.03894724 -0.0406955 -0.0451361 -0.04284796 -0.03850794 -0.0406519 -0.03815583 -0.03705276 -0.03092414 -0.01962574 -0.008039116 0.01251228 0.03124894 0.04332586 0.05120355 0.05502807 0.05436007 0.05005083 0.0446618 0.04361311 0.03751168 0.028 0.02515262 0.02140823 0.02502622 0.02694724 0.02458194 0.01865359 0.01501934 0.01173726 0.01001065 0.0110535 0.007783624 0.004722804 0.002761776 -0.002123717 -0.006947237 -0.007511725 -0.01001812 -0.01345282 -0.01609273 -0.01811462 -0.01406418 -0.009862597 -0.01171478 -0.01201545 -0.01494724 -0.01494724 -0.01344142 -0.00878788
0.001870947 0.02231175 0.03043087 0.02902898 0.0269627 0.02555333 0.024 0.0221281 0.02137502 0.0229627 0.01430844 -0.004580986 -0.02260658 -0.03331778 -0.03542007 -0.03729489 -0.04108022 -0.04003481 -0.03408001 -0.03332543 -0.03472972 -0.03585079 -0.03305715 -0.02500608 -0.0158936 -0.005563678 0.01152327 0.03119755 0.04567931 0.05763295 0.06082472 0.05092346 0.04443989 0.04045535 0.03431602 0.028 0.02552182 0.02208035 0.02363882 0.02260552 0.02091669 0.01796544 0.016 0.0146845 0.01166287 0.0109627 0.01002268 0.00642121 0.002045576 -0.0005885781 -0.001925394 -0.0004244568 0.002240578 -0.00217268 -0.009590385 -0.01451149 -0.01517446 -0.01246723 -0.01016004 -0.008791192 -0.01096269 -0.01096269 -0.01096269 -0.01047826
0.001900442 0.0178939 0.02545124 0.02504443 0.0234682 0.0235139 0.02297815 0.02110625 0.0185039 0.01842661 0.01307508 -0.001659016 -0.01857588 -0.0274581 -0.02820391 -0.03210197 -0.03368802 -0.032 -0.02816145 -0.02380295 -0.02369035 -0.02195631 -0.02523644 -0.02874672 -0.02499308 -0.01844916 -0.001570945 0.02733876 0.05005914 0.06185666 0.06041789 0.04499806 0.03851449 0.03452995 0.0305454 0.028 0.02694001 0.0246621 0.02260722 0.01932638 0.0180437 0.01769974 0.01702185 0.01537029 0.01069995 0.007671837 0.006653938 0.003769213 -0.001021848 0.0005132923 0.004000001 0.006383717 0.01230053 0.01069995 0.001878005 -0.008216374 -0.0139563 -0.01203884 -0.006978148 -0.006978148 -0.007247088 -0.007999994 -0.007999994 -0.00926348
0.001900442 0.0178939 0.024 0.02206628 0.02191827 0.02209719 0.02 0.0181281 0.01414356 0.01384099 0.01417447 0.002949616 -0.01158924 -0.01422083 -0.01199999 -0.02074127 -0.032 -0.032 -0.02689433 -0.01831357 -0.016 -0.016 -0.01928013 -0.024 -0.02560916 -0.0232189 -0.003374039 0.02850232 0.05418934 0.06553189 0.06041789 0.04499806 0.03851449 0.03452995 0.0305454 0.028 0.028 0.02659177 0.02260722 0.02137732 0.024 0.02265359 0.02 0.017369 0.01069995 0.00671541 0.002730865 -0.00125368 -0.004000001 -0.001554463 0.004000001 0.006383717 0.0131764 0.01367811 0.005709018 -0.00226007 -0.007999994 -0.006900871 -0.004000001 -0.004000001 -0.005052758 -0.007999994 -0.007999994 -0.01001278
0.0004091036 0.01690296 0.02300906 0.02059629 0.01946117 0.02006716 0.01900906 0.01806463 0.0160543 0.01635772 0.01660859 0.006819261 -0.006189969 -0.00871597 -0.006608378 -0.01392945 -0.02664815 -0.03044357 -0.02506016 -0.01450518 -0.01145928 -0.01203625 -0.01531639 -0.02204861 -0.02660009 -0.02381502 -0.002592069 0.03009704 0.05518028 0.06652282 0.06140883 0.045989 0.03950543 0.03588507 0.03180657 0.028 0.028 0.02659177 0.02295226 0.02202705 0.02433738 0.02364452 0.02066121 0.01769489 0.01136883 0.00671541 0.00210205 -0.002924973 -0.004684186 -0.001251541 0.004990938 0.007374654 0.0138759 0.01367811 0.00542524 -0.002971058 -0.008276113 -0.007891806 -0.004722475 -0.004264634 -0.006304498 -0.009981869 -0.009728721 -0.01100372
-0.005094954 0.01339753 0.02 0.01566098 0.009621095 0.01092896 0.01404904 0.01729044 0.02283192 0.02497548 0.02497548 0.0204281 0.01400713 0.01287741 0.01464112 0.01205899 -0.004966492 -0.02125875 -0.01558863 0.002195042 0.009564892 0.007803849 0.004123753 -0.009294688 -0.02435049 -0.02425338 -0.001962804 0.03277532 0.05683652 0.0679545 0.06455184 0.05058299 0.04276543 0.03866602 0.0343947 0.028 0.0283472 0.02791067 0.02595096 0.02527919 0.02502975 0.02567811 0.02169356 0.01802983 0.01371695 0.007377618 0.0005021004 -0.007330249 -0.006157839 0.001321072 0.008975483 0.01106854 0.016 0.01339499 0.004146748 -0.004154554 -0.008139093 -0.01046147 -0.007891806 -0.006043693 -0.01082426 -0.016 -0.01547655 -0.01571831
-0.006674654 0.01234703 0.02046781 0.01562297 0.00462565 0.003675135 0.008960026 0.01599836 0.02585644 0.028 0.02843814 0.02801881 0.02824398 0.02992005 0.03168377 0.03126273 0.01695815 -0.00112668 0.00186114 0.02251398 0.03704324 0.03872018 0.03419361 0.01916723 -0.001325601 -0.01366232 -0.00312904 0.02685992 0.05168198 0.06210374 0.06473504 0.05681737 0.04546352 0.03609718 0.03185454 0.02992005 0.03066035 0.032 0.032 0.02957592 0.02463317 0.02265359 0.0183496 0.01503997 0.01405195 0.009430818 0.00176633 -0.003992762 -0.002959636 0.005858594 0.01007995 0.01155786 0.01503997 0.0121144 0.003814535 -0.0007124417 -0.006074604 -0.01005914 -0.01161626 -0.008811829 -0.01209273 -0.01528893 -0.0172671 -0.02172488
-0.001622568 0.01342996 0.02008404 0.01821212 0.01257785 0.01179195 0.01388914 0.01862077 0.02629483 0.02894457 0.03033902 0.03381008 0.03600001 0.03642014 0.0382918 0.04041284 0.03524093 0.02303179 0.02272663 0.03886764 0.05529667 0.06283372 0.05955358 0.04546969 0.02411249 0.01075281 0.01297319 0.03032131 0.04958658 0.06000833 0.06494457 0.06229708 0.0537834 0.04424075 0.03943479 0.03883372 0.03707383 0.0335566 0.03294457 0.031242 0.02599494 0.0204465 0.01481867 0.01042151 0.01136243 0.009734165 0.003675436 0.0006485232 0.0009458272 0.003344178 0.004000001 0.006102269 0.01105543 0.01071693 0.00847315 0.001821314 -0.007488634 -0.01215455 -0.01314399 -0.007747744 -0.008356784 -0.01328225 -0.01850566 -0.02353073
-0.001008759 0.01054381 0.01219259 0.009692608 0.01023978 0.01281525 0.01442531 0.01673201 0.02392974 0.02964028 0.0305658 0.03246053 0.03455863 0.03685006 0.03948056 0.04174826 0.04307219 0.03922135 0.03872493 0.04914136 0.06337775 0.07107089 0.0681717 0.05587695 0.03718961 0.02425367 0.02231143 0.03378296 0.05078378 0.06120554 0.06649401 0.06556992 0.06078997 0.05580053 0.05240363 0.04985823 0.04734154 0.04137911 0.03814033 0.03385455 0.02359806 0.01237806 0.005739929 0.004080825 0.007441818 0.009453947 0.007025659 0.003966639 0.001283003 0.000938746 0.003070886 0.003985901 0.006415025 0.008853454 0.01145382 0.005073297 -0.002229159 -0.008588511 -0.009309808 -0.006002668 -0.005420934 -0.0140746 -0.02023735 -0.02247437
