invasiveSpecies/multiSpecies/data/biophysical_var/2050_26/stdndvi_extent_conservancies_final.asc
ncols         347
nrows         295
xllcorner     36.068012264173
yllcorner     0.13039239511974
cellsize      0.0083333333333333
NODATA_value  -9999
[rows 84 to 111 of 295, columns 192 to 255 of 347]
-9999 -9999 -0.03906491 -0.04042384 -0.04042384 -0.03991861 -0.03821192 -0.03860652 -0.03952041 -0.03740729 -0.0364625 -0.03821192 -0.03821192 -0.03864878 -0.03999553 -0.03855125 -0.04 -0.04040268 -0.04253053 -0.044 -0.04331817 -0.03933363 -0.03629097 -0.03813948 -0.04 -0.04060455 -0.04458909 -0.048 -0.04855818 -0.05230012 -0.05392035 -0.052 -0.05150364 -0.04773407 -0.04578808 -0.04578808 -0.04559383 -0.04381266 -0.04180829 -0.03782375 -0.0338392 -0.03001436 -0.0281528 -0.0296422 -0.02786103 -0.02634399 -0.028 -0.02814628 -0.03032326 -0.03210443 -0.0338856 -0.03559764 -0.03581275 -0.03182821 -0.028 -0.02814089 -0.03205607 -0.03373892 -0.032 -0.03196466 -0.03011988 -0.02442384 -0.02442384 -0.02443155
-9999 -9999 -0.04619646 -0.04567778 -0.044 -0.04358805 -0.04170325 -0.04 -0.03960895 -0.03819646 -0.03857357 -0.04 -0.04 -0.04079001 -0.04365076 -0.04219646 -0.04219646 -0.0425248 -0.044 -0.04361711 -0.04149611 -0.03933363 -0.03564257 -0.034439 -0.03814399 -0.04060455 -0.04458909 -0.048315 -0.05044814 -0.05254273 -0.05547273 -0.052 -0.05123108 -0.04532263 -0.04180354 -0.04180354 -0.04180354 -0.04157341 -0.03920344 -0.03543205 -0.03343082 -0.02964245 -0.028 -0.028 -0.028 -0.028 -0.028 -0.02826453 -0.032 -0.032 -0.0318802 -0.02989493 -0.03141982 -0.02743528 -0.02369292 -0.02586706 -0.02774482 -0.03206039 -0.03409266 -0.02980354 -0.02977486 -0.028 -0.02801795 -0.030187
-9999 -0.04581899 -0.04529554 -0.04320844 -0.04181899 -0.04181899 -0.04141054 -0.03951868 -0.03829188 -0.04046446 -0.04172497 -0.04 -0.04 -0.04035926 -0.04181899 -0.04223289 -0.044 -0.04360295 -0.04181899 -0.0418821 -0.04143747 -0.03678928 -0.03134198 -0.03114742 -0.03880101 -0.04278556 -0.0464489 -0.04826086 -0.04981899 -0.0500658 -0.05139821 -0.04981899 -0.04909691 -0.04378131 -0.04192722 -0.03975464 -0.03781899 -0.03762841 -0.03581645 -0.03396936 -0.03162728 -0.0281948 -0.02999464 -0.028 -0.02783049 -0.02598008 -0.028 -0.02812029 -0.0299548 -0.032 -0.03190079 -0.03018101 -0.02999376 -0.02610289 -0.02434787 -0.024 -0.02418247 -0.029869 -0.03160355 -0.0301379 -0.028 -0.028 -0.02801487 -0.02981115
-0.04700906 -0.044 -0.04303997 -0.04 -0.04 -0.04 -0.04 -0.03911725 -0.03686729 -0.04085184 -0.04316362 -0.04 -0.04 -0.04 -0.04 -0.04075911 -0.044 -0.04327181 -0.04 -0.04069728 -0.04263635 -0.03466726 -0.028 -0.02990638 -0.04062 -0.04460455 -0.048 -0.048 -0.048 -0.048 -0.048 -0.048 -0.04750364 -0.044 -0.04353455 -0.03955 -0.036 -0.036 -0.036 -0.03561183 -0.03162728 -0.02835726 -0.03165819 -0.028 -0.0276891 -0.02429544 -0.028 -0.028 -0.02824907 -0.032 -0.032 -0.032 -0.03181275 -0.028 -0.02784366 -0.024 -0.02412543 -0.028 -0.02809452 -0.03192094 -0.028 -0.028 -0.028 -0.028
-0.04324152 -0.0418499 -0.04140591 -0.03949227 -0.0378499 -0.0378499 -0.0378499 -0.03744165 -0.0364011 -0.03824386 -0.03976257 -0.04 -0.03956704 -0.0378499 -0.03743356 -0.03645891 -0.0396998 -0.03936303 -0.03861613 -0.04209777 -0.04048625 -0.03287535 -0.02904965 -0.03567353 -0.0427701 -0.04675465 -0.0501501 -0.0501501 -0.04985006 -0.04770827 -0.04613332 -0.048 -0.04777044 -0.0458916 -0.04353455 -0.03930812 -0.0338499 -0.0338499 -0.03406686 -0.03561183 -0.03182763 -0.03031532 -0.03147447 -0.0258499 -0.02570612 -0.02413663 -0.0258499 -0.02599209 -0.02811519 -0.02997548 -0.03211727 -0.0341501 -0.03396285 -0.03005775 -0.02784366 -0.024 -0.02412543 -0.028 -0.02804371 -0.02977084 -0.02588409 -0.028 -0.028 -0.02800927
-0.03786536 -0.03786536 -0.03786536 -0.03742487 -0.036 -0.036 -0.03552066 -0.03386536 -0.03386536 -0.03431995 -0.03639004 -0.03786536 -0.03748973 -0.0355784 -0.0330908 -0.03062446 -0.03386536 -0.03386536 -0.03453011 -0.0372709 -0.03473093 -0.03026584 -0.03387466 -0.0427701 -0.04675465 -0.05041657 -0.052 -0.052 -0.05144182 -0.04745727 -0.04452727 -0.048 -0.048 -0.0475191 -0.04353455 -0.03910001 -0.03176811 -0.02986536 -0.03005359 -0.03134254 -0.02773072 -0.02773072 -0.0270471 -0.01955655 -0.01743015 -0.01546143 -0.01546143 -0.01586712 -0.02172899 -0.02396433 -0.0280653 -0.03386536 -0.03357818 -0.02755892 -0.02365781 -0.02186536 -0.02192385 -0.02373072 -0.02373072 -0.02369384 -0.02192896 -0.02586536 -0.02588281 -0.02800804
-0.036 -0.036 -0.036 -0.03650043 -0.0371347 -0.03339676 -0.03133929 -0.03034849 -0.032 -0.03240054 -0.03432392 -0.036 -0.03557326 -0.03350934 -0.03122544 -0.02835693 -0.02988081 -0.02949502 -0.0262512 -0.02039313 -0.0260443 -0.0289797 -0.03518264 -0.04285294 -0.04862 -0.052 -0.0516879 -0.04988081 -0.04961836 -0.04774481 -0.04636711 -0.048 -0.048 -0.0475191 -0.04328796 -0.03698082 -0.02967649 -0.028 -0.02757232 -0.0231678 -0.01724751 -0.01321479 -0.01114453 -0.009661887 -0.009734621 -0.008156517 -0.01011918 -0.01078838 -0.02035549 -0.02235281 -0.02620877 -0.02765423 -0.02546635 -0.02170902 -0.01796364 -0.01992536 -0.01788081 -0.01793908 -0.01989985 -0.01580351 -0.01791072 -0.01976163 -0.01981165 -0.02588995
-0.036 -0.036 -0.03650491 -0.03855152 -0.03863042 -0.03319007 -0.03010373 -0.03052221 -0.03154386 -0.03034428 -0.0323965 -0.03346452 -0.03141069 -0.02989627 -0.02993644 -0.02930526 -0.02589627 -0.02401913 -0.01198441 0.001430375 -0.01541105 -0.02515984 -0.03295949 -0.03916719 -0.04651627 -0.04957832 -0.04782309 -0.0476983 -0.04589627 -0.0461817 -0.048 -0.048 -0.04773895 -0.04541536 -0.04096537 -0.03323295 -0.02777146 -0.02545545 -0.02066927 -0.01080873 -0.002839634 0.004396397 0.003506124 -0.00449799 -0.01043074 -0.01460663 -0.01831119 -0.01882653 -0.02610373 -0.02633735 -0.02988557 -0.02600764 -0.02410898 -0.02193194 -0.01826007 -0.02203694 -0.02027343 -0.02224765 -0.01986067 -0.01418279 -0.01810373 -0.01810373 -0.01815193 -0.02400817
-0.03651734 -0.03808827 -0.0385471 -0.04 -0.03907089 -0.03508634 -0.032 -0.032 -0.0315855 -0.0304954 -0.032 -0.03117907 -0.02842051 -0.02967583 -0.02877456 -0.03008549 -0.02191172 -0.01747828 0.004485221 0.01045609 -0.008313163 -0.02165122 -0.03090246 -0.03727092 -0.04462 -0.04739545 -0.043974 -0.04354929 -0.04191172 -0.04217111 -0.04354817 -0.04173517 -0.04123881 -0.03725427 -0.03329027 -0.0292268 -0.02270833 -0.01228287 -0.0008033478 0.004724144 0.008532819 0.01201577 0.01150803 0.004041159 7.01802e-005 -0.005369026 -0.005205514 -0.00533194 -0.007247271 -0.009683061 -0.01750559 -0.01964689 -0.01965516 -0.01983103 -0.02015634 -0.024 -0.02412543 -0.02789488 -0.02403269 -0.01812606 -0.02003321 -0.02208828 -0.02208683 -0.02191172
-0.03647743 -0.03792718 -0.03792718 -0.03792718 -0.03699806 -0.03348698 -0.032 -0.032 -0.032 -0.032 -0.032 -0.03117907 -0.02880547 -0.03161938 -0.03004462 -0.02686312 -0.01378153 -0.008710695 0.01333413 0.007138051 -0.0084468 -0.02133274 -0.02930183 -0.03727092 -0.04462 -0.04708217 -0.04133809 -0.03792718 -0.03792718 -0.03792718 -0.03685344 -0.02978154 -0.02902796 -0.02372623 -0.02385436 -0.02318756 -0.0164142 -0.002323667 0.01241832 0.01634679 0.01802532 0.0165029 0.02033521 0.02270234 0.02619885 0.02265209 0.02443693 0.02443693 0.02418786 0.0199782 0.01225929 0.006445304 0.002225464 -0.003823897 -0.00971122 -0.01163608 -0.01389132 -0.02183853 -0.0237143 -0.01792718 -0.01795783 -0.01985436 -0.01983861 -0.01793611
-0.03549032 -0.03394264 -0.03443642 -0.036 -0.03554877 -0.03405736 -0.03359538 -0.03154597 -0.02994264 -0.03038077 -0.03156982 -0.02912171 -0.02633382 -0.02747893 -0.02385818 -0.01146985 0.006401559 0.008148939 0.01420793 0.003153508 -0.01175215 -0.02167548 -0.03102441 -0.03694408 -0.04256264 -0.04473354 -0.03735354 -0.03394264 -0.03451683 -0.03833651 -0.03907531 -0.03222946 -0.03123674 -0.02471037 -0.02822946 -0.02801092 -0.02520671 -0.01531451 -0.005709031 0.001871885 0.005494408 0.005771954 0.008752109 0.02286944 0.03589419 0.03584805 0.03394264 0.0340787 0.03587905 0.0337036 0.02778184 0.02380311 0.01993285 0.01606259 0.01234419 0.01205838 0.003982199 -0.003822346 -0.009715885 -0.009868571 -0.01185255 -0.009827905 -0.009827905 -0.009845146
-0.03705097 -0.03404191 -0.03451186 -0.036 -0.036 -0.0364664 -0.0371437 -0.03315916 -0.03004191 -0.03002406 -0.02954866 -0.02592188 -0.01622957 -0.008110046 0.0006846368 0.01213545 0.02 0.01815663 0.008099895 -0.002872948 -0.01709941 -0.02370086 -0.03265092 -0.03663546 -0.03998701 -0.03901569 -0.03366971 -0.032 -0.03283143 -0.03850082 -0.04169998 -0.04 -0.03976742 -0.03836114 -0.04008382 -0.03985411 -0.03739465 -0.03187867 -0.02973056 -0.02601953 -0.024069 -0.02211099 -0.01906588 -0.004912029 0.01205051 0.01762901 0.01770663 0.01770109 0.01762282 0.01739409 0.01348847 0.009810109 0.01184413 0.01387815 0.01583236 0.01562546 0.009832662 0.005794283 -9.451841e-005 -0.004079064 -0.008001327 -0.008083815 -0.008083815 -0.008109857
-0.03545818 -0.03397354 -0.03397354 -0.03397354 -0.03397354 -0.03488721 -0.03753038 -0.03467004 -0.02953416 -0.02709525 -0.02352337 -0.01863693 -0.003106812 0.00962249 0.01597951 0.01475051 0.009867729 0.007323869 -0.005531288 -0.01383519 -0.02236286 -0.02533274 -0.03232116 -0.03428707 -0.03532709 -0.03195509 -0.03170156 -0.03026416 -0.0322754 -0.03451627 -0.03824067 -0.04 -0.03999344 -0.04019072 -0.04173774 -0.03995304 -0.0397856 -0.03802645 -0.03802645 -0.03802645 -0.03783763 -0.03582373 -0.033516 -0.02724351 -0.01751048 -0.009986505 -0.008158725 -0.008155226 -0.008105817 -0.008224172 -0.01012939 -0.01018474 -0.01197147 -0.008160997 -0.00813243 -0.006185179 -0.006247064 -0.008101556 -0.006125992 -0.008131967 -0.01208429 -0.01402645 -0.01404301 -0.01606992
-0.02747981 -0.025967 -0.02693231 -0.03046389 -0.032 -0.03245432 -0.033989 -0.0322235 -0.02468568 -0.0186979 -0.01355111 -0.0107579 -0.00483143 -7.03331e-005 -0.00202652 -0.01123556 -0.01608799 -0.01680817 -0.02075281 -0.02401816 -0.024 -0.02499773 -0.029989 -0.029989 -0.029369 -0.02689749 -0.03141091 -0.02828524 -0.029989 -0.03025887 -0.03250527 -0.035978 -0.03573119 -0.03422813 -0.03574656 -0.034439 -0.037989 -0.037989 -0.03819193 -0.04 -0.03981467 -0.03783138 -0.03583004 -0.03368465 -0.02938921 -0.02186247 -0.02 -0.01986846 -0.018011 -0.01824462 -0.02190252 -0.0203255 -0.02591789 -0.02410742 -0.02593326 -0.02395117 -0.022011 -0.02195692 -0.02004399 -0.0200833 -0.02196904 -0.018011 -0.01801082 -0.01799767
-0.02200225 -0.02199554 -0.02343665 -0.02847334 -0.02907741 -0.02601337 -0.02601337 -0.02380748 -0.0151486 -0.01158014 -0.01124731 -0.01721264 -0.02237955 -0.02476327 -0.02913769 -0.03436703 -0.03599109 -0.03489961 -0.02963997 -0.02730272 -0.024 -0.02433393 -0.02600446 -0.02568744 -0.02400753 -0.0249075 -0.03000315 -0.02970937 -0.028 -0.028 -0.02826422 -0.03000446 -0.03000446 -0.03000446 -0.03023667 -0.032001 -0.0322257 -0.03400446 -0.03440809 -0.03819811 -0.04 -0.03964274 -0.03617052 -0.03766919 -0.03352885 -0.02784304 -0.02598663 -0.02598663 -0.02586237 -0.02399161 -0.024 -0.02420271 -0.028 -0.028 -0.028 -0.02799969 -0.02805366 -0.02998688 -0.02999554 -0.0299561 -0.02796798 -0.02598663 -0.02593762 -0.01999973
-0.02099094 -0.024 -0.02448479 -0.02461716 -0.01822142 -0.01253193 -0.01450436 -0.01513949 -0.01367749 -0.02073236 -0.02556161 -0.03274945 -0.03636692 -0.0387701 -0.04198009 -0.04160431 -0.04 -0.03854361 -0.03128726 -0.02730272 -0.024 -0.024 -0.02367778 -0.02169902 -0.02031309 -0.0223252 -0.02462892 -0.02803411 -0.028 -0.028 -0.028 -0.028 -0.028 -0.028 -0.02823504 -0.02979268 -0.02821943 -0.03001991 -0.03062335 -0.03638817 -0.0398155 -0.0378395 -0.0361726 -0.03785511 -0.035843 -0.03398009 -0.03398009 -0.03384914 -0.03199752 -0.03161091 -0.02598009 -0.02608245 -0.02809269 -0.02989505 -0.02807739 -0.03012097 -0.03404343 -0.03594447 -0.0339333 -0.03196008 -0.02998072 -0.03001991 -0.02998689 -0.02598009
-0.02050423 -0.02203537 -0.02203537 -0.01966559 -0.01105445 -0.009740422 -0.01675673 -0.0203077 -0.02451111 -0.03481647 -0.03880101 -0.04196463 -0.04196463 -0.04236662 -0.04361957 -0.04127626 -0.03803537 -0.03657898 -0.03002276 -0.02960983 -0.02759438 -0.02563734 -0.02366879 -0.02165252 -0.02 -0.02 -0.02058909 -0.02429189 -0.02603537 -0.02603537 -0.02577639 -0.02407074 -0.02431453 -0.02603537 -0.02626398 -0.028 -0.028 -0.028 -0.02860901 -0.03423288 -0.03606414 -0.03582453 -0.03420325 -0.036 -0.036 -0.036 -0.036 -0.03573547 -0.0320044 -0.03183299 -0.02789285 -0.02613493 -0.02809528 -0.02994795 -0.02815634 -0.03214088 -0.036 -0.036 -0.0359519 -0.0339258 -0.0319364 -0.028 -0.02798394 -0.0260269
-0.01951712 -0.01805082 -0.01851864 -0.01949171 -0.01830028 -0.02164724 -0.02879656 -0.03189835 -0.03278768 -0.03643674 -0.0388872 -0.04245086 -0.044 -0.044 -0.04322544 -0.03887099 -0.03405082 -0.03294928 -0.02836543 -0.03039061 -0.03165042 -0.02928281 -0.02594918 -0.02531372 -0.02194918 -0.02165458 -0.02058909 -0.024 -0.024 -0.024 -0.02372967 -0.02194918 -0.02196179 -0.02205082 -0.02251627 -0.02605082 -0.02605082 -0.02625504 -0.02820694 -0.03005082 -0.03024192 -0.03209257 -0.03217525 -0.03420985 -0.036 -0.03585603 -0.03405082 -0.0339152 -0.0318723 -0.02983534 -0.02799446 -0.02800228 -0.02985793 -0.02808372 -0.02995315 -0.03019171 -0.03405082 -0.03405082 -0.03400477 -0.03206111 -0.0300802 -0.03189835 -0.03183379 -0.02398276
-0.01900906 -0.016 -0.01696003 -0.02094457 -0.02492912 -0.02891366 -0.03289821 -0.036 -0.036 -0.036 -0.03683638 -0.04082093 -0.044 -0.044 -0.04322544 -0.03848179 -0.032 -0.03127181 -0.028 -0.02869728 -0.032 -0.03133363 -0.028 -0.02736454 -0.024 -0.02339545 -0.02058909 -0.024 -0.024 -0.024 -0.024 -0.024 -0.02350364 -0.02 -0.02046545 -0.024 -0.024 -0.02441908 -0.028 -0.028 -0.028 -0.02835726 -0.032 -0.03232635 -0.036 -0.03570456 -0.032 -0.032 -0.032 -0.03176638 -0.02821816 -0.032 -0.03181275 -0.0281718 -0.03184366 -0.02814089 -0.032 -0.032 -0.03190548 -0.028 -0.02812722 -0.036 -0.03590191 -0.02398276
-0.02092733 -0.01791827 -0.01841789 -0.02049159 -0.02256528 -0.02507713 -0.02949242 -0.03408173 -0.03449766 -0.036 -0.03683638 -0.04082093 -0.044 -0.044 -0.04285399 -0.03692757 -0.032 -0.03162102 -0.02957646 -0.02836289 -0.03040872 -0.03133363 -0.028 -0.02736454 -0.02370267 -0.02205703 -0.02222485 -0.0237249 -0.02234942 -0.024 -0.02425286 -0.02591827 -0.0254219 -0.02191827 -0.0221605 -0.0237842 -0.02229012 -0.0242181 -0.02608174 -0.02608174 -0.02626048 -0.02818593 -0.03024565 -0.03232635 -0.036 -0.03570456 -0.032 -0.032 -0.032 -0.03187842 -0.03013643 -0.03391827 -0.03391061 -0.03376182 -0.0338369 -0.03184229 -0.032 -0.032 -0.03195081 -0.02991827 -0.02998447 -0.03408173 -0.034015 -0.02590103
-0.02300906 -0.02 -0.01954331 -0.01809719 -0.01853917 -0.02047903 -0.0238936 -0.03051712 -0.03245472 -0.03450241 -0.03643851 -0.0385276 -0.04019438 -0.03981857 -0.03711091 -0.03215749 -0.032 -0.0316536 -0.02938445 -0.02609719 -0.02645467 -0.027845 -0.02609719 -0.02576402 -0.02367493 -0.02221977 -0.02371977 -0.02179643 -0.02055818 -0.02425818 -0.02617926 -0.028 -0.02773976 -0.02567404 -0.024 -0.02376407 -0.02213064 -0.024 -0.024 -0.02381535 -0.02246991 -0.02626714 -0.02834181 -0.03217111 -0.03409719 -0.03394229 -0.032 -0.032 -0.03211848 -0.03390281 -0.03412097 -0.03790281 -0.03809006 -0.04181274 -0.03973125 -0.03782894 -0.03574595 -0.03390281 -0.03390281 -0.0338652 -0.03193948 -0.02819438 -0.02817724 -0.02608815
-0.02394419 -0.02377471 -0.02281468 -0.0202204 -0.02171439 -0.02102515 -0.01906144 -0.02405371 -0.03052187 -0.03244991 -0.03371801 -0.03183794 -0.03071799 -0.03180803 -0.02970355 -0.02840093 -0.03011265 -0.02938445 -0.02539991 -0.02244165 -0.02432171 -0.02620178 -0.02777471 -0.02747488 -0.02559481 -0.02428525 -0.02529826 -0.02188735 -0.02218216 -0.02428665 -0.02611265 -0.02611265 -0.02611265 -0.02608556 -0.02588736 -0.02588736 -0.02588736 -0.02568961 -0.024 -0.02361183 -0.02019686 -0.02230134 -0.0245671 -0.02837928 -0.03011265 -0.03025205 -0.032 -0.03212482 -0.03413643 -0.03788735 -0.03810552 -0.04188735 -0.0418979 -0.0421937 -0.04399119 -0.04370824 -0.04176192 -0.03788735 -0.03793195 -0.03965834 -0.03379015 -0.02777471 -0.02775928 -0.02587922
-0.02732657 -0.0317438 -0.03123304 -0.0296762 -0.02894279 -0.02361701 -0.01515933 -0.01490444 -0.02634111 -0.0338719 -0.03303552 -0.02905097 -0.02630043 -0.028 -0.028 -0.02728952 -0.0242562 -0.02386878 -0.02141536 -0.01915169 -0.02500091 -0.03022643 -0.032 -0.03136454 -0.02767014 -0.02619353 -0.02768659 -0.0258719 -0.02561068 -0.02374602 -0.0221281 -0.0221281 -0.02236038 -0.02448091 -0.028 -0.02821059 -0.02966855 -0.02758092 -0.02381111 -0.02192158 -0.02 -0.01983281 -0.01846991 -0.02260718 -0.02814549 -0.03016734 -0.0338719 -0.03413643 -0.03812097 -0.0418719 -0.04209006 -0.04577704 -0.04390038 -0.04204369 -0.04595508 -0.04792505 -0.04574647 -0.04182043 -0.04005029 -0.04208097 -0.03970996 -0.0376157 -0.0375524 -0.02984659
-0.03137841 -0.036 -0.036 -0.03549381 -0.03292733 -0.02796355 -0.01977292 -0.01539819 -0.02492309 -0.03639534 -0.03740824 -0.03489196 -0.03208672 -0.03356933 -0.03320985 -0.03054699 -0.02556933 -0.02489341 -0.02114371 -0.01860378 -0.02350721 -0.03014356 -0.02984146 -0.02794658 -0.02643131 -0.028 -0.028 -0.02826623 -0.02929826 -0.02531372 -0.02161173 -0.02 -0.02026599 -0.02262446 -0.02635958 -0.02824115 -0.02991069 -0.02758092 -0.02359637 -0.02 -0.02 -0.01980855 -0.01819825 -0.02235768 -0.02845519 -0.034289 -0.03971289 -0.03997742 -0.04384636 -0.04585644 -0.04597335 -0.04779729 -0.044 -0.04409206 -0.04614356 -0.04614356 -0.04601813 -0.04203358 -0.03809969 -0.03632948 -0.03846019 -0.04028711 -0.04021937 -0.03196552
-0.03299094 -0.036 -0.03644185 -0.03784099 -0.03733949 -0.03518883 -0.03255335 -0.02927512 -0.03132651 -0.03869282 -0.04184099 -0.04139789 -0.04011673 -0.04220459 -0.0432639 -0.04041449 -0.03568198 -0.03422559 -0.02729728 -0.02552297 -0.02594519 -0.028 -0.02734908 -0.02429247 -0.02646099 -0.02956275 -0.02827113 -0.03015061 -0.03144182 -0.02745727 -0.0237154 -0.02184099 -0.02161254 -0.0204809 -0.02425123 -0.02615901 -0.02615901 -0.02593281 -0.02359637 -0.02 -0.02 -0.02 -0.02049912 -0.02616734 -0.03046278 -0.03829589 -0.044 -0.04414278 -0.04604438 -0.04431802 -0.04431802 -0.04420861 -0.04215901 -0.04215901 -0.04215901 -0.04215901 -0.04203358 -0.03804903 -0.03410799 -0.03196361 -0.03019335 -0.03231802 -0.03228533 -0.02829941
-0.02841883 -0.03417447 -0.03601077 -0.04182553 -0.0414015 -0.03958302 -0.03817447 -0.03769459 -0.03686729 -0.04085184 -0.044 -0.044 -0.0443676 -0.046255 -0.0483535 -0.04830733 -0.04182553 -0.04070148 -0.03565107 -0.03596929 -0.0364836 -0.03134695 -0.02917462 -0.02646099 -0.03044554 -0.03349689 -0.03170246 -0.0317382 -0.02961629 -0.02587943 -0.02375936 -0.02217447 -0.02213117 -0.02208696 -0.024 -0.024 -0.02419832 -0.0260168 -0.02706323 -0.02164838 -0.0201701 -0.02182553 -0.02219716 -0.02664976 -0.03262179 -0.04029544 -0.044 -0.04387927 -0.04192539 -0.03806785 -0.03634894 -0.03634894 -0.03634894 -0.03642734 -0.03817447 -0.03817447 -0.03804903 -0.03411468 -0.03195687 -0.03013149 -0.028 -0.028 -0.0279673 -0.02400787
-0.02071431 -0.02837985 -0.03125992 -0.04080728 -0.04126081 -0.03727626 -0.03418992 -0.03458938 -0.03725976 -0.04227644 -0.044 -0.04437149 -0.04661555 -0.04981008 -0.05023414 -0.05116881 -0.04762015 -0.04722148 -0.04543023 -0.04581198 -0.04656504 -0.04016077 -0.03315916 -0.0307331 -0.03595959 -0.03781008 -0.03722098 -0.03323644 -0.0292519 -0.02556448 -0.02347273 -0.02 -0.02027175 -0.02240754 -0.024 -0.02420363 -0.02604798 -0.02822944 -0.02956532 -0.02378748 -0.02201413 -0.02383833 -0.02218992 -0.02269494 -0.02900164 -0.03654159 -0.03856977 -0.03842494 -0.03613077 -0.03225194 -0.0300912 -0.02837985 -0.02846458 -0.03036172 -0.03426067 -0.03593624 -0.03406449 -0.03014016 -0.0283281 -0.0262257 -0.02797122 -0.02618992 -0.02615723 -0.02219936
-0.01888732 -0.02220538 -0.02422401 -0.0315607 -0.03368702 -0.03052231 -0.03060836 -0.03288275 -0.03734547 -0.04220538 -0.04220538 -0.04339462 -0.04916685 -0.05379462 -0.05379462 -0.05379462 -0.05379462 -0.05379462 -0.05443417 -0.05707103 -0.05460151 -0.04809448 -0.03893833 -0.03657506 -0.04179462 -0.04179462 -0.04146983 -0.03875824 -0.03298601 -0.02745727 -0.02370929 -0.02179462 -0.02179462 -0.02205977 -0.02420883 -0.02584083 -0.02620538 -0.02620538 -0.02598284 -0.02382584 -0.02220538 -0.02152754 -0.01446278 -0.01314786 -0.0174433 -0.02495406 -0.02661614 -0.02673482 -0.02827343 -0.02610056 -0.02429047 -0.02220538 -0.02247664 -0.0281718 -0.0320862 -0.03406449 -0.03007995 -0.02609541 -0.02220538 -0.02228444 -0.02614177 -0.02220538 -0.02217268 -0.01820538
