invasiveSpecies/singleSpecies/data/worldclim_KE/worldclim_KE_2050_BC85_Bio18.asc
ncols         347
nrows         295
xllcorner     36.068012264173
yllcorner     0.13039239511974
cellsize      0.0083333333333333
NODATA_value  -9999
[rows 148 to 184 of 295, columns 168 to 251 of 347]
232 231 230 228 227 225 224 223 223 223 221 222 219 217 217 224 224 237 237 235 233 217 215 217 220 223 232 223 217 217 213 213 215 217 215 218 218 215 212 214 213 211 209 208 204 230 232 230 229 228 227 227 229 230 231 222 222 215 213 213 214 216 217 217 216 215 212 213 210 222 223 223 225 225 223 221 221 211 203 201 195 191 190 190
233 231 230 228 226 225 224 222 221 218 218 218 218 218 220 228 232 241 238 235 231 216 215 218 220 220 226 223 218 217 216 215 215 218 218 218 215 215 212 215 214 213 212 212 210 228 228 229 229 228 227 229 230 233 231 231 230 215 215 216 216 217 217 217 216 213 213 213 213 216 223 225 226 225 225 223 221 206 204 222 195 191 190 190
233 232 230 227 225 224 222 222 220 220 221 222 221 219 223 229 230 238 237 236 217 216 216 219 222 222 226 223 219 219 216 216 216 218 219 219 218 215 213 214 216 215 214 210 205 219 226 229 229 228 228 229 235 235 234 230 218 215 215 216 216 217 220 217 217 216 216 218 213 216 220 223 228 225 225 225 212 225 223 207 195 194 190 191
234 231 230 226 225 223 222 222 222 221 224 224 224 225 226 233 232 228 225 233 218 219 220 222 226 224 228 228 221 220 218 217 217 219 221 220 219 219 217 217 219 217 214 211 205 205 225 230 229 229 229 231 235 234 231 223 219 218 216 217 218 219 220 218 218 216 222 221 218 216 219 224 226 226 227 227 227 227 227 207 196 195 193 193
230 230 229 226 225 225 225 226 225 222 225 227 224 227 231 232 231 228 224 221 220 218 221 223 226 224 227 225 221 219 217 217 217 219 222 220 220 219 219 218 218 213 211 211 205 205 213 231 230 230 229 231 235 235 234 223 219 218 216 218 219 220 220 219 218 222 222 220 220 220 221 222 224 227 229 229 227 227 208 199 196 194 193 193
230 227 227 225 225 227 227 226 225 222 222 227 226 227 231 235 232 230 225 221 220 219 223 228 227 226 227 225 221 219 218 217 218 222 222 222 222 220 219 218 217 213 208 206 205 208 233 233 233 233 230 232 238 236 233 228 219 218 218 219 220 221 221 220 221 225 222 222 220 223 223 224 228 228 229 229 227 212 204 200 196 195 195 194
230 230 230 227 228 229 227 225 225 225 225 226 226 227 231 235 231 228 226 221 220 219 225 231 229 227 227 225 222 219 219 218 218 222 225 223 221 219 216 213 211 210 209 208 206 224 231 234 234 233 230 233 236 236 235 222 219 218 219 219 220 223 221 221 222 225 223 222 224 226 225 228 228 228 229 229 227 205 202 199 196 195 195 195
233 230 231 230 228 227 226 225 223 225 226 226 227 229 231 235 231 228 226 223 221 220 225 231 230 230 228 227 224 221 219 219 219 224 225 220 219 218 213 210 208 207 207 207 222 235 234 235 235 234 233 233 235 235 235 222 220 218 219 220 222 226 223 223 225 225 224 223 227 233 229 233 233 230 230 229 212 204 200 199 196 195 195 195
233 234 233 230 230 228 227 225 225 225 228 228 228 229 232 235 232 232 228 224 221 221 224 228 230 230 230 226 224 221 221 220 220 225 225 223 218 216 210 207 207 207 207 237 235 235 235 235 236 236 235 234 234 235 235 226 220 220 221 222 228 229 226 227 229 230 226 236 227 235 237 236 234 233 230 229 206 201 200 199 196 196 195 195
236 234 233 230 230 230 230 226 227 227 228 229 229 230 234 235 232 231 227 225 224 221 224 230 232 230 230 226 224 222 222 221 220 225 225 227 221 218 216 208 209 209 217 238 237 235 235 238 239 236 236 235 236 235 236 237 230 220 221 224 229 239 234 232 232 236 238 239 241 237 239 236 233 226 212 207 204 201 199 199 197 197 196 196
236 233 233 233 230 230 228 228 227 227 229 231 229 232 234 234 231 229 226 224 223 224 225 230 230 232 229 226 226 224 224 222 221 224 225 224 221 219 216 209 208 232 239 241 238 238 238 239 240 240 240 239 238 237 237 237 233 221 221 224 235 241 241 233 245 246 247 245 244 240 236 221 214 212 211 207 204 202 200 199 198 197 196 196
236 235 236 233 232 230 230 229 228 229 231 232 232 233 234 232 232 229 226 228 227 224 227 228 230 232 230 226 225 226 226 224 225 225 226 223 218 218 214 208 208 243 241 241 241 242 242 239 242 243 243 244 240 237 239 239 233 225 222 226 233 241 244 244 244 245 244 244 239 236 236 234 214 211 208 206 202 202 201 199 199 197 197 196
236 237 236 236 236 232 230 230 230 231 232 232 232 232 230 229 229 227 226 229 227 227 227 232 231 232 229 226 225 227 227 225 227 227 227 224 214 214 208 208 234 243 243 241 242 243 247 243 243 244 244 244 244 240 240 241 234 226 223 231 242 241 243 242 242 244 242 239 238 235 233 225 231 228 208 207 202 201 200 199 199 199 197 197
238 240 237 237 237 234 232 230 232 234 235 235 232 231 229 229 229 228 230 231 230 228 228 229 234 234 230 228 227 228 232 228 230 230 231 235 238 211 211 246 247 245 243 243 245 246 249 249 248 247 251 246 246 245 242 242 230 227 226 232 242 245 242 242 242 246 243 239 238 235 233 220 213 211 208 207 203 202 200 200 200 200 199 198
240 238 236 235 234 234 234 234 235 236 235 235 232 232 229 229 229 229 231 233 231 230 229 231 234 233 230 228 228 229 233 233 233 235 233 235 241 211 244 246 248 249 245 243 245 246 248 251 251 262 252 248 246 245 246 242 229 227 226 235 240 240 242 240 241 240 240 239 237 235 235 215 225 215 211 207 203 202 200 201 200 200 199 198
240 238 236 236 237 234 235 236 239 237 235 235 233 232 232 229 229 230 231 234 231 230 230 231 231 231 230 229 226 226 227 232 231 233 235 240 245 211 219 247 248 248 247 243 245 246 248 251 254 259 253 248 245 245 242 231 229 227 227 232 239 239 239 238 238 236 236 235 235 234 231 227 228 224 225 207 202 202 202 202 201 200 199 198
241 240 238 236 235 236 238 238 239 237 235 234 232 232 229 229 231 229 232 235 232 230 231 232 228 229 228 226 226 223 227 229 227 231 234 233 219 212 213 241 242 243 243 243 245 245 246 249 258 260 252 248 248 245 243 242 228 229 227 229 232 237 240 238 236 231 229 226 222 221 227 228 227 225 208 203 202 202 203 202 201 200 200 198
241 238 238 237 237 237 239 240 240 238 237 234 232 230 230 230 232 233 232 234 232 231 231 231 229 228 225 224 225 222 226 225 223 227 228 227 224 213 213 241 242 242 243 243 244 244 245 247 254 258 251 248 247 245 243 227 226 227 227 229 232 239 240 237 233 231 231 230 230 230 228 210 224 208 205 203 203 202 203 202 201 200 199 198
243 241 238 238 238 237 240 241 240 238 236 234 234 230 232 232 232 236 233 233 229 229 228 230 228 224 225 221 222 221 221 222 222 221 221 241 231 212 213 241 243 242 242 242 243 242 242 245 248 249 247 247 245 245 232 226 225 225 226 229 233 235 236 235 233 219 230 230 230 229 222 210 207 206 206 207 207 206 203 202 202 200 200 200
245 243 238 240 239 239 241 241 240 238 237 235 234 234 234 232 232 235 232 232 229 227 226 227 224 223 221 220 221 219 216 216 222 218 215 216 215 214 213 243 244 242 244 242 243 241 241 242 240 246 245 244 244 244 227 225 224 223 233 235 233 234 232 232 232 219 216 219 229 228 208 207 207 209 207 208 208 208 207 203 203 202 200 200
248 244 241 241 239 239 242 240 240 240 238 236 234 235 234 232 232 232 229 228 229 227 222 224 223 220 220 217 217 216 216 216 218 216 214 214 214 215 216 243 247 244 244 238 238 239 235 233 233 233 243 243 243 242 225 224 224 220 220 227 222 218 230 230 230 216 216 211 211 209 209 208 209 209 211 211 211 210 208 208 203 202 201 200
252 246 244 243 241 239 242 241 241 240 239 236 235 234 231 231 230 232 228 228 226 224 222 221 220 218 218 218 220 217 216 215 214 214 214 214 214 241 241 245 245 243 242 235 235 236 234 232 229 228 228 234 243 223 222 222 221 220 220 217 217 217 216 215 216 216 213 213 212 211 211 210 209 211 214 212 211 208 210 207 203 201 200 200
254 251 245 244 241 241 242 240 239 239 240 238 234 234 231 229 228 228 228 227 224 221 221 220 218 218 218 220 221 220 215 215 214 214 214 215 215 228 240 242 243 241 241 235 233 234 232 229 229 226 225 225 225 222 222 222 222 221 220 220 217 217 217 216 216 216 216 214 216 213 215 212 210 212 215 212 211 211 210 208 203 202 200 200
258 254 247 246 246 243 242 242 237 235 239 236 233 233 233 230 227 227 225 225 223 222 221 220 220 221 222 221 223 220 216 222 221 217 219 219 216 220 243 244 244 242 242 233 233 231 231 229 229 228 225 225 225 223 226 224 224 222 222 221 221 221 219 218 219 216 217 217 216 217 216 213 213 214 219 215 212 212 209 206 205 203 200 200
264 256 250 242 242 240 238 238 236 233 233 235 232 230 229 230 227 226 225 224 224 221 219 221 222 222 223 223 223 216 217 226 222 222 224 222 217 226 225 241 241 241 236 233 233 233 232 229 229 225 225 225 225 223 224 224 224 223 224 224 221 221 221 219 219 219 220 219 220 217 215 216 215 217 217 215 215 214 211 208 205 203 200 201
260 255 249 244 240 238 238 235 234 233 231 231 232 229 226 226 226 226 226 224 221 219 221 223 224 224 225 223 220 220 220 224 222 223 226 222 219 219 226 227 232 236 235 233 234 232 231 229 229 227 225 225 225 226 225 226 224 224 224 224 223 223 221 219 220 219 222 222 217 217 217 217 218 218 217 215 212 211 211 209 205 203 203 201
270 250 245 242 239 237 236 234 232 232 231 229 230 228 225 225 224 223 224 224 221 221 222 225 226 226 225 222 220 220 221 224 224 229 228 225 223 220 223 225 231 232 236 234 233 231 231 229 230 228 225 225 225 226 226 226 226 225 225 225 223 221 221 222 223 223 222 219 219 222 222 222 218 218 217 212 210 208 208 205 203 203 203 201
252 245 240 241 240 237 235 232 231 229 229 228 224 224 224 224 223 223 220 219 219 222 224 227 229 228 223 222 221 220 220 224 228 240 228 228 225 223 223 224 226 235 236 233 232 231 231 231 231 229 228 228 228 229 229 226 226 225 226 225 224 223 222 223 224 223 220 222 220 223 223 222 218 218 216 213 211 208 206 205 203 203 203 203
266 241 237 237 237 236 235 231 230 227 226 224 224 223 225 225 224 223 221 219 221 225 226 228 230 227 226 223 222 220 221 224 228 242 243 231 226 225 224 226 229 231 236 234 233 233 231 232 231 229 229 228 230 229 226 226 226 226 225 225 225 224 224 225 225 224 224 224 224 222 220 218 217 217 213 211 211 207 206 206 206 205 203 203
246 236 234 232 236 234 233 230 227 227 227 226 224 224 225 224 223 221 221 223 223 226 228 231 229 229 224 224 223 220 220 224 231 244 243 236 228 226 226 227 231 232 236 234 233 233 232 232 232 232 231 230 230 226 226 225 224 224 224 223 222 222 221 221 223 223 223 223 222 220 216 216 215 215 213 210 208 207 207 208 208 207 205 203
236 234 234 232 231 230 230 228 227 230 231 227 226 228 228 225 224 221 223 224 223 227 230 232 231 229 226 224 222 221 221 222 227 244 247 239 231 226 229 228 231 232 236 236 235 233 234 233 233 232 231 228 228 225 224 223 223 223 223 222 220 220 219 219 219 219 220 220 220 217 216 214 212 210 210 207 207 208 208 209 209 208 206 203
236 238 236 232 231 230 228 230 230 232 227 227 229 231 227 224 224 224 228 225 225 226 231 233 231 231 227 224 222 222 222 225 229 246 246 245 231 229 234 234 234 232 236 239 236 235 232 231 231 230 229 227 224 225 224 222 221 222 221 220 220 220 218 218 218 218 218 218 219 219 217 215 213 210 207 207 210 210 211 212 211 209 206 203
237 239 237 236 235 232 232 232 233 231 230 227 231 229 227 224 224 225 229 225 225 233 234 234 232 230 227 224 222 222 222 223 231 234 238 235 231 234 246 237 236 237 235 238 236 233 232 230 229 227 227 227 224 224 222 222 222 222 219 219 220 220 220 218 217 215 215 215 215 216 216 214 210 210 210 210 211 211 213 215 211 209 206 203
238 243 241 239 240 235 234 235 232 230 230 230 233 230 227 225 224 227 228 225 228 238 237 237 235 231 228 228 225 225 223 224 227 231 238 239 237 237 242 242 238 240 241 242 236 234 233 231 229 228 227 225 225 224 222 222 222 222 222 222 220 223 222 220 219 219 217 217 217 213 212 212 212 214 214 213 214 215 215 213 213 210 208 206
241 246 243 243 244 242 235 236 236 230 230 233 233 230 227 227 227 232 232 228 230 245 245 238 233 231 229 228 225 225 223 226 226 229 236 241 237 238 244 244 241 241 241 241 237 237 233 231 229 228 227 226 224 224 222 224 224 224 224 224 224 223 220 218 219 218 217 218 218 217 213 211 212 216 219 216 217 214 213 212 211 210 208 206
242 244 246 247 247 246 240 240 232 232 230 233 231 230 227 227 228 233 232 228 231 245 246 238 235 231 228 229 228 225 225 226 227 227 235 239 238 239 243 248 243 241 241 240 237 235 232 231 229 229 228 225 225 224 222 225 226 226 226 224 224 221 223 220 219 219 219 220 219 218 218 218 218 220 220 219 216 212 212 212 210 210 208 208
244 246 248 248 245 242 240 235 232 231 232 235 232 230 228 227 232 233 232 230 231 240 245 249 233 231 232 229 229 225 225 229 230 227 232 239 239 241 242 246 242 242 240 236 236 241 238 233 231 231 229 226 225 224 223 226 227 226 224 225 224 224 220 219 219 220 222 220 219 218 218 219 219 219 220 216 214 216 213 212 208 210 210 211
