invasiveSpecies/singleSpecies/data/worldclim_KE/worldclim_KE_2050_BC26_Bio8.asc
ncols         347
nrows         295
xllcorner     36.068012264173
yllcorner     0.13039239511974
cellsize      0.0083333333333333
NODATA_value  -9999
[rows 37 to 73 of 295, columns 168 to 251 of 347]
-9999 -9999 -9999 -9999 -9999 -9999 -9999 -9999 -9999 -9999 -9999 -9999 -9999 -9999 -9999 -9999 -9999 -9999 -9999 -9999 -9999 -9999 -9999 -9999 -9999 -9999 -9999 -9999 -9999 -9999 -9999 -9999 -9999 -9999 -9999 -9999 256 255 254 252 252 252 258 265 247 247 245 245 241 239 236 233 -9999 -9999 -9999 -9999 -9999 -9999 -9999 -9999 -9999 -9999 -9999 -9999 -9999 -9999 -9999 -9999 243 246 247 249 252 254 256 259 260 261 264 265 267 268 268 269
-9999 -9999 -9999 -9999 -9999 -9999 -9999 -9999 -9999 -9999 -9999 -9999 -9999 -9999 -9999 -9999 -9999 -9999 -9999 -9999 -9999 -9999 -9999 -9999 -9999 -9999 -9999 -9999 -9999 -9999 -9999 -9999 -9999 -9999 -9999 -9999 256 254 254 252 251 251 249 254 246 246 243 242 240 238 236 234 230 -9999 -9999 -9999 -9999 -9999 -9999 -9999 -9999 -9999 -9999 -9999 -9999 -9999 -9999 243 245 247 249 251 253 256 259 261 261 263 265 266 266 268 269 269
-9999 -9999 -9999 -9999 -9999 -9999 -9999 -9999 -9999 -9999 -9999 -9999 -9999 -9999 -9999 -9999 -9999 -9999 -9999 -9999 -9999 -9999 -9999 -9999 -9999 -9999 -9999 -9999 -9999 -9999 -9999 -9999 -9999 -9999 -9999 256 255 254 253 252 251 251 250 247 246 243 242 241 238 236 236 234 226 224 221 -9999 -9999 -9999 -9999 -9999 -9999 -9999 -9999 -9999 -9999 -9999 -9999 244 247 249 250 251 254 257 260 261 263 264 265 266 267 268 269 270
-9999 -9999 -9999 -9999 -9999 -9999 -9999 -9999 -9999 -9999 -9999 -9999 -9999 -9999 -9999 -9999 -9999 -9999 -9999 -9999 -9999 -9999 -9999 -9999 -9999 -9999 -9999 -9999 -9999 -9999 -9999 -9999 -9999 -9999 -9999 -9999 256 254 253 252 251 250 249 248 245 243 242 240 235 236 233 231 227 226 222 222 223 -9999 -9999 -9999 -9999 -9999 -9999 -9999 -9999 245 245 245 247 250 251 251 254 259 261 262 264 265 266 267 268 269 270 270
-9999 -9999 -9999 -9999 -9999 -9999 -9999 -9999 -9999 -9999 -9999 -9999 -9999 -9999 -9999 -9999 -9999 -9999 -9999 -9999 -9999 -9999 -9999 -9999 -9999 -9999 -9999 -9999 -9999 -9999 -9999 -9999 -9999 -9999 -9999 -9999 255 254 253 252 250 250 249 246 244 243 242 240 239 236 234 233 228 228 229 230 228 -9999 -9999 -9999 -9999 -9999 -9999 -9999 245 246 248 248 248 251 253 254 259 261 263 264 265 266 268 267 268 270 271 271
-9999 -9999 -9999 -9999 -9999 -9999 -9999 -9999 -9999 -9999 -9999 -9999 -9999 -9999 -9999 -9999 -9999 -9999 -9999 -9999 -9999 -9999 -9999 -9999 -9999 -9999 -9999 -9999 -9999 -9999 -9999 -9999 -9999 -9999 -9999 -9999 256 255 253 251 250 249 247 245 245 243 241 241 240 238 236 234 234 233 234 234 232 -9999 -9999 -9999 -9999 -9999 -9999 -9999 248 247 247 250 251 254 256 259 261 263 264 265 266 267 268 269 269 271 273 272
-9999 -9999 -9999 -9999 -9999 -9999 -9999 -9999 -9999 -9999 -9999 -9999 -9999 -9999 -9999 -9999 -9999 -9999 -9999 -9999 -9999 -9999 -9999 -9999 -9999 -9999 -9999 -9999 -9999 -9999 -9999 -9999 -9999 -9999 -9999 -9999 256 255 253 250 249 249 247 246 245 244 242 241 241 237 236 236 235 234 235 237 238 -9999 -9999 -9999 -9999 -9999 246 247 249 251 248 251 254 256 258 260 262 263 265 265 266 268 269 270 271 272 273 273
-9999 -9999 -9999 -9999 -9999 -9999 -9999 -9999 -9999 -9999 -9999 -9999 -9999 -9999 -9999 -9999 -9999 -9999 -9999 -9999 -9999 -9999 -9999 -9999 -9999 -9999 -9999 -9999 -9999 -9999 -9999 -9999 -9999 -9999 -9999 -9999 255 254 253 251 249 248 247 247 246 245 244 242 242 238 239 239 236 239 237 237 239 242 243 244 244 246 248 250 250 252 252 252 257 258 260 262 263 263 265 266 267 268 269 271 272 273 274 274
-9999 -9999 -9999 -9999 -9999 -9999 -9999 -9999 -9999 -9999 -9999 -9999 -9999 -9999 -9999 -9999 -9999 -9999 -9999 -9999 -9999 -9999 -9999 -9999 -9999 -9999 -9999 -9999 -9999 -9999 -9999 -9999 -9999 -9999 -9999 -9999 256 254 253 252 250 248 248 247 246 245 244 244 243 240 240 241 240 240 244 256 245 244 245 246 247 248 250 251 253 255 255 256 258 259 260 262 264 265 265 266 267 268 269 271 272 273 274 275
-9999 -9999 -9999 -9999 -9999 -9999 -9999 -9999 -9999 -9999 -9999 -9999 -9999 -9999 -9999 -9999 -9999 -9999 -9999 -9999 -9999 -9999 -9999 -9999 -9999 -9999 -9999 -9999 -9999 -9999 -9999 -9999 -9999 -9999 -9999 257 256 255 253 252 251 249 248 247 246 245 244 244 244 242 241 241 242 243 255 256 249 245 246 248 249 249 252 253 254 257 256 257 259 260 262 263 264 267 265 266 268 268 270 271 272 274 274 276
-9999 -9999 -9999 -9999 -9999 -9999 -9999 -9999 -9999 -9999 -9999 -9999 -9999 -9999 -9999 -9999 -9999 -9999 -9999 -9999 -9999 -9999 -9999 -9999 -9999 -9999 -9999 -9999 -9999 -9999 -9999 -9999 -9999 -9999 -9999 258 257 256 255 253 251 249 248 247 247 245 245 245 245 242 241 241 243 244 246 247 246 248 249 250 252 253 254 256 257 257 259 258 261 262 263 264 266 267 269 269 269 270 272 273 275 275 275 277
-9999 -9999 -9999 -9999 -9999 -9999 -9999 -9999 -9999 -9999 -9999 -9999 -9999 -9999 -9999 -9999 -9999 -9999 -9999 -9999 -9999 -9999 -9999 -9999 -9999 -9999 -9999 -9999 -9999 -9999 -9999 -9999 -9999 -9999 -9999 259 267 267 254 252 252 250 249 248 247 246 245 245 245 244 243 244 245 246 247 248 248 250 251 252 252 254 256 258 259 259 260 261 262 263 264 266 267 268 269 270 271 272 273 274 274 275 276 277
-9999 -9999 -9999 -9999 -9999 -9999 -9999 -9999 -9999 -9999 -9999 -9999 -9999 -9999 -9999 -9999 -9999 -9999 -9999 -9999 -9999 -9999 -9999 -9999 -9999 -9999 -9999 -9999 -9999 -9999 -9999 -9999 -9999 -9999 -9999 260 262 258 254 253 252 251 249 248 247 247 246 246 245 246 246 247 247 247 249 249 250 252 252 253 253 254 257 259 260 262 262 263 264 264 266 266 268 269 269 272 272 273 274 274 276 275 276 277
-9999 -9999 -9999 -9999 -9999 -9999 -9999 -9999 -9999 -9999 -9999 -9999 -9999 -9999 -9999 -9999 -9999 -9999 -9999 -9999 -9999 -9999 -9999 -9999 -9999 -9999 -9999 -9999 -9999 -9999 -9999 -9999 -9999 -9999 -9999 259 257 256 255 254 252 251 251 249 247 247 245 245 245 247 247 249 250 250 251 252 252 254 254 254 255 256 258 260 263 266 264 265 266 265 266 267 268 270 270 271 274 275 274 275 276 276 277 277
-9999 -9999 -9999 -9999 -9999 -9999 -9999 -9999 -9999 -9999 -9999 -9999 -9999 -9999 -9999 -9999 -9999 -9999 -9999 -9999 -9999 -9999 -9999 -9999 -9999 -9999 -9999 -9999 -9999 -9999 -9999 -9999 -9999 -9999 -9999 259 258 257 255 254 253 253 252 250 249 250 247 247 248 248 250 251 251 252 251 253 253 254 255 257 257 259 259 261 263 267 265 266 266 267 267 268 269 270 272 273 272 275 276 277 277 278 278 278
-9999 -9999 -9999 -9999 -9999 -9999 -9999 -9999 -9999 -9999 -9999 -9999 -9999 -9999 -9999 -9999 -9999 -9999 -9999 -9999 -9999 -9999 -9999 -9999 -9999 -9999 -9999 -9999 -9999 -9999 -9999 -9999 -9999 -9999 -9999 259 258 257 255 255 254 253 253 252 251 249 248 249 249 250 252 253 252 253 252 254 255 255 257 257 259 260 261 261 263 266 266 267 267 268 268 269 269 271 272 274 275 275 276 277 278 279 279 279
-9999 -9999 -9999 -9999 -9999 -9999 -9999 -9999 -9999 -9999 -9999 -9999 -9999 -9999 -9999 -9999 -9999 -9999 -9999 -9999 -9999 -9999 -9999 -9999 -9999 -9999 -9999 -9999 -9999 -9999 -9999 -9999 -9999 -9999 -9999 259 259 257 257 255 255 254 254 253 252 251 249 251 251 252 253 254 255 254 254 255 256 257 258 260 262 262 264 263 265 265 269 267 268 268 269 269 270 271 273 274 275 278 277 278 279 279 281 280
-9999 -9999 -9999 -9999 -9999 -9999 -9999 -9999 -9999 -9999 -9999 -9999 -9999 -9999 -9999 -9999 -9999 -9999 -9999 -9999 -9999 -9999 -9999 -9999 -9999 -9999 -9999 -9999 -9999 -9999 -9999 -9999 -9999 -9999 -9999 259 259 258 256 256 256 256 255 254 252 253 253 253 254 254 255 256 256 257 257 257 257 258 259 261 262 262 265 265 265 266 267 268 269 269 270 270 271 271 273 275 276 278 279 278 279 280 280 281
-9999 -9999 -9999 -9999 -9999 -9999 -9999 -9999 -9999 -9999 -9999 -9999 -9999 -9999 -9999 -9999 -9999 -9999 -9999 -9999 -9999 -9999 -9999 -9999 -9999 -9999 -9999 -9999 -9999 -9999 -9999 -9999 -9999 -9999 -9999 259 260 259 257 258 257 256 256 255 254 254 254 255 256 255 256 258 258 259 258 259 259 258 260 262 263 264 265 266 266 267 268 269 269 271 271 271 271 272 274 275 276 277 277 280 280 281 281 282
-9999 -9999 -9999 -9999 -9999 -9999 -9999 -9999 -9999 -9999 -9999 -9999 -9999 -9999 -9999 -9999 -9999 -9999 -9999 -9999 -9999 -9999 -9999 -9999 -9999 -9999 -9999 -9999 -9999 -9999 -9999 -9999 -9999 -9999 -9999 259 260 259 259 258 258 257 256 256 255 256 255 256 257 257 258 258 259 260 260 260 261 261 261 264 264 266 273 267 267 268 269 271 270 276 273 272 273 274 275 276 277 277 277 279 282 282 281 282
-9999 -9999 -9999 -9999 -9999 -9999 -9999 -9999 -9999 -9999 -9999 -9999 -9999 -9999 -9999 -9999 -9999 -9999 -9999 -9999 -9999 -9999 -9999 -9999 -9999 -9999 -9999 -9999 -9999 -9999 -9999 -9999 -9999 -9999 261 261 261 260 259 259 259 258 258 257 256 256 256 257 257 258 258 259 259 260 263 262 262 262 263 264 265 265 266 267 269 269 269 272 274 273 279 277 275 275 276 277 278 278 278 280 281 282 282 283
-9999 -9999 -9999 -9999 -9999 -9999 -9999 -9999 -9999 -9999 -9999 -9999 -9999 -9999 -9999 -9999 -9999 -9999 -9999 -9999 -9999 -9999 -9999 -9999 -9999 -9999 -9999 -9999 -9999 -9999 -9999 -9999 -9999 -9999 262 263 262 261 260 260 260 259 258 258 258 258 259 259 259 259 258 259 260 262 262 265 264 264 264 265 264 266 266 267 269 269 276 272 279 275 278 278 277 276 277 278 279 279 280 280 281 281 283 283
-9999 -9999 -9999 -9999 -9999 -9999 -9999 -9999 -9999 -9999 -9999 -9999 -9999 -9999 -9999 -9999 -9999 -9999 -9999 -9999 -9999 -9999 -9999 -9999 -9999 -9999 -9999 -9999 -9999 -9999 -9999 -9999 -9999 -9999 265 264 263 262 262 261 260 259 260 260 260 260 260 260 260 259 259 260 261 264 265 265 265 265 265 266 266 267 268 268 269 270 274 279 280 279 281 280 276 277 278 279 279 280 280 281 282 281 283 283
-9999 -9999 -9999 -9999 -9999 -9999 -9999 -9999 -9999 -9999 -9999 -9999 -9999 -9999 -9999 -9999 -9999 -9999 -9999 -9999 -9999 -9999 -9999 -9999 -9999 -9999 -9999 -9999 -9999 -9999 -9999 -9999 -9999 -9999 266 265 265 263 263 263 261 261 261 260 261 261 262 262 261 261 262 262 262 264 265 267 266 267 267 266 266 266 267 269 269 269 271 279 279 281 281 280 280 278 280 279 279 280 282 282 282 282 283 283
-9999 -9999 -9999 -9999 -9999 -9999 -9999 -9999 -9999 -9999 -9999 -9999 -9999 -9999 -9999 -9999 -9999 -9999 -9999 -9999 -9999 -9999 -9999 -9999 -9999 -9999 -9999 -9999 -9999 -9999 -9999 -9999 -9999 266 267 266 266 265 264 263 262 261 261 262 261 262 263 263 263 263 264 264 264 265 267 266 267 270 268 267 267 268 269 269 273 271 277 279 280 281 281 281 281 277 280 281 280 280 281 282 283 283 283 283
-9999 -9999 -9999 -9999 -9999 -9999 -9999 -9999 -9999 -9999 -9999 -9999 -9999 -9999 -9999 -9999 -9999 -9999 -9999 -9999 -9999 -9999 -9999 -9999 -9999 -9999 -9999 -9999 -9999 -9999 -9999 -9999 -9999 268 268 267 267 266 266 264 263 263 263 263 263 263 264 265 264 264 265 265 265 267 268 269 269 271 271 268 268 269 269 269 278 279 279 281 281 281 281 282 282 282 281 281 281 281 281 282 283 283 284 284
-9999 -9999 -9999 -9999 -9999 -9999 -9999 -9999 -9999 -9999 -9999 -9999 -9999 -9999 -9999 -9999 -9999 -9999 -9999 -9999 -9999 -9999 -9999 -9999 -9999 -9999 -9999 -9999 -9999 -9999 -9999 -9999 -9999 269 268 268 268 268 268 266 265 264 265 265 264 264 265 267 267 266 266 267 266 271 270 270 272 271 274 270 271 276 277 281 282 281 281 281 281 282 282 282 282 282 282 282 281 281 282 282 283 284 284 284
-9999 -9999 -9999 -9999 -9999 -9999 -9999 -9999 -9999 -9999 -9999 -9999 -9999 -9999 -9999 -9999 -9999 -9999 -9999 -9999 -9999 -9999 -9999 -9999 -9999 -9999 -9999 -9999 -9999 -9999 -9999 -9999 -9999 270 270 269 269 268 269 268 267 267 267 265 266 266 267 268 268 268 268 269 269 272 272 271 272 271 273 271 276 280 281 281 282 282 282 282 282 282 282 282 282 282 282 280 280 280 282 282 283 283 284 285
-9999 -9999 -9999 -9999 -9999 -9999 -9999 -9999 -9999 -9999 -9999 -9999 -9999 -9999 -9999 -9999 -9999 -9999 -9999 -9999 -9999 -9999 -9999 -9999 -9999 -9999 -9999 -9999 -9999 -9999 -9999 -9999 -9999 271 271 270 270 271 271 270 269 268 268 268 269 269 269 268 269 269 269 273 270 270 272 272 274 273 274 277 280 280 281 281 282 282 282 282 282 282 282 282 282 282 282 278 279 280 281 282 283 284 284 284
-9999 -9999 -9999 -9999 -9999 -9999 -9999 -9999 -9999 -9999 -9999 -9999 -9999 -9999 -9999 -9999 -9999 -9999 -9999 -9999 -9999 -9999 -9999 -9999 -9999 -9999 -9999 -9999 -9999 -9999 -9999 -9999 -9999 271 272 272 271 272 272 271 270 270 269 269 270 270 271 271 271 270 271 274 272 273 273 274 275 275 276 278 280 281 281 282 282 282 282 282 282 282 282 283 282 282 282 277 278 279 281 283 283 284 285 285
-9999 -9999 -9999 -9999 -9999 -9999 -9999 -9999 -9999 -9999 -9999 -9999 -9999 -9999 -9999 -9999 -9999 -9999 -9999 -9999 -9999 -9999 -9999 -9999 -9999 -9999 -9999 -9999 -9999 -9999 -9999 -9999 272 272 273 273 273 272 273 273 272 272 272 271 272 272 273 273 273 272 273 274 274 274 274 275 276 276 278 280 281 281 282 281 282 282 282 282 282 282 283 283 283 282 280 276 276 279 281 283 283 284 285 285
-9999 -9999 -9999 -9999 -9999 -9999 -9999 -9999 -9999 -9999 -9999 -9999 -9999 -9999 -9999 -9999 -9999 -9999 -9999 -9999 -9999 -9999 -9999 -9999 -9999 -9999 -9999 -9999 -9999 -9999 -9999 -9999 273 273 273 273 274 274 274 273 273 274 273 274 274 274 274 274 273 274 274 275 276 275 276 277 277 277 279 281 281 282 282 282 282 282 283 283 283 282 282 283 283 283 280 274 275 278 280 282 283 284 285 285
-9999 -9999 -9999 -9999 -9999 -9999 -9999 -9999 -9999 -9999 -9999 -9999 -9999 -9999 -9999 -9999 -9999 -9999 -9999 -9999 -9999 -9999 -9999 -9999 -9999 -9999 -9999 -9999 -9999 -9999 -9999 -9999 274 274 274 273 274 274 274 274 274 274 275 275 275 275 275 275 276 276 276 276 277 277 277 278 276 277 280 281 281 282 282 282 282 282 283 283 283 282 282 283 283 283 282 274 277 278 281 282 283 284 285 285
-9999 -9999 -9999 -9999 -9999 -9999 -9999 -9999 -9999 -9999 -9999 -9999 -9999 -9999 -9999 -9999 -9999 -9999 -9999 -9999 -9999 -9999 -9999 -9999 -9999 -9999 -9999 -9999 -9999 -9999 -9999 273 274 274 274 274 274 275 275 274 274 275 275 275 277 277 277 276 277 278 278 278 277 279 279 278 279 280 280 281 281 282 282 283 283 283 283 283 283 283 283 283 283 283 279 276 279 280 281 283 283 284 285 286
-9999 -9999 -9999 -9999 -9999 -9999 -9999 -9999 -9999 -9999 -9999 -9999 -9999 -9999 -9999 -9999 -9999 -9999 -9999 -9999 -9999 -9999 -9999 -9999 -9999 -9999 -9999 -9999 -9999 -9999 -9999 274 274 274 274 275 275 276 275 275 275 275 276 276 277 277 277 278 278 279 279 279 279 279 280 280 279 279 281 280 281 282 282 283 283 283 283 283 283 283 283 283 283 283 275 276 279 280 282 283 284 285 285 285
-9999 -9999 -9999 -9999 -9999 -9999 -9999 -9999 -9999 -9999 -9999 -9999 -9999 -9999 -9999 -9999 -9999 -9999 -9999 -9999 -9999 -9999 -9999 -9999 -9999 -9999 -9999 -9999 -9999 -9999 275 275 274 274 275 275 275 276 276 276 276 276 276 278 278 278 279 279 279 280 280 281 281 281 281 281 280 280 281 281 281 282 283 283 283 283 283 283 283 283 283 283 283 274 274 278 279 280 282 283 284 285 285 285
-9999 -9999 -9999 -9999 -9999 -9999 -9999 -9999 -9999 -9999 -9999 -9999 -9999 -9999 -9999 -9999 -9999 -9999 -9999 -9999 -9999 -9999 -9999 -9999 -9999 -9999 -9999 -9999 -9999 -9999 275 276 276 276 275 276 276 277 277 277 277 277 277 278 278 278 279 280 281 281 281 281 281 281 281 281 281 281 281 281 282 282 283 283 283 283 283 283 283 283 283 283 283 283 281 281 279 280 281 283 284 285 285 285
