invasiveSpecies/singleSpecies/data/worldclim_KE/worldclim_KE_2050_BC85_Bio11.asc
ncols         347
nrows         295
xllcorner     36.068012264173
yllcorner     0.13039239511974
cellsize      0.0083333333333333
NODATA_value  -9999
[rows 222 to 258 of 295, columns 84 to 167 of 347]
-9999 -9999 -9999 -9999 -9999 -9999 -9999 -9999 -9999 -9999 -9999 -9999 -9999 -9999 -9999 -9999 -9999 -9999 -9999 -9999 -9999 -9999 -9999 -9999 -9999 -9999 -9999 -9999 -9999 -9999 -9999 -9999 -9999 -9999 -9999 -9999 -9999 -9999 -9999 -9999 -9999 -9999 -9999 -9999 -9999 -9999 -9999 -9999 -9999 -9999 -9999 -9999 -9999 239 240 240 240 239 239 241 241 242 243 241 240 240 238 237 236 235 236 236 237 238 238 238 238 238 238 238 237 236 226 227
-9999 -9999 -9999 -9999 -9999 -9999 -9999 -9999 -9999 -9999 -9999 -9999 -9999 -9999 -9999 -9999 -9999 -9999 -9999 -9999 -9999 -9999 -9999 -9999 -9999 -9999 -9999 -9999 -9999 -9999 -9999 -9999 -9999 -9999 -9999 -9999 -9999 -9999 -9999 -9999 -9999 -9999 -9999 -9999 -9999 -9999 -9999 -9999 -9999 -9999 -9999 -9999 -9999 237 240 238 239 238 238 239 240 242 243 243 241 241 240 238 237 236 236 236 236 237 237 239 239 239 238 238 235 224 222 226
-9999 -9999 -9999 -9999 -9999 -9999 -9999 -9999 -9999 -9999 -9999 -9999 -9999 -9999 -9999 -9999 -9999 -9999 -9999 -9999 -9999 -9999 -9999 -9999 -9999 -9999 -9999 -9999 -9999 -9999 -9999 -9999 -9999 -9999 -9999 -9999 -9999 -9999 -9999 -9999 -9999 -9999 -9999 -9999 -9999 -9999 -9999 -9999 -9999 -9999 -9999 -9999 -9999 235 237 236 237 237 237 238 240 241 242 243 242 242 240 240 238 237 237 236 235 236 236 237 239 239 239 235 233 223 216 223
-9999 -9999 -9999 -9999 -9999 -9999 -9999 -9999 -9999 -9999 -9999 -9999 -9999 -9999 -9999 -9999 -9999 -9999 -9999 -9999 -9999 -9999 -9999 -9999 -9999 -9999 -9999 -9999 -9999 -9999 -9999 -9999 -9999 -9999 -9999 -9999 -9999 -9999 -9999 -9999 -9999 -9999 -9999 -9999 -9999 -9999 -9999 -9999 -9999 -9999 -9999 -9999 -9999 235 235 235 235 236 237 238 239 240 241 243 243 242 241 240 238 238 238 237 236 236 232 236 238 238 238 232 228 224 224 222
-9999 -9999 -9999 -9999 -9999 -9999 -9999 -9999 -9999 -9999 -9999 -9999 -9999 -9999 -9999 -9999 -9999 -9999 -9999 -9999 -9999 -9999 -9999 -9999 -9999 -9999 -9999 -9999 -9999 -9999 -9999 -9999 -9999 -9999 -9999 -9999 -9999 -9999 -9999 -9999 -9999 -9999 -9999 -9999 -9999 -9999 -9999 -9999 -9999 -9999 -9999 -9999 -9999 234 233 234 234 235 236 238 239 238 241 242 244 243 241 240 239 238 239 238 237 236 229 234 237 238 238 230 221 228 230 228
189 189 189 190 -9999 -9999 -9999 -9999 -9999 -9999 -9999 -9999 -9999 -9999 -9999 -9999 -9999 -9999 -9999 -9999 -9999 -9999 -9999 -9999 -9999 -9999 -9999 -9999 -9999 -9999 -9999 -9999 -9999 -9999 -9999 -9999 -9999 -9999 -9999 -9999 -9999 -9999 -9999 -9999 -9999 -9999 -9999 -9999 -9999 -9999 -9999 -9999 234 233 233 233 234 235 235 237 236 236 239 242 243 244 241 241 240 240 239 239 238 237 235 234 236 237 237 236 234 233 234 236
190 191 190 191 191 191 193 193 -9999 -9999 -9999 -9999 -9999 -9999 -9999 -9999 -9999 -9999 -9999 -9999 -9999 -9999 -9999 -9999 -9999 -9999 -9999 -9999 -9999 -9999 -9999 -9999 -9999 -9999 -9999 -9999 -9999 -9999 -9999 -9999 -9999 -9999 -9999 -9999 -9999 -9999 -9999 -9999 -9999 -9999 -9999 232 234 233 232 232 234 234 235 236 236 237 239 241 242 244 243 242 242 240 240 240 239 238 236 231 234 236 237 237 232 232 233 233
190 190 191 191 191 192 193 194 194 192 -9999 -9999 -9999 -9999 -9999 -9999 -9999 -9999 -9999 -9999 -9999 -9999 -9999 -9999 -9999 -9999 -9999 -9999 -9999 -9999 -9999 -9999 -9999 -9999 -9999 -9999 -9999 -9999 -9999 -9999 -9999 -9999 -9999 -9999 -9999 -9999 -9999 -9999 -9999 -9999 -9999 233 233 233 233 232 234 234 236 237 238 240 241 241 243 244 245 243 242 240 241 240 239 238 235 226 231 234 237 238 236 228 225 230
190 190 190 191 191 191 192 193 195 192 -9999 -9999 -9999 -9999 -9999 -9999 -9999 -9999 -9999 -9999 -9999 -9999 -9999 -9999 -9999 -9999 -9999 -9999 -9999 -9999 -9999 -9999 -9999 -9999 -9999 -9999 -9999 -9999 -9999 -9999 -9999 -9999 -9999 -9999 -9999 -9999 -9999 -9999 -9999 -9999 232 232 232 232 232 233 234 236 236 237 238 239 240 241 242 243 245 244 242 241 242 241 241 239 236 223 227 235 238 237 236 227 223 226
189 190 190 191 192 192 192 195 195 192 191 -9999 -9999 -9999 -9999 -9999 -9999 -9999 -9999 -9999 -9999 -9999 -9999 -9999 -9999 -9999 -9999 -9999 -9999 -9999 -9999 -9999 -9999 -9999 -9999 -9999 -9999 -9999 -9999 -9999 -9999 -9999 -9999 -9999 -9999 -9999 -9999 -9999 -9999 232 232 231 232 232 234 235 235 236 236 236 237 238 239 240 242 243 244 245 243 241 242 242 241 239 238 234 217 236 240 240 239 233 231 236
190 190 191 191 192 192 192 192 194 192 192 192 -9999 -9999 -9999 -9999 -9999 -9999 -9999 -9999 -9999 -9999 -9999 -9999 -9999 -9999 -9999 -9999 -9999 -9999 -9999 -9999 -9999 -9999 -9999 -9999 -9999 -9999 -9999 -9999 -9999 -9999 -9999 -9999 -9999 -9999 -9999 -9999 -9999 232 231 231 232 233 234 235 236 237 236 236 237 238 240 241 242 243 244 245 244 243 242 243 242 241 239 237 234 232 239 239 240 237 231 238
190 191 192 192 192 192 192 193 194 196 194 197 -9999 -9999 -9999 -9999 -9999 -9999 -9999 -9999 -9999 -9999 -9999 -9999 -9999 -9999 -9999 -9999 -9999 -9999 -9999 -9999 -9999 -9999 -9999 -9999 -9999 -9999 -9999 -9999 -9999 -9999 -9999 -9999 -9999 -9999 -9999 -9999 231 231 232 233 234 235 235 235 236 237 238 238 239 239 240 241 242 243 244 245 245 245 243 243 242 242 240 239 238 237 241 241 242 241 234 241
190 191 192 192 192 192 194 197 196 198 193 196 197 -9999 -9999 -9999 -9999 -9999 -9999 -9999 -9999 -9999 -9999 -9999 -9999 -9999 -9999 -9999 -9999 -9999 -9999 -9999 -9999 -9999 -9999 -9999 -9999 -9999 -9999 -9999 -9999 -9999 -9999 -9999 -9999 -9999 -9999 230 231 231 233 234 235 236 236 236 237 237 238 238 240 240 240 241 242 243 244 245 245 245 244 244 243 242 242 241 240 240 242 243 242 242 232 243
191 191 192 192 193 192 192 198 197 199 202 198 -9999 -9999 -9999 -9999 -9999 -9999 -9999 -9999 -9999 -9999 -9999 -9999 -9999 -9999 -9999 -9999 -9999 -9999 -9999 -9999 -9999 -9999 -9999 -9999 -9999 -9999 -9999 -9999 -9999 -9999 -9999 -9999 -9999 -9999 -9999 230 230 233 233 235 236 236 236 237 238 238 239 239 240 241 241 241 243 244 245 245 245 245 245 244 243 243 243 242 241 240 243 244 244 244 243 244
191 192 193 193 193 193 196 199 200 201 202 199 195 -9999 -9999 -9999 -9999 -9999 -9999 -9999 -9999 -9999 -9999 -9999 -9999 -9999 -9999 -9999 -9999 -9999 -9999 -9999 -9999 -9999 -9999 -9999 -9999 -9999 -9999 -9999 -9999 -9999 -9999 -9999 -9999 -9999 229 230 231 233 234 235 236 236 237 237 239 238 239 240 241 242 243 243 244 244 244 244 244 245 246 244 244 244 243 243 243 243 244 244 244 244 245 244
191 192 193 193 192 193 197 197 199 200 202 201 -9999 -9999 -9999 -9999 -9999 -9999 -9999 -9999 -9999 -9999 -9999 -9999 -9999 -9999 -9999 -9999 -9999 -9999 -9999 -9999 -9999 -9999 -9999 -9999 -9999 -9999 -9999 -9999 -9999 -9999 -9999 -9999 -9999 -9999 229 229 231 233 235 235 236 237 238 238 239 240 240 241 242 241 242 242 242 243 243 243 244 245 246 245 244 244 244 244 244 244 244 246 246 245 246 246
190 191 192 192 191 192 195 194 199 201 203 203 -9999 -9999 -9999 -9999 -9999 -9999 -9999 -9999 -9999 -9999 -9999 -9999 -9999 -9999 -9999 -9999 -9999 -9999 -9999 -9999 -9999 -9999 -9999 -9999 -9999 221 222 223 224 225 226 -9999 228 229 229 231 232 234 234 235 236 237 238 239 239 240 240 239 239 240 241 241 241 242 242 243 244 245 246 245 245 245 244 245 245 245 245 246 246 245 246 247
188 189 191 190 191 193 195 195 200 202 202 204 -9999 -9999 -9999 -9999 -9999 -9999 -9999 -9999 -9999 -9999 -9999 -9999 -9999 -9999 -9999 -9999 -9999 -9999 -9999 -9999 -9999 -9999 -9999 217 218 221 222 223 224 225 226 227 228 228 229 231 233 234 233 235 236 237 238 238 239 239 240 238 236 239 239 240 241 241 242 244 244 245 246 246 246 245 245 245 246 245 246 247 247 247 247 248
188 188 189 190 192 193 195 200 201 201 201 203 -9999 -9999 -9999 -9999 -9999 -9999 -9999 -9999 -9999 -9999 -9999 -9999 -9999 -9999 -9999 -9999 -9999 -9999 -9999 -9999 -9999 -9999 216 215 217 220 220 222 223 225 226 227 228 228 231 232 233 232 232 234 236 237 238 238 239 238 238 236 228 234 238 239 241 242 243 244 244 245 246 247 247 247 246 246 247 247 247 248 248 247 248 249
188 189 189 190 191 191 195 199 199 200 200 202 -9999 -9999 -9999 -9999 -9999 -9999 -9999 -9999 -9999 -9999 -9999 -9999 -9999 -9999 -9999 -9999 -9999 -9999 -9999 -9999 -9999 -9999 215 213 213 218 218 221 222 223 225 227 228 229 232 232 232 231 233 234 235 236 237 238 238 237 237 235 225 226 237 239 239 242 242 243 244 245 246 246 247 247 248 248 248 248 248 248 248 249 249 249
188 189 190 191 191 192 192 199 200 201 202 203 -9999 -9999 -9999 -9999 -9999 -9999 -9999 -9999 -9999 -9999 -9999 -9999 -9999 -9999 -9999 -9999 -9999 -9999 -9999 -9999 -9999 -9999 206 202 207 217 217 220 222 223 226 226 228 230 231 231 231 231 232 234 235 236 237 237 238 236 236 235 231 232 235 237 239 242 243 243 244 244 245 241 242 246 247 248 246 245 245 248 246 243 244 246
189 190 190 192 193 196 197 200 200 201 201 204 203 203 201 200 200 200 198 -9999 -9999 -9999 -9999 -9999 -9999 -9999 -9999 -9999 -9999 -9999 -9999 -9999 -9999 -9999 212 200 199 214 216 207 220 223 225 227 228 229 230 230 229 230 230 234 235 235 236 237 237 237 234 234 231 233 235 237 240 242 242 243 244 244 241 241 241 242 244 248 247 243 243 244 244 243 244 246
191 190 191 192 195 192 192 198 195 200 202 204 202 201 202 202 200 200 198 197 198 198 198 197 197 196 195 -9999 -9999 -9999 -9999 -9999 -9999 -9999 201 197 199 211 215 197 218 222 221 225 228 231 228 229 228 228 232 233 234 234 235 237 237 232 216 231 228 226 236 238 239 241 242 243 244 243 242 243 244 245 247 244 246 245 243 243 243 243 244 244
-9999 -9999 -9999 -9999 193 193 192 193 193 199 203 203 201 200 202 201 200 200 199 198 198 198 198 198 197 197 195 194 191 191 188 191 192 197 198 190 191 197 203 199 214 219 219 215 228 229 225 227 227 229 230 232 233 234 235 236 237 237 202 202 216 225 234 236 238 240 242 243 242 241 241 244 246 247 246 244 245 245 243 242 243 243 243 243
-9999 -9999 -9999 -9999 -9999 -9999 194 193 193 194 199 203 202 200 201 201 200 200 198 198 197 197 196 196 196 197 194 193 192 190 190 189 193 197 195 191 193 194 200 199 210 219 220 224 228 226 218 226 228 230 231 232 233 233 234 234 237 237 204 201 209 226 232 235 237 239 241 241 240 241 241 244 246 246 245 244 245 244 242 243 243 244 245 245
-9999 -9999 -9999 -9999 -9999 -9999 -9999 199 196 198 200 203 203 200 201 201 199 199 198 197 196 196 195 194 195 196 195 194 193 192 190 188 190 192 193 191 191 196 202 197 200 224 226 226 225 201 220 225 226 229 230 231 232 232 232 233 237 211 202 191 200 224 230 232 236 236 240 241 240 241 241 245 246 246 245 243 244 243 243 243 244 244 245 244
-9999 -9999 -9999 -9999 -9999 -9999 -9999 200 200 201 203 -9999 202 201 200 200 200 200 198 197 196 196 195 194 194 196 195 194 192 191 190 189 190 192 192 192 192 197 194 198 197 226 222 222 224 201 220 223 227 229 230 231 231 228 231 234 236 219 196 192 211 220 215 217 234 237 241 241 241 241 244 245 246 246 244 242 243 244 242 244 243 244 244 244
-9999 -9999 -9999 -9999 -9999 -9999 -9999 -9999 -9999 202 -9999 -9999 -9999 202 200 198 200 200 198 198 196 197 197 195 195 195 195 193 191 191 191 189 188 190 191 190 190 192 191 198 201 219 218 206 203 195 204 223 227 228 229 229 228 221 230 235 236 223 -9999 -9999 230 231 228 228 236 240 241 241 241 243 242 244 246 243 241 242 243 243 242 243 243 243 244 244
-9999 -9999 -9999 -9999 -9999 -9999 -9999 -9999 -9999 -9999 -9999 -9999 -9999 203 201 200 199 199 198 198 199 198 197 196 196 193 194 193 192 192 192 189 188 188 190 192 193 192 194 200 195 205 220 207 203 195 201 221 226 228 228 229 220 226 229 235 236 -9999 -9999 -9999 -9999 233 234 236 238 240 240 242 242 241 243 245 245 243 242 242 243 243 242 243 243 242 244 245
-9999 -9999 -9999 -9999 -9999 -9999 -9999 -9999 -9999 -9999 -9999 -9999 -9999 -9999 202 201 199 200 200 200 199 199 198 197 196 193 193 194 193 193 192 188 188 188 191 194 194 194 195 202 195 200 211 207 190 194 213 226 226 227 227 226 206 216 227 -9999 -9999 -9999 -9999 -9999 -9999 -9999 235 236 238 239 241 241 241 242 244 245 244 243 242 241 242 243 242 242 241 241 243 244
-9999 -9999 -9999 -9999 -9999 -9999 -9999 -9999 -9999 -9999 -9999 -9999 -9999 -9999 202 201 202 201 199 198 198 199 198 198 196 196 195 195 194 194 193 191 189 188 189 188 191 196 198 203 200 210 210 201 197 203 219 223 223 223 226 227 219 212 -9999 -9999 -9999 -9999 -9999 -9999 -9999 -9999 -9999 236 238 240 241 240 240 243 244 244 243 242 241 241 242 242 242 241 241 241 243 244
-9999 -9999 -9999 -9999 -9999 -9999 -9999 -9999 -9999 -9999 -9999 -9999 -9999 -9999 -9999 202 201 199 199 198 197 197 197 198 197 196 195 194 193 193 191 191 191 190 191 190 193 192 199 205 200 202 205 195 201 205 206 208 218 214 219 226 216 -9999 -9999 -9999 -9999 -9999 -9999 -9999 -9999 -9999 -9999 236 238 239 241 241 242 243 244 244 243 242 241 241 242 242 242 241 241 243 243 243
-9999 -9999 -9999 -9999 -9999 -9999 -9999 -9999 -9999 -9999 -9999 -9999 -9999 -9999 -9999 203 201 200 199 198 198 196 196 -9999 197 197 195 194 192 191 191 189 190 191 192 193 197 197 199 203 198 194 199 193 197 203 196 197 202 204 212 -9999 -9999 -9999 -9999 -9999 -9999 -9999 -9999 -9999 -9999 -9999 -9999 235 237 238 240 240 240 243 244 244 243 242 241 240 241 242 241 240 241 242 243 242
-9999 -9999 -9999 -9999 -9999 -9999 -9999 -9999 -9999 -9999 -9999 -9999 -9999 -9999 -9999 202 201 200 199 199 197 197 -9999 -9999 -9999 -9999 -9999 -9999 -9999 -9999 190 188 190 191 192 196 197 199 200 199 198 194 193 195 193 195 203 192 195 194 -9999 -9999 -9999 -9999 -9999 -9999 -9999 -9999 -9999 -9999 -9999 -9999 -9999 -9999 237 238 239 239 241 240 244 244 243 241 241 241 240 241 240 240 240 242 242 241
-9999 -9999 -9999 -9999 -9999 -9999 -9999 -9999 -9999 -9999 -9999 -9999 -9999 -9999 -9999 -9999 201 200 200 199 -9999 -9999 -9999 -9999 -9999 -9999 -9999 -9999 -9999 -9999 -9999 189 189 189 189 195 197 200 201 201 200 197 193 192 190 194 201 195 190 191 -9999 -9999 -9999 -9999 -9999 -9999 -9999 -9999 -9999 -9999 -9999 -9999 -9999 -9999 236 237 239 239 242 243 243 243 243 241 240 240 240 240 240 240 240 241 240 239
-9999 -9999 -9999 -9999 -9999 -9999 -9999 -9999 -9999 -9999 -9999 -9999 -9999 -9999 -9999 -9999 201 201 199 -9999 -9999 -9999 -9999 -9999 -9999 -9999 -9999 -9999 -9999 -9999 -9999 191 189 188 189 192 194 200 198 198 196 200 200 196 193 191 199 195 191 193 -9999 -9999 -9999 -9999 -9999 -9999 -9999 -9999 -9999 -9999 -9999 -9999 -9999 -9999 235 237 239 241 242 243 243 243 243 243 241 240 239 240 239 240 239 239 240 238
-9999 -9999 -9999 -9999 -9999 -9999 -9999 -9999 -9999 -9999 -9999 -9999 -9999 -9999 -9999 -9999 -9999 -9999 -9999 -9999 -9999 -9999 -9999 -9999 -9999 -9999 -9999 -9999 -9999 -9999 -9999 -9999 190 188 190 192 193 199 194 197 195 195 197 195 193 187 187 194 193 190 -9999 -9999 -9999 -9999 -9999 -9999 -9999 -9999 -9999 -9999 -9999 -9999 -9999 -9999 234 236 238 240 241 242 243 242 243 242 241 241 240 239 239 239 239 238 239 238
