invasiveSpecies/singleSpecies/data/worldclim_KE/worldclim_KE_2050_BC85_Bio9.asc
ncols         347
nrows         295
xllcorner     36.068012264173
yllcorner     0.13039239511974
cellsize      0.0083333333333333
NODATA_value  -9999
[rows 222 to 258 of 295, columns 168 to 251 of 347]
238 241 242 242 242 244 244 242 242 239 242 242 242 244 245 245 246 246 246 246 246 246 247 247 247 247 247 246 246 245 244 242 242 240 236 234 240 243 244 244 245 246 248 248 250 249 249 250 250 250 250 249 245 243 245 247 250 250 250 250 250 250 250 250 250 250 250 250 250 250 250 251 251 251 251 250 251 250 250 250 251 252 253 253
231 241 242 241 242 244 244 238 237 238 238 225 231 243 244 245 246 246 247 246 247 247 247 247 247 247 247 246 245 245 244 240 241 239 228 232 239 242 243 243 244 245 247 248 250 249 249 250 250 250 250 250 249 244 237 242 250 250 250 250 249 250 250 250 250 250 249 250 250 250 250 250 250 251 250 250 250 250 250 251 251 252 252 253
227 239 241 242 241 242 243 234 234 236 237 237 228 241 243 244 246 246 246 246 247 247 247 248 247 247 248 247 246 245 244 243 240 240 223 233 232 240 241 228 238 243 246 249 249 249 250 250 250 250 250 250 251 249 250 250 250 250 250 249 249 249 249 250 250 249 249 249 249 250 250 250 250 250 250 249 249 250 250 250 249 251 252 252
229 235 241 242 241 242 241 239 232 229 237 238 240 242 243 245 246 246 246 247 246 246 247 247 247 248 248 247 245 246 245 244 242 240 238 238 238 238 227 224 227 233 244 248 249 250 250 249 250 250 249 250 250 250 250 250 249 249 249 249 249 249 249 249 249 249 249 249 249 249 249 250 250 249 249 249 249 249 250 250 251 251 251 251
237 237 239 241 243 242 242 239 237 239 242 243 243 244 245 245 246 246 246 246 246 246 246 247 247 248 248 248 247 246 245 244 243 242 242 234 230 224 231 232 227 228 244 249 249 250 249 249 249 250 250 249 250 250 250 249 249 249 249 249 249 249 249 249 248 248 248 249 249 249 249 249 249 249 249 249 248 248 250 250 250 250 250 250
238 237 238 236 241 242 244 244 241 242 243 245 244 245 245 245 245 246 246 248 246 246 246 246 247 248 248 248 248 246 245 247 243 245 245 242 238 228 235 240 244 241 247 248 249 250 248 248 249 249 249 249 250 250 250 249 249 249 249 248 248 248 248 248 248 248 248 248 248 248 249 248 249 249 249 248 248 248 249 250 250 249 248 243
238 239 239 237 240 241 244 244 245 244 245 244 245 245 245 245 245 246 246 246 246 246 247 247 248 248 248 248 249 248 247 249 248 247 247 246 247 228 228 239 246 247 248 248 249 249 249 248 249 249 249 249 249 249 249 249 249 249 248 248 248 247 248 248 248 248 248 248 248 247 248 247 249 248 248 248 248 248 249 250 250 248 248 248
236 235 240 238 242 241 242 245 245 245 246 244 244 244 245 245 246 246 246 248 247 247 247 247 248 248 249 249 249 248 248 250 249 249 248 248 248 249 248 237 248 248 249 249 249 249 248 249 249 249 249 249 249 249 249 249 249 248 248 248 247 247 247 247 247 247 248 248 247 247 246 246 247 248 248 248 248 248 248 249 248 248 248 248
234 234 240 239 238 242 242 242 244 245 246 246 244 245 245 245 246 246 246 248 246 247 247 247 248 248 249 249 251 250 251 250 249 249 249 249 248 248 248 248 248 248 248 249 249 249 249 248 248 248 249 249 249 248 248 249 249 248 247 247 247 247 247 247 247 247 247 245 246 246 246 246 247 247 247 247 248 248 248 247 247 248 248 -9999
241 242 244 243 242 243 242 244 245 245 246 246 244 245 245 246 245 245 245 249 247 247 247 247 248 248 249 249 251 251 251 251 249 249 248 248 248 249 249 249 248 248 248 248 248 249 248 248 248 248 248 248 248 248 248 248 248 247 247 246 246 246 246 246 246 246 246 245 246 246 -9999 -9999 247 246 246 246 247 247 247 247 247 248 248 -9999
242 245 245 244 240 243 241 243 245 245 245 246 245 245 244 245 244 244 246 248 248 246 246 247 247 248 249 249 249 251 251 251 251 250 247 249 248 248 248 248 249 248 248 248 248 248 248 248 248 249 248 248 248 247 247 247 247 246 246 246 245 245 246 246 245 246 245 245 -9999 -9999 -9999 -9999 246 246 246 246 246 247 246 247 245 248 -9999 -9999
243 246 246 245 240 243 243 242 245 245 244 246 245 245 244 244 244 246 246 246 249 247 247 247 248 248 248 248 247 248 248 247 247 247 248 249 247 248 247 247 247 247 248 248 248 249 248 248 248 248 248 247 247 247 247 246 246 246 246 245 245 245 245 245 245 245 -9999 -9999 -9999 -9999 -9999 -9999 -9999 246 246 245 245 246 246 246 245 245 -9999 -9999
245 247 247 246 236 244 242 242 246 246 246 247 246 245 243 243 244 246 245 249 247 248 248 248 248 248 248 247 247 245 248 247 247 246 246 245 245 247 246 246 247 247 248 249 248 248 248 247 248 248 247 246 246 246 245 246 245 245 244 244 244 244 244 -9999 -9999 -9999 -9999 -9999 -9999 -9999 -9999 -9999 -9999 -9999 245 245 245 245 246 245 -9999 -9999 -9999 -9999
247 247 247 247 244 245 239 242 246 247 247 248 246 247 244 244 245 246 249 249 248 248 248 248 248 248 248 247 247 245 247 247 246 246 245 245 245 246 246 245 246 246 246 247 248 247 247 247 247 247 246 246 246 245 245 245 244 245 244 243 243 -9999 -9999 -9999 -9999 -9999 -9999 -9999 -9999 -9999 -9999 -9999 -9999 -9999 -9999 -9999 244 244 -9999 -9999 -9999 -9999 -9999 -9999
247 248 248 247 246 244 243 244 246 247 248 248 247 246 245 246 246 247 249 250 248 248 248 248 248 248 246 246 246 246 245 246 245 245 245 245 245 245 245 245 246 245 247 247 247 247 247 246 246 247 245 245 244 244 245 245 244 244 243 -9999 -9999 -9999 -9999 -9999 -9999 -9999 -9999 -9999 -9999 -9999 -9999 -9999 -9999 -9999 -9999 -9999 -9999 -9999 -9999 -9999 -9999 -9999 -9999 -9999
248 249 249 247 246 245 244 244 246 247 247 241 248 247 245 247 248 250 250 250 248 248 248 247 247 246 246 245 246 246 245 245 246 246 245 246 245 245 245 245 244 244 244 247 247 246 247 246 246 246 245 245 244 245 244 245 244 -9999 -9999 -9999 -9999 -9999 -9999 -9999 -9999 -9999 -9999 -9999 -9999 -9999 -9999 -9999 -9999 -9999 -9999 -9999 -9999 -9999 -9999 -9999 -9999 -9999 -9999 -9999
249 249 250 249 248 247 245 244 247 248 247 248 248 249 248 248 248 250 250 247 248 248 247 247 246 245 245 245 246 246 244 245 245 245 244 245 244 244 244 244 243 242 234 245 246 246 246 245 245 245 244 244 244 244 244 -9999 -9999 -9999 -9999 -9999 -9999 -9999 -9999 -9999 -9999 -9999 -9999 -9999 -9999 -9999 -9999 -9999 -9999 -9999 -9999 -9999 -9999 -9999 -9999 -9999 -9999 -9999 -9999 -9999
250 250 250 249 248 247 245 245 249 249 248 249 249 248 248 248 251 251 251 250 251 247 247 247 246 246 246 245 246 246 245 245 245 245 243 244 244 244 244 242 228 209 226 244 246 245 245 245 246 245 244 244 -9999 -9999 -9999 -9999 -9999 -9999 -9999 -9999 -9999 -9999 -9999 -9999 -9999 -9999 -9999 -9999 -9999 -9999 -9999 -9999 -9999 -9999 -9999 -9999 -9999 -9999 -9999 -9999 -9999 -9999 -9999 -9999
251 251 251 250 249 248 245 244 250 250 250 250 249 249 249 249 251 251 250 250 249 249 250 247 246 246 245 245 244 246 245 245 245 245 243 245 244 243 244 241 226 216 240 242 244 244 244 245 244 244 -9999 -9999 -9999 -9999 -9999 -9999 -9999 -9999 -9999 -9999 -9999 -9999 -9999 -9999 -9999 -9999 -9999 -9999 -9999 -9999 -9999 -9999 -9999 -9999 -9999 -9999 -9999 -9999 -9999 -9999 -9999 -9999 -9999 -9999
250 250 251 251 250 249 248 250 251 251 251 251 250 250 249 248 248 248 250 250 249 249 249 248 245 246 245 245 245 245 245 245 245 245 244 243 243 243 242 241 236 235 230 241 230 242 243 244 -9999 -9999 -9999 -9999 -9999 -9999 -9999 -9999 -9999 -9999 -9999 -9999 -9999 -9999 -9999 -9999 -9999 -9999 -9999 -9999 -9999 -9999 -9999 -9999 -9999 -9999 -9999 -9999 -9999 -9999 -9999 -9999 -9999 -9999 -9999 -9999
246 244 249 251 251 251 251 250 251 251 251 251 249 250 248 248 248 248 248 247 247 249 246 248 246 246 245 245 244 244 244 245 245 245 244 244 243 243 243 242 238 236 219 222 224 243 -9999 -9999 -9999 -9999 -9999 -9999 -9999 -9999 -9999 -9999 -9999 -9999 -9999 -9999 -9999 -9999 -9999 -9999 -9999 -9999 -9999 -9999 -9999 -9999 -9999 -9999 -9999 -9999 -9999 -9999 -9999 -9999 -9999 -9999 -9999 -9999 -9999 -9999
246 245 247 248 249 251 250 251 250 251 251 251 250 249 248 248 248 247 247 247 247 246 246 246 248 246 245 244 245 244 244 245 245 245 244 243 243 243 242 241 239 228 214 217 -9999 -9999 -9999 -9999 -9999 -9999 -9999 -9999 -9999 -9999 -9999 -9999 -9999 -9999 -9999 -9999 -9999 -9999 -9999 -9999 -9999 -9999 -9999 -9999 -9999 -9999 -9999 -9999 -9999 -9999 -9999 -9999 -9999 -9999 -9999 -9999 -9999 -9999 -9999 -9999
245 247 248 248 248 249 250 250 250 250 251 251 250 248 248 248 248 247 247 247 246 246 246 246 245 246 246 245 245 244 244 244 245 245 243 243 243 243 242 241 240 -9999 -9999 -9999 -9999 -9999 -9999 -9999 -9999 -9999 -9999 -9999 -9999 -9999 -9999 -9999 -9999 -9999 -9999 -9999 -9999 -9999 -9999 -9999 -9999 -9999 -9999 -9999 -9999 -9999 -9999 -9999 -9999 -9999 -9999 -9999 -9999 -9999 -9999 -9999 -9999 -9999 -9999 -9999
247 246 248 248 249 249 249 250 249 249 250 250 251 250 247 248 248 247 247 247 246 246 246 246 246 246 245 245 244 244 244 244 244 244 243 243 242 242 -9999 -9999 -9999 -9999 -9999 -9999 -9999 -9999 -9999 -9999 -9999 -9999 -9999 -9999 -9999 -9999 -9999 -9999 -9999 -9999 -9999 -9999 -9999 -9999 -9999 -9999 -9999 -9999 -9999 -9999 -9999 -9999 -9999 -9999 -9999 -9999 -9999 -9999 -9999 -9999 -9999 -9999 -9999 -9999 -9999 -9999
247 247 248 248 248 248 248 246 249 249 249 250 250 250 247 247 247 247 247 246 246 246 246 246 245 245 245 244 244 244 244 244 243 244 244 -9999 -9999 -9999 -9999 -9999 -9999 -9999 -9999 -9999 -9999 -9999 -9999 -9999 -9999 -9999 -9999 -9999 -9999 -9999 -9999 -9999 -9999 -9999 -9999 -9999 -9999 -9999 -9999 -9999 -9999 -9999 -9999 -9999 -9999 -9999 -9999 -9999 -9999 -9999 -9999 -9999 -9999 -9999 -9999 -9999 -9999 -9999 -9999 -9999
246 247 248 248 248 248 248 248 249 249 249 249 250 250 249 247 247 247 247 246 246 246 246 246 245 245 245 245 245 244 244 244 -9999 -9999 -9999 -9999 -9999 -9999 -9999 -9999 -9999 -9999 -9999 -9999 -9999 -9999 -9999 -9999 -9999 -9999 -9999 -9999 -9999 -9999 -9999 -9999 -9999 -9999 -9999 -9999 -9999 -9999 -9999 -9999 -9999 -9999 -9999 -9999 -9999 -9999 -9999 -9999 -9999 -9999 -9999 -9999 -9999 -9999 -9999 -9999 -9999 -9999 -9999 -9999
246 247 245 248 248 248 248 248 246 248 249 249 250 250 249 249 247 246 247 246 246 246 245 245 245 245 244 244 245 -9999 -9999 -9999 -9999 -9999 -9999 -9999 -9999 -9999 -9999 -9999 -9999 -9999 -9999 -9999 -9999 -9999 -9999 -9999 -9999 -9999 -9999 -9999 -9999 -9999 -9999 -9999 -9999 -9999 -9999 -9999 -9999 -9999 -9999 -9999 -9999 -9999 -9999 -9999 -9999 -9999 -9999 -9999 -9999 -9999 -9999 -9999 -9999 -9999 -9999 -9999 -9999 -9999 -9999 -9999
246 247 247 245 247 247 247 248 248 249 249 249 249 249 249 249 249 246 246 246 246 246 246 246 245 245 -9999 -9999 -9999 -9999 -9999 -9999 -9999 -9999 -9999 -9999 -9999 -9999 -9999 -9999 -9999 -9999 -9999 -9999 -9999 -9999 -9999 -9999 -9999 -9999 -9999 -9999 -9999 -9999 -9999 -9999 -9999 -9999 -9999 -9999 -9999 -9999 -9999 -9999 -9999 -9999 -9999 -9999 -9999 -9999 -9999 -9999 -9999 -9999 -9999 -9999 -9999 -9999 -9999 -9999 -9999 -9999 -9999 -9999
246 246 242 246 244 244 244 247 249 247 250 250 250 250 249 249 249 246 246 246 246 246 246 -9999 -9999 -9999 -9999 -9999 -9999 -9999 -9999 -9999 -9999 -9999 -9999 -9999 -9999 -9999 -9999 -9999 -9999 -9999 -9999 -9999 -9999 -9999 -9999 -9999 -9999 -9999 -9999 -9999 -9999 -9999 -9999 -9999 -9999 -9999 -9999 -9999 -9999 -9999 -9999 -9999 -9999 -9999 -9999 -9999 -9999 -9999 -9999 -9999 -9999 -9999 -9999 -9999 -9999 -9999 -9999 -9999 -9999 -9999 -9999 -9999
246 243 242 242 246 243 243 245 248 246 249 249 249 249 249 249 249 248 246 246 246 -9999 -9999 -9999 -9999 -9999 -9999 -9999 -9999 -9999 -9999 -9999 -9999 -9999 -9999 -9999 -9999 -9999 -9999 -9999 -9999 -9999 -9999 -9999 -9999 -9999 -9999 -9999 -9999 -9999 -9999 -9999 -9999 -9999 -9999 -9999 -9999 -9999 -9999 -9999 -9999 -9999 -9999 -9999 -9999 -9999 -9999 -9999 -9999 -9999 -9999 -9999 -9999 -9999 -9999 -9999 -9999 -9999 -9999 -9999 -9999 -9999 -9999 -9999
243 240 241 241 242 242 242 244 248 248 246 246 248 250 249 249 248 248 -9999 -9999 -9999 -9999 -9999 -9999 -9999 -9999 -9999 -9999 -9999 -9999 -9999 -9999 -9999 -9999 -9999 -9999 -9999 -9999 -9999 -9999 -9999 -9999 -9999 -9999 -9999 -9999 -9999 -9999 -9999 -9999 -9999 -9999 -9999 -9999 -9999 -9999 -9999 -9999 -9999 -9999 -9999 -9999 -9999 -9999 -9999 -9999 -9999 -9999 -9999 -9999 -9999 -9999 -9999 -9999 -9999 -9999 -9999 -9999 -9999 -9999 -9999 -9999 -9999 -9999
244 233 229 227 239 241 236 242 245 247 246 246 249 249 249 -9999 -9999 -9999 -9999 -9999 -9999 -9999 -9999 -9999 -9999 -9999 -9999 -9999 -9999 -9999 -9999 -9999 -9999 -9999 -9999 -9999 -9999 -9999 -9999 -9999 -9999 -9999 -9999 -9999 -9999 -9999 -9999 -9999 -9999 -9999 -9999 -9999 -9999 -9999 -9999 -9999 -9999 -9999 -9999 -9999 -9999 -9999 -9999 -9999 -9999 -9999 -9999 -9999 -9999 -9999 -9999 -9999 -9999 -9999 -9999 -9999 -9999 -9999 -9999 -9999 -9999 -9999 -9999 -9999
239 237 213 218 230 235 233 242 244 245 248 247 247 249 -9999 -9999 -9999 -9999 -9999 -9999 -9999 -9999 -9999 -9999 -9999 -9999 -9999 -9999 -9999 -9999 -9999 -9999 -9999 -9999 -9999 -9999 -9999 -9999 -9999 -9999 -9999 -9999 -9999 -9999 -9999 -9999 -9999 -9999 -9999 -9999 -9999 -9999 -9999 -9999 -9999 -9999 -9999 -9999 -9999 -9999 -9999 -9999 -9999 -9999 -9999 -9999 -9999 -9999 -9999 -9999 -9999 -9999 -9999 -9999 -9999 -9999 -9999 -9999 -9999 -9999 -9999 -9999 -9999 -9999
240 238 222 221 229 238 239 242 243 245 248 247 246 246 -9999 -9999 -9999 -9999 -9999 -9999 -9999 -9999 -9999 -9999 -9999 -9999 -9999 -9999 -9999 -9999 -9999 -9999 -9999 -9999 -9999 -9999 -9999 -9999 -9999 -9999 -9999 -9999 -9999 -9999 -9999 -9999 -9999 -9999 -9999 -9999 -9999 -9999 -9999 -9999 -9999 -9999 -9999 -9999 -9999 -9999 -9999 -9999 -9999 -9999 -9999 -9999 -9999 -9999 -9999 -9999 -9999 -9999 -9999 -9999 -9999 -9999 -9999 -9999 -9999 -9999 -9999 -9999 -9999 -9999
239 238 232 214 224 218 217 224 239 245 248 246 246 246 -9999 -9999 -9999 -9999 -9999 -9999 -9999 -9999 -9999 -9999 -9999 -9999 -9999 -9999 -9999 -9999 -9999 -9999 -9999 -9999 -9999 -9999 -9999 -9999 -9999 -9999 -9999 -9999 -9999 -9999 -9999 -9999 -9999 -9999 -9999 -9999 -9999 -9999 -9999 -9999 -9999 -9999 -9999 -9999 -9999 -9999 -9999 -9999 -9999 -9999 -9999 -9999 -9999 -9999 -9999 -9999 -9999 -9999 -9999 -9999 -9999 -9999 -9999 -9999 -9999 -9999 -9999 -9999 -9999 -9999
221 237 236 216 220 209 212 212 219 245 248 248 246 246 -9999 -9999 -9999 -9999 -9999 -9999 -9999 -9999 -9999 -9999 -9999 -9999 -9999 -9999 -9999 -9999 -9999 -9999 -9999 -9999 -9999 -9999 -9999 -9999 -9999 -9999 -9999 -9999 -9999 -9999 -9999 -9999 -9999 -9999 -9999 -9999 -9999 -9999 -9999 -9999 -9999 -9999 -9999 -9999 -9999 -9999 -9999 -9999 -9999 -9999 -9999 -9999 -9999 -9999 -9999 -9999 -9999 -9999 -9999 -9999 -9999 -9999 -9999 -9999 -9999 -9999 -9999 -9999 -9999 -9999
236 235 235 222 215 217 236 239 238 244 246 248 246 246 -9999 -9999 -9999 -9999 -9999 -9999 -9999 -9999 -9999 -9999 -9999 -9999 -9999 -9999 -9999 -9999 -9999 -9999 -9999 -9999 -9999 -9999 -9999 -9999 -9999 -9999 -9999 -9999 -9999 -9999 -9999 -9999 -9999 -9999 -9999 -9999 -9999 -9999 -9999 -9999 -9999 -9999 -9999 -9999 -9999 -9999 -9999 -9999 -9999 -9999 -9999 -9999 -9999 -9999 -9999 -9999 -9999 -9999 -9999 -9999 -9999 -9999 -9999 -9999 -9999 -9999 -9999 -9999 -9999 -9999
