invasiveSpecies/singleSpecies/data/worldclim_KE/worldclim_KE_2050_BC85_Bio5.asc
ncols         347
nrows         295
xllcorner     36.068012264173
yllcorner     0.13039239511974
cellsize      0.0083333333333333
NODATA_value  -9999
[rows 185 to 221 of 295, columns 84 to 167 of 347]
-9999 -9999 -9999 -9999 -9999 -9999 -9999 -9999 -9999 -9999 -9999 -9999 -9999 -9999 -9999 -9999 -9999 -9999 -9999 -9999 -9999 -9999 -9999 -9999 -9999 -9999 -9999 -9999 -9999 -9999 -9999 -9999 340 335 337 339 337 335 333 334 335 335 335 334 331 332 333 334 332 332 332 331 330 330 330 328 330 330 329 330 329 329 330 329 328 327 315 307 325 331 345 351 352 353 353 354 355 355 355 355 356 356 356 355
-9999 -9999 -9999 -9999 -9999 -9999 -9999 -9999 -9999 -9999 -9999 -9999 -9999 -9999 -9999 -9999 -9999 -9999 -9999 -9999 -9999 -9999 -9999 -9999 -9999 -9999 -9999 -9999 -9999 -9999 -9999 -9999 339 335 337 336 335 335 333 333 334 335 335 334 332 332 332 333 332 331 331 331 331 331 330 329 329 330 330 331 331 331 331 330 330 329 322 311 324 339 349 351 353 352 353 354 354 354 354 355 355 355 355 356
-9999 -9999 -9999 -9999 -9999 -9999 -9999 -9999 -9999 -9999 -9999 -9999 -9999 -9999 -9999 -9999 -9999 -9999 -9999 -9999 -9999 -9999 -9999 -9999 -9999 -9999 -9999 -9999 -9999 -9999 -9999 338 340 335 334 336 333 333 331 332 332 333 334 333 333 331 331 332 331 331 331 332 331 331 331 332 331 331 331 332 331 331 331 331 330 329 328 325 332 344 348 350 352 351 354 353 353 354 353 354 354 355 355 355
-9999 -9999 -9999 -9999 -9999 -9999 -9999 -9999 -9999 -9999 -9999 -9999 -9999 -9999 -9999 -9999 -9999 -9999 -9999 -9999 -9999 -9999 -9999 -9999 -9999 -9999 -9999 -9999 -9999 -9999 -9999 339 338 332 333 334 333 333 331 331 332 333 332 334 333 332 331 332 332 332 331 332 331 332 330 331 332 332 332 332 332 332 331 331 331 330 330 329 327 334 339 347 351 350 353 353 353 353 353 354 354 354 354 354
-9999 -9999 -9999 -9999 -9999 -9999 -9999 -9999 -9999 -9999 -9999 -9999 -9999 -9999 -9999 -9999 -9999 -9999 -9999 -9999 -9999 -9999 -9999 -9999 -9999 -9999 -9999 -9999 -9999 -9999 -9999 340 336 334 330 330 332 332 330 331 331 331 332 334 333 331 332 332 332 332 332 333 332 332 332 333 333 333 334 333 333 333 332 332 331 331 331 330 330 331 322 332 346 345 350 352 352 353 352 353 353 353 353 353
-9999 -9999 -9999 -9999 -9999 -9999 -9999 -9999 -9999 -9999 -9999 -9999 -9999 -9999 -9999 -9999 -9999 -9999 -9999 -9999 -9999 -9999 -9999 -9999 -9999 -9999 -9999 -9999 -9999 -9999 -9999 337 336 332 322 323 323 330 330 331 330 331 331 333 332 331 332 333 333 333 333 334 333 333 333 332 333 334 333 333 333 332 332 332 331 331 331 330 327 328 318 313 325 337 347 348 350 351 351 352 352 352 353 352
-9999 -9999 -9999 -9999 -9999 -9999 -9999 -9999 -9999 -9999 -9999 -9999 -9999 -9999 -9999 -9999 -9999 -9999 -9999 -9999 -9999 -9999 -9999 -9999 -9999 -9999 -9999 -9999 -9999 -9999 339 336 328 322 322 324 325 329 329 329 330 330 332 333 332 331 332 333 332 333 333 334 333 333 333 333 333 334 333 332 332 331 332 332 331 330 330 329 329 317 312 295 327 327 336 343 347 348 346 350 352 352 352 351
-9999 -9999 -9999 -9999 -9999 -9999 -9999 -9999 -9999 -9999 -9999 -9999 -9999 -9999 -9999 -9999 -9999 -9999 -9999 -9999 -9999 -9999 -9999 -9999 -9999 -9999 -9999 -9999 -9999 -9999 338 333 322 322 322 326 327 327 327 329 330 331 332 331 331 331 332 332 333 333 335 334 333 332 333 333 334 335 333 332 331 330 331 331 331 330 330 329 328 321 309 297 315 324 328 336 341 341 345 347 349 352 351 349
-9999 -9999 -9999 -9999 -9999 -9999 -9999 -9999 -9999 -9999 -9999 -9999 -9999 -9999 -9999 -9999 -9999 -9999 -9999 -9999 -9999 -9999 -9999 -9999 -9999 -9999 -9999 -9999 -9999 -9999 336 326 322 322 322 322 326 329 328 329 330 330 331 331 332 332 332 333 333 334 333 336 334 332 334 334 335 335 334 332 332 330 330 331 330 330 329 329 327 322 305 287 293 307 328 327 334 329 334 339 342 351 351 349
-9999 -9999 -9999 -9999 -9999 -9999 -9999 -9999 -9999 -9999 -9999 -9999 -9999 -9999 -9999 -9999 -9999 -9999 -9999 -9999 -9999 -9999 -9999 -9999 -9999 -9999 -9999 -9999 -9999 335 330 322 322 322 322 322 323 322 328 329 329 330 330 330 331 333 333 333 333 334 335 335 335 334 335 334 335 335 334 333 331 331 329 330 329 329 330 328 326 319 304 284 277 278 311 321 321 319 313 323 331 347 349 346
-9999 -9999 -9999 -9999 -9999 -9999 -9999 -9999 -9999 -9999 -9999 -9999 -9999 -9999 -9999 -9999 -9999 -9999 -9999 -9999 -9999 -9999 -9999 -9999 -9999 -9999 -9999 -9999 -9999 337 329 322 325 328 324 322 323 322 328 329 329 329 329 329 332 333 334 334 334 334 335 336 336 335 335 336 336 334 333 333 331 330 328 329 329 330 330 329 321 317 305 291 270 275 292 304 305 286 304 325 337 348 349 345
-9999 -9999 -9999 -9999 -9999 -9999 -9999 -9999 -9999 -9999 -9999 -9999 -9999 -9999 -9999 -9999 -9999 -9999 -9999 -9999 -9999 -9999 -9999 -9999 -9999 -9999 -9999 -9999 -9999 333 332 323 329 330 328 324 323 325 327 328 329 329 329 330 332 332 333 334 333 335 334 334 335 336 336 336 335 334 333 332 331 330 328 330 330 331 331 328 320 316 306 297 280 276 278 292 278 270 288 311 328 344 348 348
-9999 -9999 -9999 -9999 -9999 -9999 -9999 -9999 -9999 -9999 -9999 -9999 -9999 -9999 -9999 -9999 -9999 -9999 -9999 -9999 -9999 -9999 -9999 -9999 -9999 -9999 -9999 -9999 335 330 324 322 330 330 330 326 324 325 324 323 323 328 329 330 331 332 333 334 334 335 335 335 336 337 337 335 335 334 332 332 331 331 330 330 331 332 331 329 326 315 315 303 294 275 260 249 265 277 288 316 331 343 348 349
-9999 -9999 -9999 -9999 -9999 -9999 -9999 -9999 -9999 -9999 -9999 -9999 -9999 -9999 -9999 -9999 -9999 -9999 -9999 -9999 -9999 -9999 -9999 -9999 -9999 -9999 -9999 -9999 336 323 323 323 329 330 331 330 330 332 331 329 332 323 328 328 329 330 332 334 334 335 336 336 336 337 336 335 334 333 333 333 332 333 332 330 331 332 331 329 326 319 313 301 294 286 279 286 285 300 293 318 331 346 348 348
-9999 -9999 -9999 -9999 -9999 -9999 -9999 -9999 -9999 -9999 -9999 -9999 -9999 -9999 -9999 -9999 -9999 -9999 -9999 -9999 -9999 -9999 -9999 -9999 -9999 -9999 -9999 -9999 335 322 325 327 329 330 332 332 333 333 334 334 334 331 325 329 327 331 333 334 334 335 336 336 336 338 337 335 335 334 334 335 334 334 333 331 332 333 332 329 325 320 311 309 300 291 295 301 309 315 311 322 323 346 349 350
-9999 -9999 -9999 -9999 -9999 -9999 -9999 -9999 -9999 -9999 -9999 -9999 -9999 -9999 -9999 -9999 -9999 -9999 -9999 -9999 -9999 -9999 -9999 -9999 -9999 -9999 -9999 -9999 334 322 326 329 329 329 332 333 333 334 335 336 335 335 334 334 330 329 332 334 334 334 336 337 337 338 337 336 336 336 335 336 336 334 334 333 332 334 333 332 330 328 319 317 312 309 310 309 315 323 324 337 347 348 349 350
-9999 -9999 -9999 -9999 -9999 -9999 -9999 -9999 -9999 -9999 -9999 -9999 -9999 -9999 -9999 -9999 -9999 -9999 -9999 -9999 -9999 -9999 -9999 -9999 -9999 -9999 -9999 -9999 334 327 329 330 331 329 331 332 333 334 334 335 336 335 336 336 335 334 331 333 331 333 336 336 339 338 338 337 336 336 337 337 337 336 334 334 334 334 335 333 331 330 328 322 324 320 321 322 326 332 338 343 346 348 349 350
-9999 -9999 -9999 -9999 -9999 -9999 -9999 -9999 -9999 -9999 -9999 -9999 -9999 -9999 -9999 -9999 -9999 -9999 -9999 -9999 -9999 -9999 -9999 -9999 -9999 -9999 -9999 333 332 322 328 330 331 331 332 333 333 333 335 336 337 336 337 337 337 336 335 333 325 334 335 335 337 339 339 338 337 338 338 339 338 336 335 335 334 335 336 334 333 332 331 330 328 329 330 329 334 338 332 344 333 334 347 348
-9999 -9999 -9999 -9999 -9999 -9999 -9999 -9999 -9999 -9999 -9999 -9999 -9999 -9999 -9999 -9999 -9999 -9999 -9999 -9999 -9999 -9999 -9999 -9999 -9999 -9999 -9999 334 332 322 329 330 331 332 331 332 333 333 335 336 337 337 338 338 338 338 337 334 329 331 331 331 337 339 340 337 338 339 339 340 339 338 336 336 336 336 336 335 334 334 333 332 331 330 332 330 316 309 318 333 338 329 346 346
-9999 -9999 -9999 -9999 -9999 -9999 -9999 -9999 -9999 -9999 -9999 -9999 -9999 -9999 -9999 -9999 -9999 -9999 -9999 -9999 -9999 -9999 -9999 -9999 -9999 -9999 -9999 332 331 325 329 330 331 332 332 333 333 334 335 335 336 337 337 338 339 338 338 336 326 333 336 336 336 339 341 339 339 340 340 341 340 339 337 336 337 337 337 337 336 335 333 333 333 333 332 333 322 311 319 339 341 335 344 346
-9999 -9999 -9999 -9999 -9999 -9999 -9999 -9999 -9999 -9999 -9999 -9999 -9999 -9999 -9999 -9999 -9999 -9999 -9999 -9999 -9999 -9999 -9999 -9999 -9999 -9999 -9999 331 329 329 330 330 331 332 332 333 333 333 334 335 336 337 338 337 339 340 338 337 331 335 337 338 339 340 341 339 339 341 342 342 341 340 339 338 338 337 338 337 336 336 335 335 334 335 334 332 315 313 316 330 341 342 344 346
-9999 -9999 -9999 -9999 -9999 -9999 -9999 -9999 -9999 -9999 -9999 -9999 -9999 -9999 -9999 -9999 -9999 -9999 -9999 -9999 -9999 -9999 -9999 -9999 -9999 -9999 -9999 -9999 329 330 331 331 331 333 333 334 332 332 334 335 337 338 339 338 339 339 340 338 331 329 336 338 338 339 342 341 341 342 342 343 343 340 340 339 339 339 338 337 337 338 338 335 335 337 336 336 325 316 323 323 341 344 345 346
-9999 -9999 -9999 -9999 -9999 -9999 -9999 -9999 -9999 -9999 -9999 -9999 -9999 -9999 -9999 -9999 -9999 -9999 -9999 -9999 -9999 -9999 -9999 -9999 -9999 -9999 -9999 -9999 330 331 331 332 331 333 334 333 333 334 332 336 337 338 339 340 340 341 340 337 328 332 335 337 338 339 341 343 343 343 343 344 344 342 341 341 340 340 339 339 339 339 339 338 336 337 337 336 334 326 333 341 343 344 344 346
-9999 -9999 -9999 -9999 -9999 -9999 -9999 -9999 -9999 -9999 -9999 -9999 -9999 -9999 -9999 -9999 -9999 -9999 -9999 -9999 -9999 -9999 -9999 -9999 -9999 -9999 -9999 330 330 331 332 333 333 334 335 335 335 334 334 336 338 339 339 339 341 340 340 338 339 336 332 336 337 339 340 340 341 343 345 345 344 343 343 341 340 340 341 339 341 340 339 339 339 339 339 338 338 339 339 340 333 341 342 344
-9999 -9999 -9999 -9999 -9999 -9999 -9999 -9999 -9999 -9999 -9999 -9999 -9999 -9999 -9999 -9999 -9999 -9999 -9999 -9999 -9999 -9999 -9999 -9999 -9999 -9999 -9999 -9999 329 330 332 333 332 334 334 335 335 335 335 336 337 338 338 340 340 342 341 340 339 339 337 336 338 339 340 340 341 343 344 346 344 344 343 341 340 340 341 342 340 340 340 340 340 339 339 339 340 339 339 325 324 339 339 344
-9999 -9999 -9999 -9999 -9999 -9999 -9999 -9999 -9999 -9999 -9999 -9999 -9999 -9999 -9999 -9999 -9999 -9999 -9999 -9999 -9999 -9999 -9999 -9999 -9999 -9999 -9999 -9999 329 331 333 334 334 335 335 336 337 335 335 337 337 338 339 340 341 342 342 342 341 339 336 340 339 340 341 342 342 344 344 346 346 345 343 342 341 342 342 343 342 342 342 342 341 340 340 340 339 338 336 324 326 342 344 344
-9999 -9999 -9999 -9999 -9999 -9999 -9999 -9999 -9999 -9999 -9999 -9999 -9999 -9999 -9999 -9999 -9999 -9999 -9999 -9999 -9999 -9999 -9999 -9999 -9999 -9999 -9999 -9999 328 333 334 334 333 334 336 337 337 336 336 336 338 339 339 340 340 340 342 343 342 341 342 341 339 340 342 343 344 345 345 347 346 345 343 342 342 341 342 342 343 342 342 342 341 342 339 338 338 337 335 326 321 340 346 346
-9999 -9999 -9999 -9999 -9999 -9999 -9999 -9999 -9999 -9999 -9999 -9999 -9999 -9999 -9999 -9999 -9999 -9999 -9999 -9999 -9999 -9999 -9999 -9999 -9999 320 325 326 325 332 334 334 335 335 337 338 338 337 337 337 338 338 339 339 340 340 342 342 343 343 342 342 338 341 342 344 345 346 346 347 347 344 343 344 342 342 342 342 344 343 343 343 342 342 337 337 335 327 331 330 317 345 346 348
-9999 -9999 -9999 -9999 -9999 -9999 -9999 -9999 -9999 -9999 -9999 -9999 -9999 -9999 -9999 -9999 -9999 -9999 -9999 -9999 -9999 -9999 -9999 -9999 -9999 321 324 326 326 332 334 334 335 337 338 338 339 339 338 339 339 339 338 339 340 340 341 342 342 343 344 342 342 344 344 345 346 347 347 347 347 345 344 345 344 343 343 343 344 344 344 343 343 342 340 337 335 332 319 318 308 343 345 348
-9999 -9999 -9999 -9999 -9999 -9999 -9999 -9999 -9999 -9999 -9999 -9999 -9999 -9999 -9999 -9999 -9999 -9999 -9999 -9999 -9999 -9999 -9999 -9999 -9999 318 324 326 330 333 334 335 335 336 337 339 340 341 339 340 340 341 341 340 340 341 341 343 343 344 345 343 343 345 345 346 347 348 348 348 348 346 345 345 345 344 342 342 345 344 344 344 343 342 341 336 335 317 308 314 313 333 345 348
-9999 -9999 -9999 -9999 -9999 -9999 -9999 -9999 -9999 -9999 -9999 -9999 -9999 -9999 -9999 -9999 -9999 -9999 -9999 -9999 -9999 -9999 -9999 -9999 -9999 -9999 326 329 331 332 335 336 335 337 337 338 339 340 342 342 342 342 343 341 341 342 342 343 342 344 345 345 345 344 346 347 347 348 350 348 347 347 345 346 346 346 344 343 344 346 345 345 344 343 342 341 335 331 314 320 313 329 345 347
-9999 -9999 -9999 -9999 -9999 -9999 -9999 -9999 -9999 -9999 -9999 -9999 -9999 -9999 -9999 -9999 -9999 -9999 -9999 -9999 -9999 -9999 -9999 -9999 -9999 316 323 329 330 334 335 337 338 337 337 339 340 341 343 342 343 342 344 343 342 342 343 343 343 344 345 347 347 346 346 347 349 349 350 348 347 346 346 347 347 345 344 343 344 345 346 346 345 344 343 341 334 331 320 329 319 331 344 348
-9999 -9999 -9999 -9999 -9999 -9999 -9999 -9999 -9999 -9999 -9999 -9999 -9999 -9999 -9999 -9999 -9999 -9999 -9999 -9999 -9999 -9999 -9999 -9999 317 317 324 327 333 335 336 338 340 339 339 340 343 343 -9999 -9999 -9999 -9999 344 343 342 342 343 343 342 345 344 346 347 348 348 348 349 349 351 349 348 348 347 346 348 348 345 345 345 346 346 346 346 345 344 343 334 333 329 334 328 329 346 347
-9999 -9999 -9999 -9999 -9999 -9999 -9999 -9999 -9999 -9999 -9999 -9999 -9999 -9999 -9999 -9999 -9999 -9999 -9999 -9999 -9999 -9999 -9999 -9999 320 321 324 326 332 337 338 339 340 341 343 342 -9999 -9999 -9999 -9999 -9999 -9999 -9999 345 343 343 342 343 341 344 344 346 347 349 350 349 350 350 351 350 349 349 348 347 348 348 347 345 346 346 346 347 347 346 345 344 335 338 337 342 340 335 341 350
-9999 -9999 -9999 -9999 -9999 -9999 -9999 -9999 -9999 -9999 -9999 -9999 -9999 -9999 -9999 -9999 -9999 -9999 -9999 -9999 -9999 -9999 -9999 -9999 322 330 330 325 334 339 337 341 342 -9999 -9999 -9999 -9999 -9999 -9999 -9999 -9999 -9999 -9999 -9999 345 346 346 345 342 344 343 345 347 348 349 350 352 352 352 352 350 349 349 348 349 349 347 346 346 347 347 347 347 347 347 346 345 343 346 345 344 344 347 349
-9999 -9999 -9999 -9999 -9999 -9999 -9999 -9999 -9999 -9999 -9999 -9999 -9999 -9999 -9999 -9999 -9999 -9999 -9999 -9999 -9999 -9999 -9999 -9999 326 324 335 332 337 341 -9999 -9999 -9999 -9999 -9999 -9999 -9999 -9999 -9999 -9999 -9999 -9999 -9999 -9999 -9999 -9999 346 346 343 345 346 346 346 347 350 350 352 352 351 352 351 350 350 349 350 348 348 347 346 348 347 348 348 348 348 348 348 348 348 347 347 348 349 351
-9999 -9999 -9999 -9999 -9999 -9999 -9999 -9999 -9999 -9999 -9999 -9999 -9999 -9999 -9999 -9999 -9999 -9999 -9999 -9999 -9999 -9999 -9999 -9999 336 338 339 -9999 -9999 -9999 -9999 -9999 -9999 -9999 -9999 -9999 -9999 -9999 -9999 -9999 -9999 -9999 -9999 -9999 -9999 -9999 -9999 -9999 344 346 348 349 349 348 350 351 351 350 351 351 353 352 351 350 350 350 349 349 346 347 347 347 348 348 349 349 349 349 349 349 348 348 347 349
