invasiveSpecies/singleSpecies/data/worldclim_KE/worldclim_KE_2050_BC85_Bio11.asc
ncols         347
nrows         295
xllcorner     36.068012264173
yllcorner     0.13039239511974
cellsize      0.0083333333333333
NODATA_value  -9999
[rows 148 to 184 of 295, columns 84 to 167 of 347]
-9999 -9999 -9999 -9999 -9999 -9999 -9999 -9999 -9999 -9999 -9999 -9999 -9999 -9999 -9999 -9999 -9999 -9999 -9999 -9999 -9999 -9999 -9999 -9999 -9999 -9999 -9999 -9999 -9999 -9999 -9999 -9999 -9999 -9999 -9999 -9999 -9999 -9999 -9999 -9999 -9999 244 243 239 236 234 227 221 214 214 219 223 219 209 197 193 183 188 204 217 224 228 231 236 238 242 243 244 245 246 247 247 248 247 247 247 248 248 248 249 248 247 249 249
-9999 -9999 -9999 -9999 -9999 -9999 -9999 -9999 -9999 -9999 -9999 -9999 -9999 -9999 -9999 -9999 -9999 -9999 -9999 -9999 -9999 -9999 -9999 -9999 -9999 -9999 -9999 -9999 -9999 -9999 -9999 -9999 -9999 -9999 -9999 -9999 -9999 -9999 -9999 -9999 -9999 243 240 238 236 229 225 219 213 209 214 222 220 213 205 203 194 199 192 210 219 228 231 233 237 241 243 244 245 246 247 247 247 247 246 246 247 248 248 248 248 248 249 248
-9999 -9999 -9999 -9999 -9999 -9999 -9999 -9999 -9999 -9999 -9999 -9999 -9999 -9999 -9999 -9999 -9999 -9999 -9999 -9999 -9999 -9999 -9999 -9999 -9999 -9999 -9999 -9999 -9999 -9999 -9999 -9999 -9999 -9999 -9999 -9999 -9999 -9999 -9999 -9999 -9999 243 236 236 234 226 220 212 212 209 216 219 221 220 216 212 211 205 195 201 214 220 221 222 229 226 237 243 245 246 246 245 245 245 245 245 247 247 247 248 247 247 248 247
-9999 -9999 -9999 -9999 -9999 -9999 -9999 -9999 -9999 -9999 -9999 -9999 -9999 -9999 -9999 -9999 -9999 -9999 -9999 -9999 -9999 -9999 -9999 -9999 -9999 -9999 -9999 -9999 -9999 -9999 -9999 -9999 -9999 -9999 -9999 -9999 -9999 -9999 -9999 -9999 -9999 243 235 235 230 225 225 207 209 204 212 219 218 216 217 214 209 203 195 189 208 207 210 211 223 220 232 242 244 245 245 245 244 245 245 246 246 246 247 247 247 247 248 248
-9999 -9999 -9999 -9999 -9999 -9999 -9999 -9999 -9999 -9999 -9999 -9999 -9999 -9999 -9999 -9999 -9999 -9999 -9999 -9999 -9999 -9999 -9999 -9999 -9999 -9999 -9999 -9999 -9999 -9999 -9999 -9999 -9999 -9999 -9999 -9999 -9999 -9999 -9999 -9999 -9999 243 236 236 227 220 218 214 214 211 208 214 216 214 208 202 208 185 184 177 200 190 198 202 214 212 226 239 243 244 244 244 244 243 244 245 245 245 246 246 247 247 248 249
-9999 -9999 -9999 -9999 -9999 -9999 -9999 -9999 -9999 -9999 -9999 -9999 -9999 -9999 -9999 -9999 -9999 -9999 -9999 -9999 -9999 -9999 -9999 -9999 -9999 -9999 -9999 -9999 -9999 -9999 -9999 -9999 -9999 -9999 -9999 -9999 -9999 -9999 -9999 -9999 -9999 242 241 238 230 221 209 209 212 206 200 209 199 209 201 194 198 189 173 164 179 174 190 188 200 204 218 235 242 244 242 243 243 241 242 244 244 245 245 247 247 248 248 248
-9999 -9999 -9999 -9999 -9999 -9999 -9999 -9999 -9999 -9999 -9999 -9999 -9999 -9999 -9999 -9999 -9999 -9999 -9999 -9999 -9999 -9999 -9999 -9999 -9999 -9999 -9999 -9999 -9999 -9999 -9999 -9999 -9999 -9999 -9999 -9999 -9999 -9999 -9999 -9999 -9999 -9999 241 239 232 222 216 210 211 204 197 201 210 210 204 190 186 166 164 166 177 179 168 173 186 207 228 237 240 242 242 242 241 240 242 243 243 244 245 246 246 248 248 249
-9999 -9999 -9999 -9999 -9999 -9999 -9999 -9999 -9999 -9999 -9999 -9999 -9999 -9999 -9999 -9999 -9999 -9999 -9999 -9999 -9999 -9999 -9999 -9999 -9999 -9999 -9999 -9999 -9999 -9999 -9999 -9999 -9999 -9999 -9999 -9999 -9999 -9999 -9999 -9999 -9999 -9999 241 238 236 218 207 208 209 208 191 191 200 194 200 195 176 162 161 171 189 189 178 192 208 217 226 233 238 240 240 236 239 241 242 242 242 243 244 246 247 247 248 249
-9999 -9999 -9999 -9999 -9999 -9999 -9999 -9999 -9999 -9999 -9999 -9999 -9999 -9999 -9999 -9999 -9999 -9999 -9999 -9999 -9999 -9999 -9999 -9999 -9999 -9999 -9999 -9999 -9999 -9999 -9999 -9999 -9999 -9999 -9999 -9999 -9999 -9999 -9999 -9999 -9999 -9999 240 238 233 220 206 210 210 206 196 190 198 189 193 184 171 162 160 172 184 197 183 181 184 208 217 227 232 238 236 234 238 235 238 238 240 242 243 245 246 247 248 248
-9999 -9999 -9999 -9999 -9999 -9999 -9999 -9999 -9999 -9999 -9999 -9999 -9999 -9999 -9999 -9999 -9999 -9999 -9999 -9999 -9999 -9999 -9999 -9999 -9999 -9999 -9999 -9999 -9999 -9999 -9999 -9999 -9999 -9999 -9999 -9999 -9999 -9999 -9999 -9999 -9999 -9999 242 236 229 217 206 213 213 205 202 196 203 195 189 168 161 162 159 160 175 197 198 188 169 191 210 220 228 230 230 227 223 214 224 234 236 236 242 244 245 247 247 247
-9999 -9999 -9999 -9999 -9999 -9999 -9999 -9999 -9999 -9999 -9999 -9999 -9999 -9999 -9999 -9999 -9999 -9999 -9999 -9999 -9999 -9999 -9999 -9999 -9999 -9999 -9999 -9999 -9999 -9999 -9999 -9999 -9999 -9999 -9999 -9999 -9999 -9999 -9999 -9999 -9999 242 242 232 229 216 207 214 213 212 211 207 207 201 185 169 160 160 158 160 174 195 202 191 177 170 198 210 223 224 226 220 220 216 214 217 216 226 241 244 245 246 246 247
-9999 -9999 -9999 -9999 -9999 -9999 -9999 -9999 -9999 -9999 -9999 -9999 -9999 -9999 -9999 -9999 -9999 -9999 -9999 -9999 -9999 -9999 -9999 -9999 -9999 -9999 -9999 -9999 -9999 -9999 -9999 -9999 -9999 -9999 -9999 -9999 -9999 -9999 -9999 -9999 -9999 241 240 233 230 219 210 217 215 216 216 212 209 200 182 169 159 166 161 160 170 198 204 200 191 181 190 199 213 216 219 209 217 230 236 238 224 237 241 243 245 245 246 247
-9999 -9999 -9999 -9999 -9999 -9999 -9999 -9999 -9999 -9999 -9999 -9999 -9999 -9999 -9999 -9999 -9999 -9999 -9999 -9999 -9999 -9999 -9999 -9999 -9999 -9999 -9999 -9999 -9999 -9999 -9999 -9999 -9999 -9999 -9999 -9999 -9999 -9999 -9999 -9999 241 240 240 234 228 220 223 221 222 217 213 207 201 199 184 171 165 173 173 159 169 187 204 203 191 179 167 170 187 201 203 212 222 231 238 239 237 240 243 244 245 246 246 246
-9999 -9999 -9999 -9999 -9999 -9999 -9999 -9999 -9999 -9999 -9999 -9999 -9999 -9999 -9999 -9999 -9999 -9999 -9999 -9999 -9999 -9999 -9999 -9999 -9999 -9999 -9999 -9999 -9999 -9999 -9999 -9999 -9999 -9999 -9999 -9999 -9999 -9999 -9999 -9999 241 239 239 234 230 224 227 223 222 214 212 209 200 198 181 175 167 172 179 167 168 172 201 208 195 180 168 174 186 198 214 225 226 235 240 241 242 243 244 244 245 245 246 247
-9999 -9999 -9999 -9999 -9999 -9999 -9999 -9999 -9999 -9999 -9999 -9999 -9999 -9999 -9999 -9999 -9999 -9999 -9999 -9999 -9999 -9999 -9999 -9999 -9999 -9999 -9999 -9999 -9999 -9999 -9999 -9999 -9999 -9999 -9999 -9999 -9999 -9999 -9999 -9999 240 238 238 237 231 226 222 218 216 215 213 211 204 200 194 178 174 180 187 176 171 190 200 208 203 190 179 182 184 209 221 225 234 238 240 241 242 243 244 244 244 245 246 246
-9999 -9999 -9999 -9999 -9999 -9999 -9999 -9999 -9999 -9999 -9999 -9999 -9999 -9999 -9999 -9999 -9999 -9999 -9999 -9999 -9999 -9999 -9999 -9999 -9999 -9999 -9999 -9999 -9999 -9999 -9999 -9999 -9999 -9999 -9999 -9999 -9999 -9999 -9999 -9999 -9999 239 237 233 230 220 206 213 214 213 212 209 197 194 190 180 185 178 192 182 175 182 197 211 205 196 194 185 185 209 222 222 229 233 238 240 241 242 243 243 244 245 245 246
-9999 -9999 -9999 -9999 -9999 -9999 -9999 -9999 -9999 -9999 -9999 -9999 -9999 -9999 -9999 -9999 -9999 -9999 -9999 -9999 -9999 -9999 -9999 -9999 -9999 -9999 -9999 -9999 -9999 -9999 -9999 -9999 -9999 -9999 -9999 -9999 -9999 -9999 -9999 -9999 -9999 234 235 230 223 219 202 210 213 211 207 202 190 200 198 181 193 187 187 194 177 184 196 209 212 208 200 195 192 192 208 212 222 229 236 237 240 241 242 244 244 245 245 245
-9999 -9999 -9999 -9999 -9999 -9999 -9999 -9999 -9999 -9999 -9999 -9999 -9999 -9999 -9999 -9999 -9999 -9999 -9999 -9999 -9999 -9999 -9999 -9999 -9999 -9999 -9999 -9999 -9999 -9999 -9999 -9999 -9999 -9999 -9999 -9999 -9999 -9999 -9999 -9999 -9999 239 234 230 221 217 217 214 213 212 208 197 189 199 204 191 202 197 193 204 192 184 196 205 213 209 201 200 197 199 210 217 214 231 237 238 240 239 241 243 244 244 245 245
-9999 -9999 -9999 -9999 -9999 -9999 -9999 -9999 -9999 -9999 -9999 -9999 -9999 -9999 -9999 -9999 -9999 -9999 -9999 -9999 -9999 -9999 -9999 -9999 -9999 -9999 -9999 -9999 -9999 -9999 -9999 -9999 -9999 -9999 -9999 -9999 -9999 -9999 -9999 -9999 -9999 237 235 234 226 221 221 219 216 213 210 206 192 204 208 200 197 204 199 208 194 190 192 203 213 214 208 203 198 196 212 225 234 233 235 233 235 239 239 243 244 244 245 245
-9999 -9999 -9999 -9999 -9999 -9999 -9999 -9999 -9999 -9999 -9999 -9999 -9999 -9999 -9999 -9999 -9999 -9999 -9999 -9999 -9999 -9999 -9999 -9999 -9999 -9999 -9999 -9999 -9999 -9999 -9999 -9999 -9999 -9999 -9999 -9999 -9999 -9999 -9999 -9999 -9999 239 236 234 225 220 217 215 215 212 210 206 199 205 209 210 203 210 204 213 213 203 201 205 214 214 204 196 190 202 215 217 232 230 237 238 240 241 240 241 242 243 244 244
-9999 -9999 -9999 -9999 -9999 -9999 -9999 -9999 -9999 -9999 -9999 -9999 -9999 -9999 -9999 -9999 -9999 -9999 -9999 -9999 -9999 -9999 -9999 -9999 -9999 -9999 -9999 -9999 -9999 -9999 -9999 -9999 -9999 -9999 -9999 -9999 -9999 -9999 -9999 -9999 -9999 -9999 234 233 223 218 217 211 212 212 210 209 206 205 209 213 201 207 210 211 214 212 210 208 215 213 204 200 202 206 207 217 222 230 235 234 236 228 221 229 239 241 242 243
-9999 -9999 -9999 -9999 -9999 -9999 -9999 -9999 -9999 -9999 -9999 -9999 -9999 -9999 -9999 -9999 -9999 -9999 -9999 -9999 -9999 -9999 -9999 -9999 -9999 -9999 -9999 -9999 -9999 -9999 -9999 -9999 -9999 -9999 -9999 -9999 -9999 -9999 -9999 -9999 -9999 -9999 234 230 224 217 215 217 214 211 212 209 208 204 208 213 204 212 212 213 215 214 216 216 215 213 213 210 210 209 211 213 209 218 227 225 229 222 218 217 226 231 240 242
-9999 -9999 -9999 -9999 -9999 -9999 -9999 -9999 -9999 -9999 -9999 -9999 -9999 -9999 -9999 -9999 -9999 -9999 -9999 -9999 -9999 -9999 -9999 -9999 -9999 -9999 -9999 -9999 -9999 -9999 -9999 -9999 -9999 -9999 -9999 -9999 -9999 -9999 -9999 -9999 -9999 237 236 232 227 221 219 215 212 210 210 210 208 211 210 215 212 212 215 215 217 216 215 212 203 207 207 207 209 204 200 196 185 203 218 215 215 206 210 230 230 230 237 240
-9999 -9999 -9999 -9999 -9999 -9999 -9999 -9999 -9999 -9999 -9999 -9999 -9999 -9999 -9999 -9999 -9999 -9999 -9999 -9999 -9999 -9999 -9999 -9999 -9999 -9999 -9999 -9999 -9999 -9999 -9999 -9999 -9999 -9999 -9999 -9999 -9999 -9999 -9999 -9999 -9999 233 231 230 223 220 218 217 208 207 207 211 214 211 214 216 215 215 215 216 217 215 212 206 198 198 200 199 205 192 183 191 180 186 191 197 205 205 212 221 220 216 221 238
-9999 -9999 -9999 -9999 -9999 -9999 -9999 -9999 -9999 -9999 -9999 -9999 -9999 -9999 -9999 -9999 -9999 -9999 -9999 -9999 -9999 -9999 -9999 -9999 -9999 -9999 -9999 -9999 -9999 -9999 -9999 -9999 -9999 -9999 -9999 -9999 -9999 -9999 -9999 -9999 -9999 233 231 230 222 219 218 215 212 202 208 211 214 214 215 217 218 218 218 217 215 214 211 204 193 185 193 185 199 195 179 187 180 191 208 209 207 221 214 207 205 211 214 237
-9999 -9999 -9999 -9999 -9999 -9999 -9999 -9999 -9999 -9999 -9999 -9999 -9999 -9999 -9999 -9999 -9999 -9999 -9999 -9999 -9999 -9999 -9999 -9999 -9999 -9999 -9999 -9999 -9999 -9999 -9999 -9999 -9999 -9999 -9999 -9999 -9999 -9999 -9999 -9999 233 233 230 229 226 219 218 215 215 212 212 213 215 218 215 219 218 217 212 214 216 213 209 203 178 181 186 181 182 190 175 183 183 200 214 222 219 234 233 227 218 214 220 235
-9999 -9999 -9999 -9999 -9999 -9999 -9999 -9999 -9999 -9999 -9999 -9999 -9999 -9999 -9999 -9999 -9999 -9999 -9999 -9999 -9999 -9999 -9999 -9999 -9999 -9999 -9999 -9999 -9999 -9999 -9999 -9999 -9999 -9999 -9999 -9999 -9999 -9999 -9999 -9999 231 232 231 228 226 222 220 219 217 216 215 214 216 219 220 221 218 215 214 208 213 214 208 201 191 177 175 176 172 184 175 180 189 209 225 230 229 236 238 235 217 201 204 228
-9999 -9999 -9999 -9999 -9999 -9999 -9999 -9999 -9999 -9999 -9999 -9999 -9999 -9999 -9999 -9999 -9999 -9999 -9999 -9999 -9999 -9999 -9999 -9999 -9999 -9999 -9999 -9999 -9999 -9999 -9999 -9999 -9999 -9999 -9999 -9999 -9999 -9999 -9999 -9999 230 231 231 229 225 221 222 221 220 221 218 216 217 218 220 218 217 215 206 198 204 211 211 202 194 186 179 175 167 178 191 187 202 214 225 234 237 238 240 239 230 213 230 242
-9999 -9999 -9999 -9999 -9999 -9999 -9999 -9999 -9999 -9999 -9999 -9999 -9999 -9999 -9999 -9999 -9999 -9999 -9999 -9999 -9999 -9999 -9999 -9999 -9999 -9999 -9999 -9999 -9999 -9999 -9999 -9999 -9999 -9999 -9999 -9999 -9999 -9999 -9999 -9999 -9999 229 232 229 225 223 224 223 222 223 221 220 221 220 221 216 213 214 207 193 205 204 208 206 202 198 187 174 173 191 202 206 206 212 224 235 239 239 241 242 241 236 236 242
-9999 -9999 -9999 -9999 -9999 -9999 -9999 -9999 -9999 -9999 -9999 -9999 -9999 -9999 -9999 -9999 -9999 -9999 -9999 -9999 -9999 -9999 -9999 -9999 -9999 -9999 -9999 -9999 -9999 -9999 -9999 -9999 -9999 -9999 -9999 -9999 -9999 -9999 -9999 -9999 -9999 228 230 229 229 228 226 225 224 225 223 224 222 223 221 218 216 215 212 208 199 199 204 208 204 199 191 186 175 190 204 218 221 215 224 233 240 241 242 243 244 243 243 244
-9999 -9999 -9999 -9999 -9999 -9999 -9999 -9999 -9999 -9999 -9999 -9999 -9999 -9999 -9999 -9999 -9999 -9999 -9999 -9999 -9999 -9999 -9999 -9999 -9999 -9999 -9999 -9999 -9999 -9999 -9999 -9999 -9999 -9999 231 229 -9999 -9999 -9999 -9999 -9999 226 226 229 228 230 230 228 226 227 225 225 221 221 221 218 217 216 213 212 208 207 205 194 200 201 201 193 182 199 211 219 230 233 219 228 238 243 243 244 244 245 246 246
-9999 -9999 -9999 -9999 -9999 -9999 -9999 -9999 -9999 -9999 -9999 -9999 -9999 -9999 -9999 -9999 -9999 -9999 -9999 -9999 -9999 -9999 -9999 -9999 -9999 -9999 -9999 -9999 -9999 -9999 -9999 -9999 -9999 230 229 228 226 -9999 -9999 -9999 -9999 224 225 225 226 229 228 227 225 225 223 223 221 220 219 219 218 216 215 214 212 212 209 202 196 199 198 193 195 210 215 220 232 237 238 227 240 242 243 244 244 246 246 247
-9999 -9999 -9999 -9999 -9999 -9999 -9999 -9999 -9999 -9999 -9999 -9999 -9999 -9999 -9999 -9999 -9999 -9999 -9999 -9999 -9999 -9999 -9999 -9999 -9999 -9999 -9999 -9999 -9999 -9999 -9999 -9999 -9999 228 226 227 226 224 -9999 -9999 -9999 222 224 224 225 226 226 226 224 223 222 222 220 218 218 219 218 217 216 215 214 214 212 205 200 194 195 196 214 215 226 224 237 240 238 227 239 243 244 244 245 245 247 247
-9999 -9999 -9999 -9999 -9999 -9999 -9999 -9999 -9999 -9999 -9999 -9999 -9999 -9999 -9999 -9999 -9999 -9999 -9999 -9999 -9999 -9999 -9999 -9999 -9999 -9999 -9999 -9999 -9999 -9999 -9999 -9999 -9999 228 224 226 226 223 -9999 -9999 223 222 222 222 223 225 225 224 223 222 221 219 218 216 217 217 217 215 215 215 214 211 212 208 199 194 195 204 218 226 234 234 238 240 240 226 239 242 245 245 246 246 247 247
-9999 -9999 -9999 -9999 -9999 -9999 -9999 -9999 -9999 -9999 -9999 -9999 -9999 -9999 -9999 -9999 -9999 -9999 -9999 -9999 -9999 -9999 -9999 -9999 -9999 -9999 -9999 -9999 -9999 -9999 -9999 -9999 -9999 228 225 223 224 224 220 -9999 -9999 221 220 220 221 220 224 222 221 222 220 217 216 216 215 215 215 214 214 214 205 205 202 200 206 192 188 202 214 228 236 238 239 241 242 241 243 244 245 246 246 246 247 247
-9999 -9999 -9999 -9999 -9999 -9999 -9999 -9999 -9999 -9999 -9999 -9999 -9999 -9999 -9999 -9999 -9999 -9999 -9999 -9999 -9999 -9999 -9999 -9999 -9999 -9999 -9999 -9999 -9999 -9999 -9999 -9999 -9999 229 224 224 223 222 221 -9999 222 221 220 220 219 219 222 222 220 221 220 218 215 215 215 215 215 215 215 215 210 211 212 201 203 199 189 197 213 234 237 239 240 242 242 243 244 244 245 245 246 245 246 246
-9999 -9999 -9999 -9999 -9999 -9999 -9999 -9999 -9999 -9999 -9999 -9999 -9999 -9999 -9999 -9999 -9999 -9999 -9999 -9999 -9999 -9999 -9999 -9999 -9999 -9999 -9999 -9999 -9999 -9999 -9999 -9999 -9999 227 226 224 221 219 220 219 220 222 220 219 216 218 220 221 220 219 220 218 216 216 216 215 216 215 216 216 214 214 213 215 214 213 203 198 214 220 237 240 241 242 243 243 244 244 245 245 245 245 246 245
