invasiveSpecies/singleSpecies/data/worldclim_KE/worldclim_KE_2050_BC26_Bio19.asc
ncols         347
nrows         295
xllcorner     36.068012264173
yllcorner     0.13039239511974
cellsize      0.0083333333333333
NODATA_value  -9999
[rows 164 to 204 of 295, columns 92 to 183 of 347]
-9999 -9999 -9999 -9999 -9999 -9999 -9999 -9999 -9999 -9999 -9999 -9999 -9999 -9999 -9999 -9999 -9999 -9999 -9999 -9999 -9999 -9999 -9999 -9999 -9999 -9999 -9999 -9999 -9999 -9999 -9999 -9999 -9999 25 24 24 23 23 27 25 23 25 25 27 36 27 29 48 31 39 39 31 52 41 28 21 19 20 24 28 29 28 19 18 15 17 15 13 13 12 11 12 11 11 11 11 11 11 11 11 10 10 10 9 9 9 9 9 9 9 9 9
-9999 -9999 -9999 -9999 -9999 -9999 -9999 -9999 -9999 -9999 -9999 -9999 -9999 -9999 -9999 -9999 -9999 -9999 -9999 -9999 -9999 -9999 -9999 -9999 -9999 -9999 -9999 -9999 -9999 -9999 -9999 -9999 -9999 24 24 24 23 24 23 25 23 24 25 29 37 27 24 33 25 29 32 24 31 41 28 22 21 20 23 24 25 24 19 16 16 16 13 13 13 12 12 11 11 11 11 11 11 11 11 11 10 10 10 10 9 9 9 9 9 9 9 9
-9999 -9999 -9999 -9999 -9999 -9999 -9999 -9999 -9999 -9999 -9999 -9999 -9999 -9999 -9999 -9999 -9999 -9999 -9999 -9999 -9999 -9999 -9999 -9999 -9999 -9999 -9999 -9999 -9999 -9999 -9999 -9999 -9999 23 24 24 25 23 25 23 23 23 24 25 34 25 24 27 29 24 26 22 31 33 32 23 19 19 20 22 25 25 18 15 16 15 13 15 13 12 12 11 11 11 11 11 11 11 11 11 11 10 10 10 9 9 9 9 9 9 9 9
-9999 -9999 -9999 -9999 -9999 -9999 -9999 -9999 -9999 -9999 -9999 -9999 -9999 -9999 -9999 -9999 -9999 -9999 -9999 -9999 -9999 -9999 -9999 -9999 -9999 -9999 -9999 -9999 -9999 -9999 -9999 -9999 -9999 24 23 24 23 23 24 24 23 23 25 25 29 25 23 22 24 22 24 21 20 24 25 22 19 19 22 28 31 22 16 16 17 15 13 13 14 12 12 12 11 11 11 11 11 11 11 11 12 10 10 10 9 9 9 9 9 9 9 9
-9999 -9999 -9999 -9999 -9999 -9999 -9999 -9999 -9999 -9999 -9999 -9999 -9999 -9999 -9999 -9999 -9999 -9999 -9999 -9999 -9999 -9999 -9999 -9999 -9999 -9999 -9999 -9999 -9999 -9999 -9999 -9999 -9999 -9999 25 24 23 25 25 25 25 25 25 25 25 25 23 22 27 23 21 21 21 20 20 21 21 19 22 23 23 20 19 16 15 15 15 13 13 15 15 13 12 11 11 11 11 11 11 11 12 10 11 10 9 9 9 9 9 9 9 9
-9999 -9999 -9999 -9999 -9999 -9999 -9999 -9999 -9999 -9999 -9999 -9999 -9999 -9999 -9999 -9999 -9999 -9999 -9999 -9999 -9999 -9999 -9999 -9999 -9999 -9999 -9999 -9999 -9999 -9999 -9999 -9999 -9999 -9999 25 23 23 26 24 25 24 25 25 25 25 25 24 22 24 21 22 22 20 19 19 21 21 19 19 19 19 20 19 20 18 16 15 17 16 15 15 15 13 12 11 11 11 11 11 11 12 11 11 10 9 9 9 9 9 9 9 9
-9999 -9999 -9999 -9999 -9999 -9999 -9999 -9999 -9999 -9999 -9999 -9999 -9999 -9999 -9999 -9999 -9999 -9999 -9999 -9999 -9999 -9999 -9999 -9999 -9999 -9999 -9999 -9999 -9999 -9999 -9999 -9999 -9999 26 25 24 23 24 24 24 25 25 25 25 25 23 22 21 22 21 22 21 21 21 21 21 23 21 20 20 19 21 23 25 34 21 17 17 17 18 18 12 12 12 12 11 11 11 11 11 12 12 11 10 9 9 9 9 9 9 9 9
-9999 -9999 -9999 -9999 -9999 -9999 -9999 -9999 -9999 -9999 -9999 -9999 -9999 -9999 -9999 -9999 -9999 -9999 -9999 -9999 -9999 -9999 -9999 -9999 -9999 -9999 -9999 -9999 -9999 -9999 -9999 -9999 -9999 27 24 25 24 24 24 25 25 25 25 25 23 22 23 22 21 22 21 21 21 21 21 22 26 25 23 25 21 29 38 28 41 33 28 24 19 18 16 14 14 15 13 11 11 11 11 11 11 11 11 10 9 9 9 9 9 9 9 9
-9999 -9999 -9999 -9999 -9999 -9999 -9999 -9999 -9999 -9999 -9999 -9999 -9999 -9999 -9999 -9999 -9999 -9999 -9999 -9999 -9999 -9999 -9999 -9999 -9999 -9999 -9999 -9999 -9999 -9999 -9999 -9999 -9999 27 24 25 26 26 26 24 25 27 25 25 22 23 23 23 21 20 21 21 21 21 20 23 29 37 29 37 23 26 43 33 41 28 18 18 18 15 15 18 18 16 15 12 11 11 11 11 11 11 10 10 9 9 9 9 9 9 9 9
-9999 -9999 -9999 -9999 -9999 -9999 -9999 -9999 -9999 -9999 -9999 -9999 -9999 -9999 -9999 -9999 -9999 -9999 -9999 -9999 -9999 -9999 -9999 -9999 -9999 -9999 -9999 -9999 -9999 -9999 -9999 -9999 27 27 27 23 25 24 26 25 24 25 25 22 22 22 22 21 21 22 22 21 21 20 21 23 46 41 35 41 39 31 48 37 37 22 16 15 15 13 12 13 15 15 14 12 11 11 11 11 11 11 10 10 9 9 9 9 9 9 9 9
-9999 -9999 -9999 -9999 -9999 -9999 -9999 -9999 -9999 -9999 -9999 -9999 -9999 -9999 -9999 -9999 -9999 -9999 -9999 -9999 -9999 -9999 -9999 -9999 -9999 -9999 -9999 -9999 -9999 -9999 -9999 -9999 26 27 27 25 24 26 24 24 24 23 23 22 22 22 21 21 21 21 22 22 22 21 21 23 31 48 51 48 53 37 50 41 30 18 15 15 15 13 12 12 15 20 18 12 11 11 11 11 11 11 10 10 9 9 9 9 9 9 9 9
-9999 -9999 -9999 -9999 -9999 -9999 -9999 -9999 -9999 -9999 -9999 -9999 -9999 -9999 -9999 -9999 -9999 -9999 -9999 -9999 -9999 -9999 -9999 -9999 -9999 -9999 -9999 -9999 -9999 -9999 -9999 -9999 28 27 26 27 26 26 24 25 25 23 22 22 22 22 21 23 22 21 24 27 24 22 21 23 29 35 46 51 64 44 29 32 22 17 15 16 13 13 12 12 12 15 12 11 11 11 11 11 11 11 10 10 9 9 9 9 9 9 9 9
-9999 -9999 -9999 -9999 -9999 -9999 -9999 -9999 -9999 -9999 -9999 -9999 -9999 -9999 -9999 -9999 -9999 -9999 -9999 -9999 -9999 -9999 -9999 -9999 -9999 -9999 -9999 -9999 -9999 -9999 -9999 -9999 -9999 28 25 27 27 26 25 25 25 23 22 22 22 22 21 22 22 21 24 31 24 24 21 22 23 25 34 53 53 29 22 20 19 17 15 14 13 13 12 12 12 12 12 11 11 11 11 11 11 11 10 10 9 9 9 9 9 9 9 9
-9999 -9999 -9999 -9999 -9999 -9999 -9999 -9999 -9999 -9999 -9999 -9999 -9999 -9999 -9999 -9999 -9999 -9999 -9999 -9999 -9999 -9999 -9999 -9999 -9999 -9999 -9999 -9999 -9999 -9999 -9999 -9999 -9999 28 27 26 26 23 25 23 23 25 22 22 23 23 23 23 23 21 22 23 27 26 23 21 23 25 30 35 50 30 21 16 16 16 15 15 13 13 12 12 11 11 11 11 11 11 11 11 11 11 10 10 9 9 9 9 9 9 9 9
-9999 -9999 -9999 -9999 -9999 -9999 -9999 -9999 -9999 -9999 -9999 -9999 -9999 -9999 -9999 -9999 -9999 -9999 -9999 -9999 -9999 -9999 -9999 -9999 -9999 -9999 32 30 -9999 -9999 -9999 -9999 -9999 28 28 27 26 25 25 23 25 23 22 23 23 23 23 22 23 22 21 22 22 22 23 29 25 23 24 28 40 25 19 16 15 15 15 15 13 13 12 12 11 11 11 11 11 11 11 11 11 11 10 10 9 9 9 9 9 9 9 9
-9999 -9999 -9999 -9999 -9999 -9999 -9999 -9999 -9999 -9999 -9999 -9999 -9999 -9999 -9999 -9999 -9999 -9999 -9999 -9999 -9999 -9999 -9999 -9999 -9999 33 33 31 31 -9999 -9999 -9999 -9999 29 26 28 28 26 25 23 23 25 25 23 23 23 23 22 23 22 22 22 21 21 21 23 27 25 26 28 26 19 17 16 15 15 14 17 13 13 12 12 11 11 11 11 11 11 11 11 11 11 10 10 9 9 9 9 9 9 9 9
-9999 -9999 -9999 -9999 -9999 -9999 -9999 -9999 -9999 -9999 -9999 -9999 -9999 -9999 -9999 -9999 -9999 -9999 -9999 -9999 -9999 -9999 -9999 -9999 -9999 33 33 32 31 31 -9999 -9999 -9999 29 29 28 28 27 26 25 24 23 23 24 22 22 22 23 23 21 22 22 21 21 21 24 25 29 26 25 19 18 16 16 15 16 15 15 13 13 13 12 12 11 11 11 11 11 11 11 11 11 11 10 10 9 9 9 9 9 9 9
-9999 -9999 -9999 -9999 -9999 -9999 -9999 -9999 -9999 -9999 -9999 -9999 -9999 -9999 -9999 -9999 -9999 -9999 -9999 -9999 -9999 -9999 -9999 -9999 -9999 33 33 32 31 31 -9999 -9999 29 29 29 29 28 25 27 26 25 24 25 24 22 22 22 23 22 22 22 21 21 21 21 22 25 29 28 22 16 16 15 15 15 15 14 15 13 13 13 12 11 11 11 11 11 11 11 11 11 11 11 11 10 9 9 9 9 9 9 9
-9999 -9999 -9999 -9999 -9999 -9999 -9999 -9999 -9999 -9999 -9999 -9999 -9999 -9999 -9999 -9999 -9999 -9999 -9999 -9999 -9999 -9999 -9999 -9999 -9999 33 33 33 32 31 31 -9999 -9999 29 29 29 28 28 27 27 26 24 25 26 25 22 22 23 22 23 22 21 24 24 25 26 22 30 33 23 19 16 15 15 15 15 13 13 13 13 13 12 11 11 11 11 11 11 11 11 11 11 11 11 11 9 9 9 9 9 9 9
-9999 -9999 -9999 -9999 -9999 -9999 -9999 -9999 -9999 -9999 -9999 -9999 -9999 -9999 -9999 -9999 -9999 -9999 -9999 -9999 -9999 -9999 -9999 -9999 -9999 33 33 33 32 32 31 -9999 31 29 29 29 26 28 25 27 27 26 25 26 25 24 23 22 23 23 22 21 23 21 21 25 23 26 33 26 19 16 15 15 15 14 14 13 13 13 13 12 12 11 11 11 11 11 11 11 11 11 11 11 11 10 9 9 9 9 9 9
-9999 -9999 -9999 -9999 -9999 -9999 -9999 -9999 -9999 -9999 -9999 -9999 -9999 -9999 -9999 -9999 -9999 -9999 -9999 -9999 -9999 -9999 -9999 -9999 -9999 33 33 33 32 32 32 31 28 29 29 29 29 26 27 27 27 26 26 26 26 24 23 23 23 22 22 22 21 21 22 20 20 19 23 26 19 16 15 15 15 15 14 13 13 13 13 12 12 11 11 11 11 11 11 11 11 11 11 11 11 10 9 9 9 9 9 9
-9999 -9999 -9999 -9999 -9999 -9999 -9999 -9999 -9999 -9999 -9999 -9999 -9999 -9999 -9999 -9999 -9999 -9999 -9999 -9999 -9999 -9999 -9999 -9999 34 34 33 33 33 32 32 32 31 30 29 29 29 29 28 27 27 27 26 25 26 26 23 24 23 22 22 21 22 20 21 20 20 19 24 28 19 17 16 15 15 15 14 13 13 13 13 13 12 12 11 11 11 11 11 11 11 11 11 11 11 10 9 9 9 9 9 9
-9999 -9999 -9999 -9999 -9999 -9999 -9999 -9999 -9999 -9999 -9999 -9999 -9999 -9999 -9999 -9999 -9999 -9999 -9999 -9999 -9999 -9999 -9999 -9999 34 34 34 33 33 32 32 32 32 31 29 29 29 29 28 25 27 27 25 25 25 26 24 24 23 23 22 21 21 20 20 20 20 19 22 26 19 16 15 15 15 15 14 14 13 13 13 13 12 12 11 11 11 11 11 11 11 11 11 11 11 11 11 9 9 9 9 9
-9999 -9999 -9999 -9999 -9999 -9999 -9999 -9999 -9999 -9999 -9999 -9999 -9999 -9999 -9999 -9999 -9999 -9999 -9999 -9999 -9999 -9999 -9999 36 34 34 34 33 33 33 32 32 32 32 30 29 29 29 26 26 27 27 25 25 26 25 24 22 22 23 22 22 22 21 20 20 21 21 19 19 18 16 15 15 15 15 15 14 14 13 13 13 12 12 12 11 11 11 11 11 11 11 11 11 11 11 11 11 9 9 9 9
-9999 -9999 -9999 -9999 -9999 -9999 -9999 -9999 -9999 -9999 -9999 -9999 -9999 -9999 -9999 -9999 -9999 -9999 -9999 -9999 -9999 -9999 -9999 36 36 36 34 34 34 33 32 32 32 32 32 29 29 29 29 28 27 27 26 26 25 25 24 24 22 23 23 22 22 20 20 20 20 21 19 19 19 17 16 15 15 15 15 14 14 13 13 13 13 12 12 12 11 11 11 11 11 11 11 11 11 11 11 11 9 9 9 9
-9999 -9999 -9999 -9999 -9999 -9999 -9999 -9999 -9999 -9999 -9999 -9999 -9999 -9999 -9999 -9999 -9999 -9999 -9999 -9999 -9999 -9999 -9999 36 36 37 37 35 34 33 33 32 32 32 32 30 29 29 27 28 28 27 25 25 26 25 25 23 22 23 22 22 22 20 21 20 20 19 21 19 19 18 20 17 15 15 15 15 14 14 13 13 13 12 12 12 12 12 11 11 11 11 11 11 11 11 11 11 10 9 9 9
-9999 -9999 -9999 -9999 -9999 -9999 -9999 -9999 -9999 -9999 -9999 -9999 -9999 -9999 -9999 -9999 -9999 -9999 -9999 -9999 -9999 -9999 -9999 37 37 37 38 37 36 34 33 32 32 32 32 31 30 30 29 28 28 27 27 26 25 25 25 24 23 23 23 22 22 21 21 21 20 21 19 19 19 21 22 23 19 16 15 15 15 14 14 13 13 13 12 12 12 12 13 12 12 11 11 11 11 11 11 11 11 10 9 9
-9999 -9999 -9999 -9999 -9999 -9999 -9999 -9999 -9999 -9999 -9999 -9999 -9999 -9999 -9999 -9999 -9999 -9999 -9999 -9999 -9999 -9999 38 37 38 38 38 36 36 35 34 33 32 32 32 32 30 30 30 28 26 25 25 25 26 25 26 24 24 23 23 22 22 21 21 20 20 20 19 19 19 23 25 35 19 17 16 15 15 15 15 14 14 13 12 12 12 12 13 16 11 11 11 11 11 11 11 11 11 10 10 9
-9999 -9999 -9999 -9999 -9999 -9999 -9999 -9999 -9999 -9999 -9999 -9999 -9999 -9999 -9999 -9999 -9999 -9999 -9999 -9999 -9999 -9999 38 38 40 38 38 36 36 36 34 33 32 32 32 32 31 30 30 28 26 25 26 26 25 26 25 24 24 22 23 22 22 21 21 21 20 20 19 19 19 21 25 33 22 19 17 16 15 15 15 15 14 13 12 13 13 12 12 13 13 11 11 11 11 11 11 11 11 11 10 10
-9999 -9999 -9999 -9999 -9999 -9999 -9999 -9999 -9999 -9999 -9999 -9999 -9999 -9999 -9999 -9999 -9999 -9999 -9999 -9999 -9999 -9999 38 40 41 38 38 38 36 35 34 34 33 32 32 32 31 30 30 29 28 28 25 26 25 26 26 24 24 24 24 23 22 23 21 20 20 20 20 19 19 21 28 46 37 26 17 17 16 17 15 15 15 14 13 13 13 13 13 12 11 11 11 11 11 11 11 11 11 11 10 10
-9999 -9999 -9999 -9999 -9999 -9999 -9999 -9999 -9999 -9999 -9999 -9999 -9999 -9999 -9999 -9999 -9999 -9999 -9999 -9999 -9999 40 40 41 41 39 38 38 37 36 34 34 34 34 32 32 31 30 30 30 29 28 27 26 25 25 26 25 24 24 24 24 23 23 23 22 20 20 20 20 19 23 28 49 62 58 24 21 18 20 21 18 15 14 14 13 16 13 13 13 11 11 11 11 11 11 11 11 11 11 11 10
-9999 -9999 -9999 -9999 -9999 -9999 -9999 -9999 -9999 -9999 -9999 -9999 -9999 -9999 -9999 -9999 -9999 -9999 -9999 -9999 -9999 40 41 41 40 39 39 38 38 37 34 34 34 34 32 32 31 31 30 30 29 28 27 26 25 25 26 25 24 23 24 24 23 23 23 22 22 20 20 20 22 23 28 40 71 64 39 27 26 45 25 17 15 14 14 14 14 16 13 13 11 11 11 11 11 11 11 11 11 11 11 10
-9999 -9999 -9999 -9999 -9999 -9999 -9999 -9999 -9999 -9999 -9999 -9999 -9999 -9999 -9999 -9999 -9999 -9999 -9999 -9999 -9999 41 40 42 40 39 39 38 38 37 35 34 34 34 34 33 32 31 30 30 29 27 28 26 26 26 25 25 25 23 24 23 23 23 23 22 20 20 20 20 23 25 27 32 55 62 58 37 56 68 41 23 16 15 14 14 14 17 14 13 11 11 11 11 11 11 11 11 11 11 11 11
-9999 -9999 -9999 -9999 -9999 -9999 -9999 -9999 -9999 -9999 -9999 -9999 -9999 -9999 -9999 -9999 -9999 -9999 -9999 -9999 42 42 42 42 40 39 38 38 38 37 36 36 36 34 34 33 32 31 31 30 28 29 27 25 26 26 25 25 25 24 24 23 23 23 23 23 22 20 20 20 22 25 25 29 36 64 84 102 76 58 42 21 16 15 14 14 14 13 13 12 11 11 11 11 11 11 11 11 11 11 11 11
-9999 -9999 -9999 -9999 -9999 -9999 -9999 -9999 -9999 -9999 -9999 -9999 -9999 -9999 -9999 -9999 -9999 -9999 -9999 -9999 41 44 43 42 40 39 39 38 37 36 35 34 34 36 34 34 33 31 31 30 28 28 29 27 25 25 26 25 25 25 24 24 23 23 23 23 22 20 20 21 22 23 25 29 35 46 56 47 47 28 36 20 16 15 14 14 14 13 12 12 11 11 11 11 11 11 11 11 11 11 11 11
-9999 -9999 -9999 -9999 -9999 -9999 -9999 -9999 -9999 -9999 -9999 -9999 -9999 -9999 -9999 -9999 -9999 -9999 -9999 -9999 43 44 42 42 40 39 39 38 37 36 34 34 34 34 34 34 34 32 31 30 29 29 27 28 26 26 25 26 25 25 24 24 23 23 23 23 22 20 20 21 22 23 25 26 30 39 32 28 25 23 24 19 18 15 14 14 14 14 12 12 11 12 11 11 11 11 11 11 11 11 11 11
-9999 -9999 -9999 -9999 -9999 -9999 -9999 -9999 -9999 -9999 -9999 -9999 -9999 -9999 -9999 -9999 -9999 -9999 -9999 -9999 43 44 43 42 42 40 39 38 37 36 35 34 34 34 34 33 33 32 32 31 29 29 29 27 27 26 25 25 25 25 24 23 23 23 23 23 22 21 20 20 21 21 23 24 25 25 25 25 23 19 19 16 15 15 14 14 14 14 13 13 13 13 12 11 11 11 11 11 11 11 11 11
-9999 -9999 -9999 -9999 -9999 -9999 -9999 -9999 -9999 -9999 -9999 -9999 -9999 -9999 -9999 -9999 -9999 -9999 -9999 -9999 43 44 43 42 42 41 39 39 37 37 35 34 34 34 34 33 33 32 32 30 31 29 28 28 28 26 26 25 25 25 25 24 23 23 23 23 22 22 20 21 21 21 20 22 21 22 21 21 20 17 17 15 15 15 14 14 14 16 14 13 13 13 13 11 11 11 11 11 11 11 11 11
-9999 -9999 -9999 -9999 -9999 -9999 -9999 -9999 -9999 -9999 -9999 -9999 -9999 -9999 -9999 -9999 -9999 -9999 -9999 44 44 45 43 42 42 41 39 39 37 37 37 35 34 34 34 34 32 32 32 32 31 29 29 28 28 27 25 25 25 25 25 23 23 23 23 23 22 23 21 21 21 21 22 20 20 19 19 19 17 17 17 15 17 16 15 14 15 16 14 14 13 14 13 11 11 11 11 11 11 11 11 11
-9999 -9999 -9999 -9999 -9999 -9999 -9999 -9999 -9999 -9999 -9999 -9999 -9999 -9999 -9999 -9999 -9999 -9999 -9999 45 45 47 43 42 42 41 40 39 38 37 37 36 34 34 34 33 32 32 32 31 32 31 29 28 27 28 26 27 25 25 25 23 23 23 23 23 22 23 22 21 21 20 19 19 19 19 19 19 23 25 22 17 16 17 15 15 15 14 14 14 14 13 13 11 11 11 11 11 11 11 11 11
-9999 -9999 -9999 -9999 -9999 -9999 -9999 -9999 -9999 -9999 -9999 -9999 -9999 -9999 -9999 -9999 -9999 -9999 -9999 46 45 45 45 42 42 42 40 40 38 37 37 36 36 34 34 34 32 32 31 31 33 31 29 28 27 27 26 26 25 25 25 24 23 23 23 23 22 23 22 21 21 21 19 19 19 19 19 19 21 25 22 17 16 16 15 15 14 14 14 14 14 13 13 13 13 11 11 11 11 11 11 11
