invasiveSpecies/singleSpecies/data/worldclim_KE/worldclim_KE_2050_BC85_Bio8.asc
ncols         347
nrows         295
xllcorner     36.068012264173
yllcorner     0.13039239511974
cellsize      0.0083333333333333
NODATA_value  -9999
[rows 37 to 73 of 295, columns 168 to 251 of 347]
-9999 -9999 -9999 -9999 -9999 -9999 -9999 -9999 -9999 -9999 -9999 -9999 -9999 -9999 -9999 -9999 -9999 -9999 -9999 -9999 -9999 -9999 -9999 -9999 -9999 -9999 -9999 -9999 -9999 -9999 -9999 -9999 -9999 -9999 -9999 -9999 262 261 260 258 258 258 264 271 253 253 251 250 247 244 242 238 -9999 -9999 -9999 -9999 -9999 -9999 -9999 -9999 -9999 -9999 -9999 -9999 -9999 -9999 -9999 -9999 249 252 253 255 258 259 262 264 266 266 269 270 272 273 274 274
-9999 -9999 -9999 -9999 -9999 -9999 -9999 -9999 -9999 -9999 -9999 -9999 -9999 -9999 -9999 -9999 -9999 -9999 -9999 -9999 -9999 -9999 -9999 -9999 -9999 -9999 -9999 -9999 -9999 -9999 -9999 -9999 -9999 -9999 -9999 -9999 262 260 260 258 257 257 255 260 252 251 248 247 245 243 242 240 236 -9999 -9999 -9999 -9999 -9999 -9999 -9999 -9999 -9999 -9999 -9999 -9999 -9999 -9999 249 251 253 255 257 259 262 264 267 267 268 271 271 272 273 274 275
-9999 -9999 -9999 -9999 -9999 -9999 -9999 -9999 -9999 -9999 -9999 -9999 -9999 -9999 -9999 -9999 -9999 -9999 -9999 -9999 -9999 -9999 -9999 -9999 -9999 -9999 -9999 -9999 -9999 -9999 -9999 -9999 -9999 -9999 -9999 262 261 260 259 258 257 257 256 253 251 248 248 247 243 241 241 240 232 230 227 -9999 -9999 -9999 -9999 -9999 -9999 -9999 -9999 -9999 -9999 -9999 -9999 250 253 255 256 257 260 263 266 267 269 270 271 272 273 274 275 276
-9999 -9999 -9999 -9999 -9999 -9999 -9999 -9999 -9999 -9999 -9999 -9999 -9999 -9999 -9999 -9999 -9999 -9999 -9999 -9999 -9999 -9999 -9999 -9999 -9999 -9999 -9999 -9999 -9999 -9999 -9999 -9999 -9999 -9999 -9999 -9999 262 260 259 258 257 256 255 254 250 248 247 246 241 241 239 236 233 231 228 228 228 -9999 -9999 -9999 -9999 -9999 -9999 -9999 -9999 251 251 251 252 256 257 257 259 265 267 268 269 271 272 273 273 274 275 276
-9999 -9999 -9999 -9999 -9999 -9999 -9999 -9999 -9999 -9999 -9999 -9999 -9999 -9999 -9999 -9999 -9999 -9999 -9999 -9999 -9999 -9999 -9999 -9999 -9999 -9999 -9999 -9999 -9999 -9999 -9999 -9999 -9999 -9999 -9999 -9999 262 260 259 258 256 256 255 252 249 248 247 246 245 241 240 239 234 233 235 236 234 -9999 -9999 -9999 -9999 -9999 -9999 -9999 251 252 253 254 254 256 259 260 265 267 269 270 271 272 273 273 274 275 276 277
-9999 -9999 -9999 -9999 -9999 -9999 -9999 -9999 -9999 -9999 -9999 -9999 -9999 -9999 -9999 -9999 -9999 -9999 -9999 -9999 -9999 -9999 -9999 -9999 -9999 -9999 -9999 -9999 -9999 -9999 -9999 -9999 -9999 -9999 -9999 -9999 262 261 259 258 256 255 254 251 251 248 247 246 246 243 241 240 240 239 240 239 238 -9999 -9999 -9999 -9999 -9999 -9999 -9999 253 253 253 256 256 259 261 264 267 269 270 270 272 272 273 274 275 276 278 278
-9999 -9999 -9999 -9999 -9999 -9999 -9999 -9999 -9999 -9999 -9999 -9999 -9999 -9999 -9999 -9999 -9999 -9999 -9999 -9999 -9999 -9999 -9999 -9999 -9999 -9999 -9999 -9999 -9999 -9999 -9999 -9999 -9999 -9999 -9999 -9999 262 260 259 256 255 255 253 252 251 249 248 246 247 242 241 241 241 240 241 242 243 -9999 -9999 -9999 -9999 -9999 252 253 255 256 254 257 260 262 264 266 268 269 271 271 272 273 274 276 277 278 279 279
-9999 -9999 -9999 -9999 -9999 -9999 -9999 -9999 -9999 -9999 -9999 -9999 -9999 -9999 -9999 -9999 -9999 -9999 -9999 -9999 -9999 -9999 -9999 -9999 -9999 -9999 -9999 -9999 -9999 -9999 -9999 -9999 -9999 -9999 -9999 -9999 261 260 259 257 255 254 253 253 252 251 250 247 248 244 245 245 241 245 242 243 244 248 249 249 250 252 254 256 256 257 257 258 262 263 266 268 269 269 271 272 273 273 275 277 278 279 279 280
-9999 -9999 -9999 -9999 -9999 -9999 -9999 -9999 -9999 -9999 -9999 -9999 -9999 -9999 -9999 -9999 -9999 -9999 -9999 -9999 -9999 -9999 -9999 -9999 -9999 -9999 -9999 -9999 -9999 -9999 -9999 -9999 -9999 -9999 -9999 -9999 262 260 259 258 256 254 254 253 252 251 250 250 249 246 246 246 246 246 249 262 250 249 250 252 253 253 256 257 258 260 260 261 263 264 266 268 270 271 271 272 273 273 275 277 278 278 280 281
-9999 -9999 -9999 -9999 -9999 -9999 -9999 -9999 -9999 -9999 -9999 -9999 -9999 -9999 -9999 -9999 -9999 -9999 -9999 -9999 -9999 -9999 -9999 -9999 -9999 -9999 -9999 -9999 -9999 -9999 -9999 -9999 -9999 -9999 -9999 263 262 261 259 258 257 255 254 253 251 251 250 250 250 248 247 247 247 248 261 262 254 251 252 254 255 255 258 259 260 262 262 262 265 266 267 269 270 273 271 272 274 274 276 276 278 280 280 282
-9999 -9999 -9999 -9999 -9999 -9999 -9999 -9999 -9999 -9999 -9999 -9999 -9999 -9999 -9999 -9999 -9999 -9999 -9999 -9999 -9999 -9999 -9999 -9999 -9999 -9999 -9999 -9999 -9999 -9999 -9999 -9999 -9999 -9999 -9999 264 263 262 260 259 257 255 254 253 252 251 251 250 250 248 247 247 248 250 252 253 252 254 254 256 258 259 260 262 263 263 264 264 266 268 269 270 272 273 275 275 275 276 277 279 280 281 281 282
-9999 -9999 -9999 -9999 -9999 -9999 -9999 -9999 -9999 -9999 -9999 -9999 -9999 -9999 -9999 -9999 -9999 -9999 -9999 -9999 -9999 -9999 -9999 -9999 -9999 -9999 -9999 -9999 -9999 -9999 -9999 -9999 -9999 -9999 -9999 265 273 273 260 259 257 256 255 254 253 252 250 251 251 250 249 250 251 252 253 253 254 256 257 258 257 260 262 264 264 264 265 266 268 269 270 272 273 274 275 276 276 277 278 280 280 281 282 283
-9999 -9999 -9999 -9999 -9999 -9999 -9999 -9999 -9999 -9999 -9999 -9999 -9999 -9999 -9999 -9999 -9999 -9999 -9999 -9999 -9999 -9999 -9999 -9999 -9999 -9999 -9999 -9999 -9999 -9999 -9999 -9999 -9999 -9999 -9999 265 268 265 260 259 258 257 255 254 253 253 252 252 251 251 252 252 253 253 254 254 256 257 258 259 259 260 263 265 265 267 268 269 270 270 272 272 274 275 275 277 278 279 279 280 281 281 282 283
-9999 -9999 -9999 -9999 -9999 -9999 -9999 -9999 -9999 -9999 -9999 -9999 -9999 -9999 -9999 -9999 -9999 -9999 -9999 -9999 -9999 -9999 -9999 -9999 -9999 -9999 -9999 -9999 -9999 -9999 -9999 -9999 -9999 -9999 -9999 265 263 262 261 259 258 257 256 255 253 253 251 251 251 253 252 255 255 256 256 258 258 259 259 260 261 261 263 266 268 272 269 271 272 271 272 273 274 276 276 277 279 280 280 281 282 282 283 283
-9999 -9999 -9999 -9999 -9999 -9999 -9999 -9999 -9999 -9999 -9999 -9999 -9999 -9999 -9999 -9999 -9999 -9999 -9999 -9999 -9999 -9999 -9999 -9999 -9999 -9999 -9999 -9999 -9999 -9999 -9999 -9999 -9999 -9999 -9999 265 264 263 261 260 259 259 257 256 255 255 253 253 254 254 256 257 257 258 257 258 259 260 261 263 263 265 265 267 268 273 270 271 272 272 273 274 275 276 278 279 278 280 281 282 283 284 284 284
-9999 -9999 -9999 -9999 -9999 -9999 -9999 -9999 -9999 -9999 -9999 -9999 -9999 -9999 -9999 -9999 -9999 -9999 -9999 -9999 -9999 -9999 -9999 -9999 -9999 -9999 -9999 -9999 -9999 -9999 -9999 -9999 -9999 -9999 -9999 265 264 263 261 261 260 259 259 258 257 255 254 255 255 256 258 259 258 259 258 260 261 261 263 263 265 266 267 267 268 272 271 272 273 274 274 275 275 277 278 279 280 281 281 282 284 285 285 285
-9999 -9999 -9999 -9999 -9999 -9999 -9999 -9999 -9999 -9999 -9999 -9999 -9999 -9999 -9999 -9999 -9999 -9999 -9999 -9999 -9999 -9999 -9999 -9999 -9999 -9999 -9999 -9999 -9999 -9999 -9999 -9999 -9999 -9999 -9999 265 264 263 262 261 261 260 260 259 258 257 255 257 257 258 259 260 260 260 260 261 262 263 264 265 268 268 270 269 270 271 274 273 274 274 275 275 276 276 279 280 281 283 283 283 284 285 286 286
-9999 -9999 -9999 -9999 -9999 -9999 -9999 -9999 -9999 -9999 -9999 -9999 -9999 -9999 -9999 -9999 -9999 -9999 -9999 -9999 -9999 -9999 -9999 -9999 -9999 -9999 -9999 -9999 -9999 -9999 -9999 -9999 -9999 -9999 -9999 265 265 264 262 262 262 262 261 260 258 258 258 259 259 260 261 262 262 263 263 263 263 264 265 266 268 268 271 271 270 272 273 274 275 275 276 276 276 277 279 281 282 284 285 284 285 286 286 287
-9999 -9999 -9999 -9999 -9999 -9999 -9999 -9999 -9999 -9999 -9999 -9999 -9999 -9999 -9999 -9999 -9999 -9999 -9999 -9999 -9999 -9999 -9999 -9999 -9999 -9999 -9999 -9999 -9999 -9999 -9999 -9999 -9999 -9999 -9999 265 266 264 263 263 262 262 262 261 260 260 260 261 261 261 262 263 264 265 264 265 265 264 266 268 269 270 271 272 272 273 274 275 275 277 277 277 277 278 279 281 281 282 283 286 286 287 287 287
-9999 -9999 -9999 -9999 -9999 -9999 -9999 -9999 -9999 -9999 -9999 -9999 -9999 -9999 -9999 -9999 -9999 -9999 -9999 -9999 -9999 -9999 -9999 -9999 -9999 -9999 -9999 -9999 -9999 -9999 -9999 -9999 -9999 -9999 -9999 265 266 265 265 264 263 263 262 262 261 262 261 262 263 263 264 264 265 266 265 266 267 267 267 270 270 272 278 273 273 273 275 276 276 282 278 278 278 279 281 282 282 282 282 285 287 287 287 288
-9999 -9999 -9999 -9999 -9999 -9999 -9999 -9999 -9999 -9999 -9999 -9999 -9999 -9999 -9999 -9999 -9999 -9999 -9999 -9999 -9999 -9999 -9999 -9999 -9999 -9999 -9999 -9999 -9999 -9999 -9999 -9999 -9999 -9999 267 267 267 266 265 265 264 264 263 263 262 262 262 263 263 264 264 265 265 266 269 268 268 268 269 270 271 271 272 273 274 275 275 278 280 279 284 282 280 281 282 283 284 284 284 286 287 288 288 288
-9999 -9999 -9999 -9999 -9999 -9999 -9999 -9999 -9999 -9999 -9999 -9999 -9999 -9999 -9999 -9999 -9999 -9999 -9999 -9999 -9999 -9999 -9999 -9999 -9999 -9999 -9999 -9999 -9999 -9999 -9999 -9999 -9999 -9999 268 269 268 267 266 265 265 265 264 264 263 264 265 265 265 265 264 265 266 268 268 271 270 270 270 271 270 272 272 273 274 274 281 277 284 280 283 284 283 281 282 283 285 285 286 286 287 287 288 289
-9999 -9999 -9999 -9999 -9999 -9999 -9999 -9999 -9999 -9999 -9999 -9999 -9999 -9999 -9999 -9999 -9999 -9999 -9999 -9999 -9999 -9999 -9999 -9999 -9999 -9999 -9999 -9999 -9999 -9999 -9999 -9999 -9999 -9999 271 270 269 268 268 266 266 265 265 265 266 266 266 266 265 265 265 266 267 270 271 271 271 271 271 272 272 273 273 274 274 276 279 285 286 285 286 285 282 283 283 284 285 286 286 287 287 287 288 289
-9999 -9999 -9999 -9999 -9999 -9999 -9999 -9999 -9999 -9999 -9999 -9999 -9999 -9999 -9999 -9999 -9999 -9999 -9999 -9999 -9999 -9999 -9999 -9999 -9999 -9999 -9999 -9999 -9999 -9999 -9999 -9999 -9999 -9999 272 271 270 269 269 269 267 266 267 266 267 267 268 268 267 267 268 268 268 270 271 273 272 273 273 272 272 272 273 275 274 275 277 284 285 286 286 286 285 284 286 284 285 286 287 287 287 288 288 288
-9999 -9999 -9999 -9999 -9999 -9999 -9999 -9999 -9999 -9999 -9999 -9999 -9999 -9999 -9999 -9999 -9999 -9999 -9999 -9999 -9999 -9999 -9999 -9999 -9999 -9999 -9999 -9999 -9999 -9999 -9999 -9999 -9999 272 273 272 272 270 270 269 268 267 267 268 267 268 268 269 269 269 270 269 270 271 273 272 273 276 274 273 273 274 275 275 279 276 283 285 286 287 287 287 287 283 286 287 286 286 287 288 289 289 289 289
-9999 -9999 -9999 -9999 -9999 -9999 -9999 -9999 -9999 -9999 -9999 -9999 -9999 -9999 -9999 -9999 -9999 -9999 -9999 -9999 -9999 -9999 -9999 -9999 -9999 -9999 -9999 -9999 -9999 -9999 -9999 -9999 -9999 274 274 273 273 272 272 270 269 269 269 269 269 269 270 271 270 270 271 271 270 273 274 275 275 277 277 274 274 275 275 275 283 285 285 286 287 287 287 287 288 288 287 287 287 287 287 288 289 289 290 290
-9999 -9999 -9999 -9999 -9999 -9999 -9999 -9999 -9999 -9999 -9999 -9999 -9999 -9999 -9999 -9999 -9999 -9999 -9999 -9999 -9999 -9999 -9999 -9999 -9999 -9999 -9999 -9999 -9999 -9999 -9999 -9999 -9999 275 274 274 274 273 274 272 271 270 271 270 270 270 271 273 273 272 272 273 272 277 276 276 277 277 280 276 277 282 283 287 287 287 287 287 287 288 288 288 288 288 287 287 287 287 288 288 289 290 290 290
-9999 -9999 -9999 -9999 -9999 -9999 -9999 -9999 -9999 -9999 -9999 -9999 -9999 -9999 -9999 -9999 -9999 -9999 -9999 -9999 -9999 -9999 -9999 -9999 -9999 -9999 -9999 -9999 -9999 -9999 -9999 -9999 -9999 276 276 275 275 274 275 274 273 273 273 271 272 272 273 274 274 274 274 275 275 278 278 277 278 277 278 277 282 285 286 287 288 288 288 288 288 288 288 288 288 288 288 286 286 286 287 288 289 289 290 291
-9999 -9999 -9999 -9999 -9999 -9999 -9999 -9999 -9999 -9999 -9999 -9999 -9999 -9999 -9999 -9999 -9999 -9999 -9999 -9999 -9999 -9999 -9999 -9999 -9999 -9999 -9999 -9999 -9999 -9999 -9999 -9999 -9999 277 277 276 276 277 277 276 274 274 274 274 274 275 275 274 275 275 275 279 276 276 277 278 280 279 280 283 286 286 287 287 288 288 288 288 288 288 288 288 288 288 288 284 285 285 287 288 289 290 290 290
-9999 -9999 -9999 -9999 -9999 -9999 -9999 -9999 -9999 -9999 -9999 -9999 -9999 -9999 -9999 -9999 -9999 -9999 -9999 -9999 -9999 -9999 -9999 -9999 -9999 -9999 -9999 -9999 -9999 -9999 -9999 -9999 -9999 277 278 278 277 278 278 277 276 275 275 275 276 276 277 277 277 276 277 280 278 279 279 279 281 280 282 283 286 286 287 288 288 288 288 288 288 288 288 289 288 288 288 283 284 285 287 288 289 290 291 291
-9999 -9999 -9999 -9999 -9999 -9999 -9999 -9999 -9999 -9999 -9999 -9999 -9999 -9999 -9999 -9999 -9999 -9999 -9999 -9999 -9999 -9999 -9999 -9999 -9999 -9999 -9999 -9999 -9999 -9999 -9999 -9999 278 278 279 279 279 278 279 279 278 278 278 277 278 278 279 279 279 278 279 280 280 280 280 281 282 281 283 285 286 287 287 287 288 288 288 288 288 288 289 289 288 288 286 281 282 285 287 289 289 290 291 291
-9999 -9999 -9999 -9999 -9999 -9999 -9999 -9999 -9999 -9999 -9999 -9999 -9999 -9999 -9999 -9999 -9999 -9999 -9999 -9999 -9999 -9999 -9999 -9999 -9999 -9999 -9999 -9999 -9999 -9999 -9999 -9999 279 279 279 279 280 280 280 279 279 280 279 280 280 280 280 280 279 280 280 281 282 281 281 283 282 282 284 286 287 287 288 288 288 288 288 288 288 288 288 289 289 289 286 280 281 284 286 288 289 290 291 291
-9999 -9999 -9999 -9999 -9999 -9999 -9999 -9999 -9999 -9999 -9999 -9999 -9999 -9999 -9999 -9999 -9999 -9999 -9999 -9999 -9999 -9999 -9999 -9999 -9999 -9999 -9999 -9999 -9999 -9999 -9999 -9999 279 280 280 279 280 280 280 280 280 280 281 281 281 281 281 281 282 282 282 282 283 283 283 283 282 283 285 286 287 287 288 288 288 288 288 288 288 288 288 289 289 289 288 280 283 284 287 288 289 290 291 291
-9999 -9999 -9999 -9999 -9999 -9999 -9999 -9999 -9999 -9999 -9999 -9999 -9999 -9999 -9999 -9999 -9999 -9999 -9999 -9999 -9999 -9999 -9999 -9999 -9999 -9999 -9999 -9999 -9999 -9999 -9999 279 280 280 280 280 280 281 281 280 280 281 281 281 282 282 282 282 283 284 283 284 283 284 284 284 284 285 285 286 287 288 288 289 288 289 288 289 289 289 289 289 289 289 285 281 285 286 287 289 289 290 291 291
-9999 -9999 -9999 -9999 -9999 -9999 -9999 -9999 -9999 -9999 -9999 -9999 -9999 -9999 -9999 -9999 -9999 -9999 -9999 -9999 -9999 -9999 -9999 -9999 -9999 -9999 -9999 -9999 -9999 -9999 -9999 280 280 280 280 281 281 282 281 281 281 281 282 282 283 283 283 284 284 285 285 285 285 285 286 285 285 285 286 286 287 287 288 288 289 289 289 289 289 289 289 289 289 289 280 282 285 286 288 288 290 290 291 291
-9999 -9999 -9999 -9999 -9999 -9999 -9999 -9999 -9999 -9999 -9999 -9999 -9999 -9999 -9999 -9999 -9999 -9999 -9999 -9999 -9999 -9999 -9999 -9999 -9999 -9999 -9999 -9999 -9999 -9999 281 281 280 280 281 281 281 282 282 282 282 282 282 284 284 284 285 285 285 286 286 287 287 287 286 286 286 286 286 286 287 288 288 288 289 289 289 289 289 289 289 289 289 280 280 284 285 286 288 289 290 291 291 291
-9999 -9999 -9999 -9999 -9999 -9999 -9999 -9999 -9999 -9999 -9999 -9999 -9999 -9999 -9999 -9999 -9999 -9999 -9999 -9999 -9999 -9999 -9999 -9999 -9999 -9999 -9999 -9999 -9999 -9999 281 282 282 282 281 282 282 283 283 283 283 283 283 284 284 284 285 286 287 287 287 287 287 287 287 287 286 286 287 287 287 288 288 288 289 289 289 289 289 289 289 289 289 289 287 286 285 286 287 289 290 291 291 291
