invasiveSpecies/singleSpecies/data/worldclim_KE/worldclim_KE_2050_BC26_Bio13.asc
ncols         347
nrows         295
xllcorner     36.068012264173
yllcorner     0.13039239511974
cellsize      0.0083333333333333
NODATA_value  -9999
[rows 74 to 110 of 295, columns 168 to 251 of 347]
-9999 -9999 -9999 -9999 -9999 -9999 -9999 -9999 -9999 -9999 -9999 -9999 -9999 -9999 -9999 -9999 -9999 -9999 -9999 -9999 -9999 -9999 -9999 -9999 -9999 -9999 -9999 -9999 -9999 -9999 118 118 119 119 119 119 119 119 119 118 118 119 119 119 118 118 118 116 116 116 116 116 116 117 117 117 117 117 117 117 117 117 117 117 116 116 116 116 116 116 116 116 117 117 117 117 117 117 116 116 117 117 116 116
-9999 -9999 -9999 -9999 -9999 -9999 -9999 -9999 -9999 -9999 -9999 -9999 -9999 -9999 -9999 -9999 -9999 -9999 -9999 -9999 -9999 -9999 -9999 -9999 -9999 -9999 -9999 -9999 -9999 117 118 118 118 117 118 119 118 118 118 117 117 118 119 118 117 118 116 115 116 116 116 116 116 116 116 117 117 117 117 117 117 117 117 117 116 116 116 116 116 116 116 116 116 117 116 116 117 117 116 116 116 117 117 116
-9999 -9999 -9999 -9999 -9999 -9999 -9999 -9999 -9999 -9999 -9999 -9999 -9999 -9999 -9999 -9999 -9999 -9999 -9999 -9999 -9999 -9999 -9999 -9999 -9999 -9999 -9999 -9999 -9999 118 117 117 117 117 118 118 118 117 117 116 116 117 118 116 116 115 115 115 116 116 116 116 116 116 116 116 117 117 117 117 117 117 117 117 116 116 116 116 116 116 116 116 116 116 116 116 116 116 116 116 116 116 116 117
-9999 -9999 -9999 -9999 -9999 -9999 -9999 -9999 -9999 -9999 -9999 -9999 -9999 -9999 -9999 -9999 -9999 -9999 -9999 -9999 -9999 -9999 -9999 -9999 -9999 -9999 -9999 -9999 -9999 121 119 117 116 116 116 116 117 117 116 116 116 116 115 115 115 115 115 115 116 116 116 116 116 116 116 116 116 116 116 117 117 117 117 117 116 116 116 116 116 116 116 116 116 116 116 116 116 116 116 116 116 116 116 116
-9999 -9999 -9999 -9999 -9999 -9999 -9999 -9999 -9999 -9999 -9999 -9999 -9999 -9999 -9999 -9999 -9999 -9999 -9999 -9999 -9999 -9999 -9999 -9999 -9999 -9999 -9999 -9999 121 121 119 117 116 115 115 116 115 116 115 115 115 115 115 115 115 115 115 115 115 116 116 116 116 116 116 116 116 116 116 116 117 116 117 117 116 116 116 116 116 116 116 116 116 116 116 116 116 116 116 116 116 116 116 116
-9999 -9999 -9999 -9999 -9999 -9999 -9999 -9999 -9999 -9999 -9999 -9999 -9999 -9999 -9999 -9999 -9999 -9999 -9999 -9999 -9999 -9999 -9999 -9999 -9999 -9999 -9999 -9999 121 121 118 116 115 115 114 114 114 114 115 115 115 115 115 115 115 115 115 115 115 115 116 116 116 116 116 116 116 116 116 116 116 116 116 117 116 116 116 116 116 116 116 116 116 116 116 116 116 116 116 116 116 116 116 116
-9999 -9999 -9999 -9999 -9999 -9999 -9999 -9999 -9999 -9999 -9999 -9999 -9999 -9999 -9999 -9999 -9999 -9999 -9999 -9999 -9999 -9999 -9999 -9999 -9999 -9999 -9999 120 120 118 115 114 114 114 114 114 114 114 114 114 115 115 115 115 115 115 115 115 115 115 115 116 116 116 116 116 116 116 116 116 116 116 116 116 116 116 116 116 116 116 116 116 116 116 116 116 116 116 116 116 116 116 116 116
-9999 -9999 -9999 -9999 -9999 -9999 -9999 -9999 -9999 -9999 -9999 -9999 -9999 -9999 -9999 -9999 -9999 -9999 -9999 -9999 -9999 -9999 -9999 -9999 -9999 -9999 -9999 118 118 118 114 114 114 114 114 114 114 114 114 114 115 114 114 115 115 115 115 115 115 115 115 116 116 116 116 116 116 116 116 116 116 116 116 116 116 116 116 117 117 117 117 117 116 117 117 117 117 117 117 117 117 117 117 117
-9999 -9999 -9999 -9999 -9999 -9999 -9999 -9999 -9999 -9999 -9999 -9999 -9999 -9999 -9999 -9999 -9999 -9999 -9999 -9999 -9999 -9999 -9999 -9999 -9999 -9999 -9999 113 113 113 113 113 113 113 114 114 114 114 114 114 114 114 115 115 115 115 115 115 115 115 115 116 116 116 116 116 116 116 116 116 116 116 116 116 116 116 116 117 116 116 116 117 117 117 116 116 116 117 116 116 116 117 117 117
-9999 -9999 -9999 -9999 -9999 -9999 -9999 -9999 -9999 -9999 -9999 -9999 -9999 -9999 -9999 -9999 -9999 -9999 -9999 -9999 -9999 -9999 -9999 -9999 -9999 -9999 112 112 113 113 113 113 113 114 114 114 114 114 114 114 114 114 115 115 115 115 115 115 115 115 115 115 116 116 116 116 116 116 116 116 116 116 116 116 116 116 116 116 116 116 116 116 116 116 116 116 116 116 116 116 116 116 116 116
-9999 -9999 -9999 -9999 -9999 -9999 -9999 -9999 -9999 -9999 -9999 -9999 -9999 -9999 -9999 -9999 -9999 -9999 -9999 -9999 -9999 -9999 -9999 -9999 -9999 -9999 112 112 113 113 113 113 113 114 114 114 114 114 114 114 114 114 114 114 115 115 115 115 115 115 115 115 116 116 116 116 116 116 116 116 116 116 116 116 116 116 116 116 116 116 116 116 116 116 116 116 116 117 116 116 116 116 116 116
-9999 -9999 -9999 -9999 -9999 -9999 -9999 -9999 -9999 -9999 -9999 -9999 -9999 -9999 -9999 -9999 -9999 -9999 -9999 -9999 -9999 -9999 -9999 -9999 -9999 -9999 112 113 113 113 113 113 113 114 114 114 114 114 114 114 114 114 114 115 115 115 115 115 115 115 115 116 116 116 116 116 116 116 116 116 116 116 116 116 116 116 116 116 116 116 116 116 116 116 116 116 116 116 116 116 116 116 116 116
-9999 -9999 -9999 -9999 -9999 -9999 -9999 -9999 -9999 -9999 -9999 -9999 -9999 -9999 -9999 -9999 -9999 -9999 -9999 -9999 -9999 -9999 -9999 -9999 -9999 112 112 113 113 113 113 113 114 114 114 114 114 114 114 114 114 114 114 115 115 115 115 115 115 115 115 116 115 116 115 115 116 116 116 116 116 116 116 116 116 116 116 116 116 116 116 116 116 116 116 116 116 116 116 116 116 116 116 116
-9999 -9999 -9999 -9999 -9999 -9999 -9999 -9999 -9999 -9999 -9999 -9999 -9999 -9999 -9999 -9999 -9999 -9999 -9999 -9999 -9999 -9999 -9999 -9999 112 113 113 113 113 113 113 113 114 114 114 114 114 114 114 114 114 114 114 114 115 115 115 115 115 115 115 116 116 116 116 115 116 116 115 116 116 116 116 116 116 116 116 116 116 116 116 116 116 116 116 116 116 116 116 116 116 116 116 116
-9999 -9999 -9999 -9999 -9999 -9999 -9999 -9999 -9999 -9999 -9999 -9999 -9999 -9999 -9999 -9999 -9999 -9999 -9999 -9999 -9999 -9999 -9999 112 112 113 113 113 113 113 113 113 113 114 114 114 114 114 114 114 114 114 115 115 115 115 115 115 115 115 115 116 116 116 115 116 115 115 115 115 115 115 115 116 115 115 116 116 116 116 116 116 116 116 116 116 116 116 116 116 116 116 116 116
-9999 -9999 -9999 -9999 -9999 -9999 -9999 -9999 -9999 -9999 -9999 -9999 -9999 -9999 -9999 -9999 -9999 -9999 -9999 -9999 111 111 112 112 112 113 113 113 113 113 113 113 113 114 114 114 114 114 114 114 114 114 114 115 115 115 115 115 115 116 116 115 115 116 115 115 115 115 115 115 115 115 115 115 115 115 115 116 116 116 116 116 116 116 116 116 116 116 116 116 116 116 116 116
-9999 -9999 -9999 -9999 -9999 -9999 -9999 -9999 -9999 -9999 -9999 -9999 -9999 -9999 -9999 -9999 111 111 111 117 117 111 112 112 113 113 113 113 113 113 113 113 114 114 114 114 114 114 114 114 114 114 115 115 115 115 115 115 115 115 115 115 115 115 116 115 115 115 115 115 115 115 115 115 115 115 115 116 116 116 115 115 116 116 116 116 116 116 116 116 116 116 116 116
-9999 -9999 -9999 -9999 -9999 -9999 -9999 -9999 -9999 -9999 -9999 -9999 -9999 -9999 -9999 -9999 111 112 114 128 129 113 112 112 113 113 113 113 113 113 113 113 113 114 114 114 114 114 114 114 114 114 115 115 115 115 115 115 120 121 115 115 115 115 115 115 115 115 115 115 115 115 115 115 115 115 115 115 115 115 115 115 115 115 115 115 115 115 115 115 115 115 115 115
-9999 -9999 -9999 -9999 -9999 -9999 -9999 -9999 -9999 -9999 -9999 -9999 -9999 -9999 -9999 -9999 111 112 112 119 137 114 112 113 113 113 113 113 113 113 113 113 113 113 114 114 114 114 114 114 114 115 115 115 115 115 116 116 121 118 115 115 115 115 115 115 115 115 115 115 115 115 115 115 115 115 115 115 115 115 115 115 115 115 115 115 115 115 115 115 115 115 115 115
-9999 -9999 -9999 -9999 -9999 -9999 -9999 -9999 -9999 -9999 -9999 -9999 -9999 -9999 -9999 -9999 111 112 112 115 143 120 113 113 113 113 113 113 113 113 113 113 113 113 113 114 114 114 114 114 114 115 115 115 115 115 116 116 116 116 115 115 115 115 115 115 115 115 115 115 115 115 115 115 115 115 115 115 115 115 115 115 115 115 115 115 115 115 115 115 115 115 115 115
-9999 -9999 -9999 -9999 -9999 -9999 -9999 -9999 -9999 -9999 -9999 -9999 -9999 -9999 -9999 -9999 111 112 112 112 112 112 113 113 113 113 113 113 113 113 113 113 113 113 114 114 114 114 114 114 115 115 115 115 115 116 116 117 116 115 115 115 115 115 115 115 115 115 115 115 115 115 115 115 115 115 115 115 115 115 115 115 115 115 115 115 115 115 115 115 115 115 115 115
-9999 -9999 -9999 -9999 -9999 -9999 -9999 -9999 -9999 -9999 -9999 -9999 -9999 -9999 -9999 -9999 112 112 112 112 112 112 113 113 113 113 113 113 113 113 113 113 114 114 114 114 114 114 114 114 115 115 115 115 115 116 117 118 117 115 114 115 115 115 115 115 115 115 115 115 115 115 115 115 115 115 115 115 115 115 115 115 115 115 115 115 115 115 115 115 115 115 115 115
-9999 -9999 -9999 -9999 -9999 -9999 -9999 -9999 -9999 -9999 -9999 -9999 -9999 -9999 -9999 -9999 112 112 112 112 112 112 113 113 113 113 113 113 113 113 113 113 114 114 114 114 114 114 114 114 115 115 115 115 116 117 118 118 117 116 115 115 115 115 115 116 115 116 116 115 115 115 115 115 115 115 115 115 115 115 115 115 115 115 115 115 115 115 115 115 114 115 115 115
-9999 -9999 -9999 -9999 -9999 -9999 -9999 -9999 -9999 -9999 -9999 -9999 -9999 -9999 -9999 -9999 112 112 112 112 112 112 112 113 113 113 113 113 113 113 113 113 114 114 114 114 114 114 114 114 114 115 115 115 116 117 118 117 117 116 115 116 115 116 116 115 116 116 116 117 116 116 115 115 115 115 115 115 115 115 115 115 115 115 114 115 114 114 114 114 114 114 114 114
-9999 -9999 -9999 -9999 -9999 -9999 -9999 -9999 -9999 -9999 -9999 -9999 -9999 -9999 -9999 -9999 112 112 112 112 113 112 112 113 113 113 113 113 113 113 113 113 114 114 114 114 114 114 114 114 114 114 116 116 116 117 117 116 116 116 116 116 116 116 116 117 117 117 118 118 117 117 117 115 116 115 115 115 114 114 114 114 114 114 114 114 114 114 114 114 114 114 114 114
-9999 -9999 -9999 -9999 -9999 -9999 -9999 -9999 -9999 -9999 -9999 -9999 -9999 -9999 -9999 -9999 112 112 112 112 112 112 112 113 113 113 113 113 113 113 113 113 114 113 114 114 114 114 114 114 114 114 117 117 117 117 117 116 117 117 117 116 116 116 117 117 117 118 119 119 119 119 117 117 117 116 116 115 115 115 115 115 115 114 114 114 114 114 114 114 114 114 114 114
-9999 -9999 -9999 -9999 -9999 -9999 -9999 -9999 -9999 -9999 -9999 -9999 -9999 -9999 -9999 -9999 -9999 112 112 112 112 112 113 113 113 112 113 113 113 113 113 113 113 114 114 114 114 114 114 114 114 118 118 118 117 116 117 117 117 118 117 117 117 117 117 118 118 119 119 120 120 120 119 118 118 117 116 117 116 115 116 116 114 114 114 114 114 114 114 114 114 114 114 113
-9999 -9999 -9999 -9999 -9999 -9999 -9999 -9999 -9999 -9999 -9999 -9999 -9999 -9999 -9999 -9999 113 113 113 113 113 113 114 113 113 113 113 113 113 113 113 113 113 113 114 114 114 114 114 114 114 119 119 119 117 117 117 118 118 118 118 117 118 117 118 119 119 120 121 122 122 120 120 120 119 118 118 117 116 116 115 115 114 113 114 114 113 114 114 114 114 114 113 113
-9999 -9999 -9999 -9999 -9999 -9999 -9999 -9999 -9999 -9999 -9999 -9999 -9999 -9999 113 113 113 113 113 113 113 113 113 113 113 113 113 113 113 113 113 113 113 114 114 114 114 114 114 114 114 120 120 119 118 118 118 119 119 119 119 118 118 118 118 119 119 120 121 122 122 122 120 120 120 119 119 117 117 116 116 115 114 114 113 114 114 113 113 113 113 113 113 113
-9999 -9999 -9999 -9999 -9999 -9999 -9999 -9999 -9999 -9999 -9999 -9999 112 113 115 115 112 113 113 113 113 113 113 113 113 113 113 113 113 113 114 113 114 113 113 113 114 114 114 114 114 118 122 120 121 120 120 120 120 120 119 118 118 118 118 119 120 121 121 123 125 123 122 121 120 119 119 118 118 116 115 115 114 115 114 114 114 115 114 113 113 113 113 113
-9999 -9999 -9999 -9999 -9999 -9999 -9999 -9999 -9999 -9999 -9999 -9999 116 117 112 112 112 112 112 113 113 113 113 114 113 113 113 113 113 127 117 128 115 114 113 113 113 114 114 114 114 119 120 122 122 121 121 121 121 120 120 119 119 119 119 119 120 122 123 125 126 124 123 122 120 119 118 118 117 116 116 116 115 116 116 115 115 116 116 114 113 113 113 113
-9999 -9999 -9999 -9999 -9999 -9999 -9999 -9999 -9999 -9999 -9999 118 117 112 112 112 112 112 112 112 113 113 113 114 113 113 113 113 116 151 159 138 120 115 113 113 113 114 114 114 114 120 120 125 124 123 122 122 121 121 120 120 119 119 120 121 121 123 124 126 126 124 123 122 120 119 119 117 117 116 116 116 116 116 119 116 115 119 116 114 113 113 113 113
-9999 -9999 -9999 -9999 -9999 -9999 -9999 -9999 -9999 -9999 119 118 112 112 112 112 112 112 113 113 113 113 114 115 113 113 113 114 117 144 163 142 128 115 113 113 113 114 114 114 119 120 121 121 125 123 123 123 125 122 122 121 120 120 121 121 122 123 125 125 125 124 124 122 120 119 118 118 117 116 115 116 116 117 122 121 117 117 114 114 113 113 113 113
-9999 -9999 -9999 -9999 -9999 -9999 -9999 -9999 -9999 -9999 119 116 112 112 112 112 112 113 113 113 113 114 114 116 113 114 114 114 119 134 134 139 116 114 114 114 114 114 114 116 120 121 121 122 125 125 124 123 123 122 123 122 122 121 121 122 123 124 125 124 124 124 123 122 121 120 118 117 117 116 115 115 116 119 121 118 117 116 114 114 113 113 113 113
-9999 -9999 -9999 -9999 -9999 -9999 -9999 -9999 -9999 120 120 113 112 112 113 113 113 113 113 113 114 114 114 118 113 114 114 115 118 121 121 119 115 114 114 114 114 114 114 115 116 121 122 123 122 124 124 123 123 123 123 123 123 122 122 122 123 125 125 124 124 125 122 121 121 119 119 118 116 116 115 115 117 119 120 117 116 115 114 114 113 113 113 113
-9999 -9999 -9999 -9999 -9999 -9999 -9999 -9999 -9999 116 114 113 112 113 113 113 113 113 113 114 114 114 119 119 120 114 115 116 119 120 125 117 114 114 114 114 114 114 114 115 115 121 121 122 121 124 123 123 123 123 125 124 123 122 122 123 124 125 125 125 125 126 122 120 119 119 118 117 116 116 115 116 116 118 117 117 115 115 114 115 114 114 113 113
-9999 -9999 -9999 -9999 -9999 -9999 -9999 -9999 122 122 122 115 113 113 113 114 114 114 114 114 114 115 115 121 121 115 115 118 120 145 118 115 115 114 114 114 115 115 115 115 115 116 121 120 121 121 122 122 123 124 125 124 122 122 122 123 123 123 123 124 123 124 122 119 119 118 118 115 115 115 115 115 116 116 117 117 116 115 115 115 114 114 114 114
