invasiveSpecies/singleSpecies/data/worldclim_KE/worldclim_KE_2050_BC85_Bio18.asc
ncols         347
nrows         295
xllcorner     36.068012264173
yllcorner     0.13039239511974
cellsize      0.0083333333333333
NODATA_value  -9999
[rows 222 to 258 of 295, columns 168 to 251 of 347]
283 274 264 254 250 246 246 258 261 269 255 261 242 231 225 221 217 214 214 214 212 212 210 210 212 210 211 213 216 219 228 236 243 261 287 314 267 241 238 232 228 223 216 216 213 214 214 213 213 212 214 219 242 251 241 234 220 220 220 222 222 223 223 224 226 226 230 230 228 228 228 227 227 227 228 231 229 231 232 232 228 225 225 222
330 273 262 257 253 249 249 278 282 280 280 375 327 238 227 224 217 214 211 211 210 209 209 206 209 206 207 209 216 218 225 250 249 264 369 335 270 248 246 241 232 225 218 215 213 213 213 211 211 214 214 214 218 247 304 262 218 222 223 222 225 223 223 224 226 227 232 230 230 228 228 227 230 229 232 232 233 232 232 232 228 225 226 223
357 274 268 264 257 253 250 310 307 296 281 290 356 270 239 226 217 214 213 210 210 207 209 204 205 205 206 207 213 216 219 239 254 266 406 332 331 264 256 368 274 246 220 213 212 211 211 211 212 214 214 216 216 219 219 221 222 223 223 225 225 227 227 227 228 232 232 232 233 230 228 230 231 231 232 234 234 233 232 232 236 230 227 226
349 301 274 269 259 255 257 269 327 344 292 276 272 244 234 224 216 213 210 208 210 210 207 204 205 204 204 204 220 215 218 228 239 251 277 278 288 284 378 420 388 324 233 215 211 210 210 215 212 214 215 217 218 217 217 221 222 223 223 229 229 230 228 228 230 234 233 235 233 233 234 232 231 233 233 237 238 238 235 233 232 230 230 227
302 290 278 275 263 253 252 270 285 273 263 249 238 228 222 219 216 213 211 210 210 208 210 206 205 201 202 202 205 210 217 225 231 237 247 325 352 420 342 336 385 372 232 211 213 209 214 217 213 214 215 217 218 217 219 221 222 226 227 229 230 230 231 232 233 234 235 235 234 233 235 234 235 236 236 238 244 240 235 233 233 233 234 237
293 295 282 300 280 253 248 249 258 259 249 237 226 224 221 218 216 213 212 211 210 207 207 207 205 201 198 198 204 210 214 208 239 219 225 247 271 370 310 266 240 254 217 211 211 212 219 220 213 214 217 217 215 216 219 221 223 226 227 229 233 234 233 233 234 235 236 236 237 237 237 239 236 238 237 241 246 243 239 235 234 237 244 273
293 280 278 294 276 256 247 244 241 244 236 228 224 223 222 218 216 212 211 208 208 206 202 201 200 201 197 197 198 204 207 201 201 206 211 212 212 371 378 275 218 218 213 210 211 211 214 217 213 217 216 216 218 219 219 222 223 227 229 232 233 237 236 237 236 237 237 236 238 242 242 248 236 240 241 243 243 239 239 236 236 246 247 245
304 304 271 286 272 256 251 247 239 235 232 227 228 224 221 217 212 209 207 205 203 202 202 200 199 196 196 195 197 201 199 199 198 198 202 203 208 205 210 299 212 211 208 208 210 212 217 213 213 217 217 216 219 219 221 222 225 227 231 232 233 239 240 239 238 242 239 238 242 245 250 252 244 243 243 244 243 243 241 236 245 246 246 244
313 316 274 282 286 257 254 254 246 236 232 232 227 223 219 215 209 206 207 206 203 201 201 199 195 195 195 194 195 197 197 198 197 197 200 200 203 205 206 207 210 211 212 209 211 212 213 217 219 220 217 221 219 223 225 225 226 227 232 234 238 239 241 241 242 243 244 255 247 249 249 249 245 245 246 246 244 244 245 246 247 247 246 -9999
273 265 259 266 266 259 255 247 244 237 234 231 229 223 220 214 214 217 215 203 201 200 200 200 196 196 194 194 194 195 196 196 198 199 202 204 205 206 207 209 211 212 211 212 212 214 216 219 220 220 221 223 224 225 228 229 230 233 237 241 242 246 245 245 247 247 249 253 252 253 -9999 -9999 248 250 255 252 247 250 250 250 250 249 247 -9999
263 254 253 259 273 262 259 249 245 244 237 231 225 222 225 216 227 225 204 203 203 201 201 199 197 193 193 194 194 195 195 196 201 204 206 205 205 206 208 209 211 212 212 213 212 214 216 219 220 222 221 223 225 232 232 230 233 239 240 242 247 247 247 248 251 251 254 258 -9999 -9999 -9999 -9999 250 254 253 257 254 253 253 254 260 248 -9999 -9999
257 250 248 255 276 262 262 250 237 240 252 232 222 222 226 227 227 206 205 205 200 198 196 195 195 192 193 196 201 198 202 203 204 211 209 210 211 208 214 215 216 215 213 213 215 215 218 221 221 222 224 227 235 237 235 240 241 243 245 248 249 250 252 253 254 252 -9999 -9999 -9999 -9999 -9999 -9999 -9999 255 255 260 258 253 256 257 262 261 -9999 -9999
252 242 242 245 306 252 269 256 236 237 230 227 218 222 237 235 224 208 212 200 194 192 192 190 191 192 193 199 201 216 198 203 207 212 212 217 218 219 220 221 220 223 214 214 215 216 220 222 222 224 228 234 237 238 241 241 243 247 251 254 257 255 256 -9999 -9999 -9999 -9999 -9999 -9999 -9999 -9999 -9999 -9999 -9999 259 261 261 259 257 260 -9999 -9999 -9999 -9999
246 240 240 240 257 249 281 276 239 230 223 218 212 213 230 233 215 208 198 194 191 189 189 188 190 192 195 199 202 211 205 206 210 216 216 217 219 221 222 221 223 223 219 217 218 219 223 223 226 230 233 237 241 241 241 244 249 249 254 261 261 -9999 -9999 -9999 -9999 -9999 -9999 -9999 -9999 -9999 -9999 -9999 -9999 -9999 -9999 -9999 266 264 -9999 -9999 -9999 -9999 -9999 -9999
244 238 233 237 245 241 249 247 236 228 225 219 210 230 219 209 212 198 193 191 188 187 187 188 188 190 205 205 206 209 218 212 212 218 218 219 220 222 226 227 226 227 224 219 218 222 227 228 229 231 238 240 244 245 245 248 250 256 259 -9999 -9999 -9999 -9999 -9999 -9999 -9999 -9999 -9999 -9999 -9999 -9999 -9999 -9999 -9999 -9999 -9999 -9999 -9999 -9999 -9999 -9999 -9999 -9999 -9999
238 230 230 234 241 240 244 246 240 228 233 263 210 206 221 203 196 193 191 190 187 187 187 188 193 199 207 208 207 211 218 217 213 217 219 221 223 226 227 228 233 243 234 221 222 227 228 229 236 237 241 244 248 250 248 248 256 -9999 -9999 -9999 -9999 -9999 -9999 -9999 -9999 -9999 -9999 -9999 -9999 -9999 -9999 -9999 -9999 -9999 -9999 -9999 -9999 -9999 -9999 -9999 -9999 -9999 -9999 -9999
232 229 226 230 235 236 240 246 235 225 228 223 206 202 201 196 194 191 190 200 186 186 190 191 198 199 208 211 208 213 216 217 217 219 221 222 227 227 230 231 242 255 338 234 225 231 230 233 237 239 242 248 252 254 253 -9999 -9999 -9999 -9999 -9999 -9999 -9999 -9999 -9999 -9999 -9999 -9999 -9999 -9999 -9999 -9999 -9999 -9999 -9999 -9999 -9999 -9999 -9999 -9999 -9999 -9999 -9999 -9999 -9999
227 226 223 226 229 239 240 245 221 214 220 214 202 199 199 195 193 191 190 190 190 191 194 198 200 202 205 214 209 213 216 218 219 224 230 227 228 231 232 247 399 578 418 242 232 233 238 237 239 241 247 251 -9999 -9999 -9999 -9999 -9999 -9999 -9999 -9999 -9999 -9999 -9999 -9999 -9999 -9999 -9999 -9999 -9999 -9999 -9999 -9999 -9999 -9999 -9999 -9999 -9999 -9999 -9999 -9999 -9999 -9999 -9999 -9999
225 221 220 225 225 234 239 241 212 210 212 209 202 198 196 195 194 192 195 193 193 193 199 201 205 205 212 215 218 215 217 219 223 224 230 229 232 236 238 260 417 522 275 260 244 241 241 242 248 251 -9999 -9999 -9999 -9999 -9999 -9999 -9999 -9999 -9999 -9999 -9999 -9999 -9999 -9999 -9999 -9999 -9999 -9999 -9999 -9999 -9999 -9999 -9999 -9999 -9999 -9999 -9999 -9999 -9999 -9999 -9999 -9999 -9999 -9999
229 225 221 219 222 225 231 217 210 208 209 206 202 199 197 203 199 199 197 197 197 200 203 205 207 209 215 218 221 224 222 222 224 227 231 233 236 239 244 258 311 325 386 266 383 257 250 247 -9999 -9999 -9999 -9999 -9999 -9999 -9999 -9999 -9999 -9999 -9999 -9999 -9999 -9999 -9999 -9999 -9999 -9999 -9999 -9999 -9999 -9999 -9999 -9999 -9999 -9999 -9999 -9999 -9999 -9999 -9999 -9999 -9999 -9999 -9999 -9999
254 253 233 219 217 217 215 215 210 208 207 203 202 201 205 204 203 199 200 199 203 204 209 209 210 211 217 222 226 228 228 223 226 230 233 235 238 241 249 257 297 323 494 475 465 255 -9999 -9999 -9999 -9999 -9999 -9999 -9999 -9999 -9999 -9999 -9999 -9999 -9999 -9999 -9999 -9999 -9999 -9999 -9999 -9999 -9999 -9999 -9999 -9999 -9999 -9999 -9999 -9999 -9999 -9999 -9999 -9999 -9999 -9999 -9999 -9999 -9999 -9999
257 249 245 241 227 216 220 213 215 210 209 205 203 202 204 206 205 204 204 205 210 210 212 211 212 214 217 226 229 230 230 227 229 232 236 238 241 247 251 261 283 404 556 528 -9999 -9999 -9999 -9999 -9999 -9999 -9999 -9999 -9999 -9999 -9999 -9999 -9999 -9999 -9999 -9999 -9999 -9999 -9999 -9999 -9999 -9999 -9999 -9999 -9999 -9999 -9999 -9999 -9999 -9999 -9999 -9999 -9999 -9999 -9999 -9999 -9999 -9999 -9999 -9999
261 248 244 240 238 226 223 219 219 217 211 208 206 206 209 206 206 206 206 212 214 214 215 214 216 217 220 225 230 233 235 233 233 234 239 242 245 249 252 261 280 -9999 -9999 -9999 -9999 -9999 -9999 -9999 -9999 -9999 -9999 -9999 -9999 -9999 -9999 -9999 -9999 -9999 -9999 -9999 -9999 -9999 -9999 -9999 -9999 -9999 -9999 -9999 -9999 -9999 -9999 -9999 -9999 -9999 -9999 -9999 -9999 -9999 -9999 -9999 -9999 -9999 -9999 -9999
252 248 244 240 230 230 231 225 232 230 220 214 211 212 213 212 211 213 216 216 217 218 221 220 222 221 223 226 233 238 236 237 236 239 243 245 250 256 -9999 -9999 -9999 -9999 -9999 -9999 -9999 -9999 -9999 -9999 -9999 -9999 -9999 -9999 -9999 -9999 -9999 -9999 -9999 -9999 -9999 -9999 -9999 -9999 -9999 -9999 -9999 -9999 -9999 -9999 -9999 -9999 -9999 -9999 -9999 -9999 -9999 -9999 -9999 -9999 -9999 -9999 -9999 -9999 -9999 -9999
253 248 246 243 244 240 239 236 232 230 225 222 221 219 217 215 216 217 217 219 221 223 225 226 223 226 227 228 229 239 238 240 241 243 246 -9999 -9999 -9999 -9999 -9999 -9999 -9999 -9999 -9999 -9999 -9999 -9999 -9999 -9999 -9999 -9999 -9999 -9999 -9999 -9999 -9999 -9999 -9999 -9999 -9999 -9999 -9999 -9999 -9999 -9999 -9999 -9999 -9999 -9999 -9999 -9999 -9999 -9999 -9999 -9999 -9999 -9999 -9999 -9999 -9999 -9999 -9999 -9999 -9999
259 256 248 245 245 244 240 237 233 232 232 227 225 223 221 220 223 220 223 224 224 225 227 226 229 230 229 232 233 242 242 244 -9999 -9999 -9999 -9999 -9999 -9999 -9999 -9999 -9999 -9999 -9999 -9999 -9999 -9999 -9999 -9999 -9999 -9999 -9999 -9999 -9999 -9999 -9999 -9999 -9999 -9999 -9999 -9999 -9999 -9999 -9999 -9999 -9999 -9999 -9999 -9999 -9999 -9999 -9999 -9999 -9999 -9999 -9999 -9999 -9999 -9999 -9999 -9999 -9999 -9999 -9999 -9999
262 258 251 246 247 249 246 241 237 238 235 231 227 225 226 226 227 225 225 226 227 227 229 230 230 233 234 235 238 -9999 -9999 -9999 -9999 -9999 -9999 -9999 -9999 -9999 -9999 -9999 -9999 -9999 -9999 -9999 -9999 -9999 -9999 -9999 -9999 -9999 -9999 -9999 -9999 -9999 -9999 -9999 -9999 -9999 -9999 -9999 -9999 -9999 -9999 -9999 -9999 -9999 -9999 -9999 -9999 -9999 -9999 -9999 -9999 -9999 -9999 -9999 -9999 -9999 -9999 -9999 -9999 -9999 -9999 -9999
262 258 254 256 253 255 253 246 241 238 236 232 228 229 228 228 229 229 229 229 230 231 231 233 237 237 -9999 -9999 -9999 -9999 -9999 -9999 -9999 -9999 -9999 -9999 -9999 -9999 -9999 -9999 -9999 -9999 -9999 -9999 -9999 -9999 -9999 -9999 -9999 -9999 -9999 -9999 -9999 -9999 -9999 -9999 -9999 -9999 -9999 -9999 -9999 -9999 -9999 -9999 -9999 -9999 -9999 -9999 -9999 -9999 -9999 -9999 -9999 -9999 -9999 -9999 -9999 -9999 -9999 -9999 -9999 -9999 -9999 -9999
265 265 279 267 263 264 264 254 245 238 235 232 232 232 232 231 233 232 232 232 233 235 236 -9999 -9999 -9999 -9999 -9999 -9999 -9999 -9999 -9999 -9999 -9999 -9999 -9999 -9999 -9999 -9999 -9999 -9999 -9999 -9999 -9999 -9999 -9999 -9999 -9999 -9999 -9999 -9999 -9999 -9999 -9999 -9999 -9999 -9999 -9999 -9999 -9999 -9999 -9999 -9999 -9999 -9999 -9999 -9999 -9999 -9999 -9999 -9999 -9999 -9999 -9999 -9999 -9999 -9999 -9999 -9999 -9999 -9999 -9999 -9999 -9999
268 276 283 281 270 274 278 262 249 245 238 237 238 235 236 236 236 236 237 237 236 -9999 -9999 -9999 -9999 -9999 -9999 -9999 -9999 -9999 -9999 -9999 -9999 -9999 -9999 -9999 -9999 -9999 -9999 -9999 -9999 -9999 -9999 -9999 -9999 -9999 -9999 -9999 -9999 -9999 -9999 -9999 -9999 -9999 -9999 -9999 -9999 -9999 -9999 -9999 -9999 -9999 -9999 -9999 -9999 -9999 -9999 -9999 -9999 -9999 -9999 -9999 -9999 -9999 -9999 -9999 -9999 -9999 -9999 -9999 -9999 -9999 -9999 -9999
280 299 291 292 286 284 284 267 255 253 245 245 242 238 240 238 239 239 -9999 -9999 -9999 -9999 -9999 -9999 -9999 -9999 -9999 -9999 -9999 -9999 -9999 -9999 -9999 -9999 -9999 -9999 -9999 -9999 -9999 -9999 -9999 -9999 -9999 -9999 -9999 -9999 -9999 -9999 -9999 -9999 -9999 -9999 -9999 -9999 -9999 -9999 -9999 -9999 -9999 -9999 -9999 -9999 -9999 -9999 -9999 -9999 -9999 -9999 -9999 -9999 -9999 -9999 -9999 -9999 -9999 -9999 -9999 -9999 -9999 -9999 -9999 -9999 -9999 -9999
287 336 356 363 303 294 324 284 263 259 251 246 244 244 243 -9999 -9999 -9999 -9999 -9999 -9999 -9999 -9999 -9999 -9999 -9999 -9999 -9999 -9999 -9999 -9999 -9999 -9999 -9999 -9999 -9999 -9999 -9999 -9999 -9999 -9999 -9999 -9999 -9999 -9999 -9999 -9999 -9999 -9999 -9999 -9999 -9999 -9999 -9999 -9999 -9999 -9999 -9999 -9999 -9999 -9999 -9999 -9999 -9999 -9999 -9999 -9999 -9999 -9999 -9999 -9999 -9999 -9999 -9999 -9999 -9999 -9999 -9999 -9999 -9999 -9999 -9999 -9999 -9999
303 315 405 396 353 328 340 289 275 266 255 247 247 247 -9999 -9999 -9999 -9999 -9999 -9999 -9999 -9999 -9999 -9999 -9999 -9999 -9999 -9999 -9999 -9999 -9999 -9999 -9999 -9999 -9999 -9999 -9999 -9999 -9999 -9999 -9999 -9999 -9999 -9999 -9999 -9999 -9999 -9999 -9999 -9999 -9999 -9999 -9999 -9999 -9999 -9999 -9999 -9999 -9999 -9999 -9999 -9999 -9999 -9999 -9999 -9999 -9999 -9999 -9999 -9999 -9999 -9999 -9999 -9999 -9999 -9999 -9999 -9999 -9999 -9999 -9999 -9999 -9999 -9999
302 312 381 387 356 315 307 289 280 266 258 251 249 249 -9999 -9999 -9999 -9999 -9999 -9999 -9999 -9999 -9999 -9999 -9999 -9999 -9999 -9999 -9999 -9999 -9999 -9999 -9999 -9999 -9999 -9999 -9999 -9999 -9999 -9999 -9999 -9999 -9999 -9999 -9999 -9999 -9999 -9999 -9999 -9999 -9999 -9999 -9999 -9999 -9999 -9999 -9999 -9999 -9999 -9999 -9999 -9999 -9999 -9999 -9999 -9999 -9999 -9999 -9999 -9999 -9999 -9999 -9999 -9999 -9999 -9999 -9999 -9999 -9999 -9999 -9999 -9999 -9999 -9999
306 313 346 405 375 398 404 380 310 265 258 253 253 252 -9999 -9999 -9999 -9999 -9999 -9999 -9999 -9999 -9999 -9999 -9999 -9999 -9999 -9999 -9999 -9999 -9999 -9999 -9999 -9999 -9999 -9999 -9999 -9999 -9999 -9999 -9999 -9999 -9999 -9999 -9999 -9999 -9999 -9999 -9999 -9999 -9999 -9999 -9999 -9999 -9999 -9999 -9999 -9999 -9999 -9999 -9999 -9999 -9999 -9999 -9999 -9999 -9999 -9999 -9999 -9999 -9999 -9999 -9999 -9999 -9999 -9999 -9999 -9999 -9999 -9999 -9999 -9999 -9999 -9999
382 318 329 401 390 423 420 425 403 273 260 260 257 255 -9999 -9999 -9999 -9999 -9999 -9999 -9999 -9999 -9999 -9999 -9999 -9999 -9999 -9999 -9999 -9999 -9999 -9999 -9999 -9999 -9999 -9999 -9999 -9999 -9999 -9999 -9999 -9999 -9999 -9999 -9999 -9999 -9999 -9999 -9999 -9999 -9999 -9999 -9999 -9999 -9999 -9999 -9999 -9999 -9999 -9999 -9999 -9999 -9999 -9999 -9999 -9999 -9999 -9999 -9999 -9999 -9999 -9999 -9999 -9999 -9999 -9999 -9999 -9999 -9999 -9999 -9999 -9999 -9999 -9999
325 332 333 385 407 400 326 313 321 279 267 262 260 259 -9999 -9999 -9999 -9999 -9999 -9999 -9999 -9999 -9999 -9999 -9999 -9999 -9999 -9999 -9999 -9999 -9999 -9999 -9999 -9999 -9999 -9999 -9999 -9999 -9999 -9999 -9999 -9999 -9999 -9999 -9999 -9999 -9999 -9999 -9999 -9999 -9999 -9999 -9999 -9999 -9999 -9999 -9999 -9999 -9999 -9999 -9999 -9999 -9999 -9999 -9999 -9999 -9999 -9999 -9999 -9999 -9999 -9999 -9999 -9999 -9999 -9999 -9999 -9999 -9999 -9999 -9999 -9999 -9999 -9999
