invasiveSpecies/singleSpecies/data/worldclim_KE/worldclim_KE_2050_BC26_Bio8.asc
ncols         347
nrows         295
xllcorner     36.068012264173
yllcorner     0.13039239511974
cellsize      0.0083333333333333
NODATA_value  -9999
[rows 222 to 258 of 295, columns 168 to 251 of 347]
235 235 237 238 238 239 240 238 237 236 238 237 240 241 241 242 243 244 244 244 244 244 245 244 245 246 245 244 244 244 243 241 241 238 235 232 238 241 243 244 245 246 248 248 250 250 250 251 251 251 251 250 245 244 246 248 252 252 252 252 252 252 252 251 251 251 252 251 252 253 253 253 253 254 254 252 253 253 253 253 254 255 256 256
227 236 237 238 238 239 239 234 234 235 234 221 228 239 241 242 243 244 245 245 244 245 245 246 244 245 245 246 243 244 242 239 240 238 226 230 238 240 240 242 244 245 248 248 249 250 250 251 251 250 251 251 250 245 236 243 252 251 252 252 251 252 252 251 251 251 251 252 252 253 253 253 253 253 253 252 252 253 253 254 254 256 256 256
222 235 236 236 237 239 239 230 231 232 234 233 224 235 240 241 243 244 244 244 245 245 245 246 246 245 245 245 245 244 243 241 238 238 222 230 231 239 240 227 237 241 246 249 250 250 250 251 251 250 250 251 251 250 251 251 251 251 251 251 250 251 251 251 252 251 250 252 252 252 253 253 253 253 252 252 252 252 253 254 253 254 255 255
224 231 236 236 238 237 238 236 228 226 233 235 235 238 240 241 243 244 244 244 243 243 245 245 246 245 247 247 243 244 243 242 241 240 237 237 235 236 226 222 225 232 244 249 249 250 251 249 250 251 250 250 251 251 251 251 251 251 251 250 251 251 250 251 251 250 251 251 252 252 252 252 252 252 252 252 252 251 253 253 254 254 255 255
231 233 235 235 237 238 239 236 234 235 237 238 239 241 241 243 243 244 244 244 244 244 244 245 246 246 247 247 245 245 244 243 242 241 240 231 229 221 230 231 226 227 244 249 249 251 250 249 250 250 251 250 251 251 251 251 251 250 250 250 250 251 250 250 250 250 250 251 251 252 252 252 252 251 251 251 250 251 253 253 253 253 253 253
233 231 234 231 235 238 239 239 237 237 238 240 241 241 242 243 242 243 243 243 243 244 244 244 244 246 247 246 246 245 245 245 241 244 244 240 237 227 233 238 242 240 248 249 250 250 249 249 250 250 250 250 251 251 251 251 251 250 250 250 249 249 250 250 250 250 250 250 251 251 251 251 252 252 251 251 250 250 252 253 253 252 252 246
233 234 234 233 235 238 239 240 239 239 240 241 241 241 242 242 243 243 243 244 244 244 245 246 245 246 247 246 247 246 246 247 248 247 246 246 246 227 226 238 247 247 248 249 249 250 250 249 250 250 250 251 250 251 251 251 251 250 250 249 249 249 249 249 250 250 250 250 250 250 250 249 252 250 250 250 251 251 252 253 253 251 251 252
231 230 235 234 235 238 239 239 239 241 241 241 241 241 241 242 243 243 244 244 245 245 245 245 245 246 247 248 247 246 247 248 249 249 248 248 248 249 248 235 247 249 249 250 250 250 249 250 250 249 250 250 250 250 251 250 250 250 249 249 249 248 248 249 249 249 250 250 250 249 248 248 250 250 251 251 250 251 252 252 251 251 251 252
230 229 236 234 233 238 238 238 239 240 240 240 241 242 242 243 243 244 244 244 244 245 245 245 247 246 247 248 248 248 248 248 249 249 249 249 248 248 248 249 248 249 249 249 249 250 249 249 249 249 250 249 250 249 250 250 250 250 249 249 248 249 248 248 249 248 249 247 249 249 249 249 250 250 249 249 250 250 251 251 251 251 251 -9999
236 237 238 237 237 238 238 239 239 240 241 241 241 241 242 243 243 242 242 244 245 245 244 245 246 246 247 248 248 248 248 249 249 249 248 248 248 248 248 248 248 248 248 249 249 249 249 249 249 249 249 249 249 249 249 249 249 249 248 248 248 247 248 248 248 248 248 247 248 248 -9999 -9999 249 249 248 249 251 249 250 251 251 251 251 -9999
237 238 238 238 236 237 237 239 239 239 240 241 242 241 242 243 241 241 244 244 244 244 244 245 245 246 247 247 248 248 248 248 248 247 247 248 247 248 248 248 248 248 249 249 249 249 249 248 249 249 249 249 249 248 248 249 248 248 248 248 247 247 247 247 247 248 247 247 -9999 -9999 -9999 -9999 249 248 249 248 248 250 250 250 249 251 -9999 -9999
238 239 240 238 235 237 237 239 240 240 238 241 242 242 241 241 241 243 244 243 244 245 245 246 246 247 247 247 245 247 246 246 246 246 246 246 246 248 247 247 246 248 248 249 249 249 249 249 248 248 248 248 247 247 248 247 247 247 247 247 247 246 246 246 246 247 -9999 -9999 -9999 -9999 -9999 -9999 -9999 248 248 247 248 250 249 249 248 249 -9999 -9999
239 241 240 240 231 238 236 238 240 240 241 241 243 242 240 240 241 243 243 244 245 246 246 246 246 247 247 245 245 243 247 246 245 245 245 245 245 245 245 245 246 246 249 249 249 249 248 248 249 248 247 247 246 246 247 247 247 247 246 246 246 246 246 -9999 -9999 -9999 -9999 -9999 -9999 -9999 -9999 -9999 -9999 -9999 248 247 247 248 248 249 -9999 -9999 -9999 -9999
241 241 241 241 238 239 235 235 240 241 242 243 243 243 241 240 242 243 245 245 246 246 246 247 247 246 246 245 245 244 245 245 245 244 245 245 245 245 245 245 245 246 247 248 248 248 247 248 248 247 247 246 246 246 247 247 246 246 246 245 245 -9999 -9999 -9999 -9999 -9999 -9999 -9999 -9999 -9999 -9999 -9999 -9999 -9999 -9999 -9999 246 247 -9999 -9999 -9999 -9999 -9999 -9999
241 242 242 241 240 240 239 239 240 242 242 243 244 241 242 243 243 245 245 246 246 246 246 246 247 246 244 244 244 244 243 244 245 244 245 245 244 244 244 244 245 245 247 248 249 247 247 247 247 246 246 246 245 245 246 246 246 245 245 -9999 -9999 -9999 -9999 -9999 -9999 -9999 -9999 -9999 -9999 -9999 -9999 -9999 -9999 -9999 -9999 -9999 -9999 -9999 -9999 -9999 -9999 -9999 -9999 -9999
242 243 242 242 241 241 240 240 240 241 241 237 244 244 242 244 245 246 246 246 246 246 246 246 246 244 244 243 244 244 243 244 244 244 244 244 244 244 244 244 243 243 244 248 248 247 247 247 246 246 246 245 245 245 245 246 245 -9999 -9999 -9999 -9999 -9999 -9999 -9999 -9999 -9999 -9999 -9999 -9999 -9999 -9999 -9999 -9999 -9999 -9999 -9999 -9999 -9999 -9999 -9999 -9999 -9999 -9999 -9999
243 243 243 243 242 241 241 239 241 242 241 242 245 245 245 246 246 246 246 244 246 246 245 245 244 244 243 243 244 244 243 244 244 244 244 244 244 244 244 244 242 241 233 245 247 246 246 246 246 245 245 244 244 244 245 -9999 -9999 -9999 -9999 -9999 -9999 -9999 -9999 -9999 -9999 -9999 -9999 -9999 -9999 -9999 -9999 -9999 -9999 -9999 -9999 -9999 -9999 -9999 -9999 -9999 -9999 -9999 -9999 -9999
244 244 244 243 243 241 241 240 243 244 243 244 245 246 246 246 246 246 246 246 246 245 245 244 244 244 244 243 244 244 244 244 244 243 243 243 244 243 243 242 226 208 225 244 246 246 245 246 245 245 244 244 -9999 -9999 -9999 -9999 -9999 -9999 -9999 -9999 -9999 -9999 -9999 -9999 -9999 -9999 -9999 -9999 -9999 -9999 -9999 -9999 -9999 -9999 -9999 -9999 -9999 -9999 -9999 -9999 -9999 -9999 -9999 -9999
245 245 245 244 243 242 241 240 245 245 244 245 245 246 246 246 246 246 245 245 245 245 244 244 244 244 243 243 243 244 244 244 243 243 243 243 243 243 243 240 225 215 239 241 244 245 245 245 244 244 -9999 -9999 -9999 -9999 -9999 -9999 -9999 -9999 -9999 -9999 -9999 -9999 -9999 -9999 -9999 -9999 -9999 -9999 -9999 -9999 -9999 -9999 -9999 -9999 -9999 -9999 -9999 -9999 -9999 -9999 -9999 -9999 -9999 -9999
244 244 245 245 245 244 243 244 245 246 245 246 246 246 246 245 245 245 245 245 245 244 244 244 244 244 243 243 243 243 243 243 243 243 243 243 243 242 242 240 235 234 228 241 229 243 243 244 -9999 -9999 -9999 -9999 -9999 -9999 -9999 -9999 -9999 -9999 -9999 -9999 -9999 -9999 -9999 -9999 -9999 -9999 -9999 -9999 -9999 -9999 -9999 -9999 -9999 -9999 -9999 -9999 -9999 -9999 -9999 -9999 -9999 -9999 -9999 -9999
240 240 243 245 245 245 245 245 246 246 246 246 246 246 245 245 245 245 245 245 244 244 244 244 244 244 243 243 242 242 243 243 243 243 243 243 243 242 242 241 237 234 218 220 222 243 -9999 -9999 -9999 -9999 -9999 -9999 -9999 -9999 -9999 -9999 -9999 -9999 -9999 -9999 -9999 -9999 -9999 -9999 -9999 -9999 -9999 -9999 -9999 -9999 -9999 -9999 -9999 -9999 -9999 -9999 -9999 -9999 -9999 -9999 -9999 -9999 -9999 -9999
240 240 241 242 244 246 245 246 245 245 246 246 246 246 245 245 245 245 245 244 244 244 243 244 243 243 243 242 242 242 242 243 243 243 243 243 242 242 242 240 238 227 213 216 -9999 -9999 -9999 -9999 -9999 -9999 -9999 -9999 -9999 -9999 -9999 -9999 -9999 -9999 -9999 -9999 -9999 -9999 -9999 -9999 -9999 -9999 -9999 -9999 -9999 -9999 -9999 -9999 -9999 -9999 -9999 -9999 -9999 -9999 -9999 -9999 -9999 -9999 -9999 -9999
239 241 241 242 242 244 244 245 245 244 246 246 246 245 245 245 245 245 244 244 243 243 243 243 243 243 243 243 243 243 243 242 243 243 242 242 242 242 241 241 239 -9999 -9999 -9999 -9999 -9999 -9999 -9999 -9999 -9999 -9999 -9999 -9999 -9999 -9999 -9999 -9999 -9999 -9999 -9999 -9999 -9999 -9999 -9999 -9999 -9999 -9999 -9999 -9999 -9999 -9999 -9999 -9999 -9999 -9999 -9999 -9999 -9999 -9999 -9999 -9999 -9999 -9999 -9999
241 241 241 242 244 243 243 244 243 243 244 245 245 244 244 244 245 244 244 244 243 243 243 243 243 243 243 244 242 242 242 243 242 242 242 242 242 241 -9999 -9999 -9999 -9999 -9999 -9999 -9999 -9999 -9999 -9999 -9999 -9999 -9999 -9999 -9999 -9999 -9999 -9999 -9999 -9999 -9999 -9999 -9999 -9999 -9999 -9999 -9999 -9999 -9999 -9999 -9999 -9999 -9999 -9999 -9999 -9999 -9999 -9999 -9999 -9999 -9999 -9999 -9999 -9999 -9999 -9999
240 241 241 242 242 242 242 242 242 243 243 244 244 244 244 244 244 244 244 243 243 243 243 243 243 243 243 243 243 243 242 242 242 243 242 -9999 -9999 -9999 -9999 -9999 -9999 -9999 -9999 -9999 -9999 -9999 -9999 -9999 -9999 -9999 -9999 -9999 -9999 -9999 -9999 -9999 -9999 -9999 -9999 -9999 -9999 -9999 -9999 -9999 -9999 -9999 -9999 -9999 -9999 -9999 -9999 -9999 -9999 -9999 -9999 -9999 -9999 -9999 -9999 -9999 -9999 -9999 -9999 -9999
240 240 241 241 242 242 242 242 243 243 243 243 243 244 244 244 243 244 243 243 243 243 243 243 243 242 244 242 242 241 242 243 -9999 -9999 -9999 -9999 -9999 -9999 -9999 -9999 -9999 -9999 -9999 -9999 -9999 -9999 -9999 -9999 -9999 -9999 -9999 -9999 -9999 -9999 -9999 -9999 -9999 -9999 -9999 -9999 -9999 -9999 -9999 -9999 -9999 -9999 -9999 -9999 -9999 -9999 -9999 -9999 -9999 -9999 -9999 -9999 -9999 -9999 -9999 -9999 -9999 -9999 -9999 -9999
240 240 241 241 241 241 241 242 242 242 242 243 243 243 243 243 243 243 243 244 243 244 243 242 243 242 242 242 242 -9999 -9999 -9999 -9999 -9999 -9999 -9999 -9999 -9999 -9999 -9999 -9999 -9999 -9999 -9999 -9999 -9999 -9999 -9999 -9999 -9999 -9999 -9999 -9999 -9999 -9999 -9999 -9999 -9999 -9999 -9999 -9999 -9999 -9999 -9999 -9999 -9999 -9999 -9999 -9999 -9999 -9999 -9999 -9999 -9999 -9999 -9999 -9999 -9999 -9999 -9999 -9999 -9999 -9999 -9999
240 240 240 240 241 240 241 241 242 243 243 243 243 243 243 243 243 243 243 243 243 243 242 242 242 242 -9999 -9999 -9999 -9999 -9999 -9999 -9999 -9999 -9999 -9999 -9999 -9999 -9999 -9999 -9999 -9999 -9999 -9999 -9999 -9999 -9999 -9999 -9999 -9999 -9999 -9999 -9999 -9999 -9999 -9999 -9999 -9999 -9999 -9999 -9999 -9999 -9999 -9999 -9999 -9999 -9999 -9999 -9999 -9999 -9999 -9999 -9999 -9999 -9999 -9999 -9999 -9999 -9999 -9999 -9999 -9999 -9999 -9999
239 239 237 239 240 239 239 241 242 243 243 243 243 243 243 243 243 243 243 243 244 243 243 -9999 -9999 -9999 -9999 -9999 -9999 -9999 -9999 -9999 -9999 -9999 -9999 -9999 -9999 -9999 -9999 -9999 -9999 -9999 -9999 -9999 -9999 -9999 -9999 -9999 -9999 -9999 -9999 -9999 -9999 -9999 -9999 -9999 -9999 -9999 -9999 -9999 -9999 -9999 -9999 -9999 -9999 -9999 -9999 -9999 -9999 -9999 -9999 -9999 -9999 -9999 -9999 -9999 -9999 -9999 -9999 -9999 -9999 -9999 -9999 -9999
239 238 236 237 239 238 238 240 242 242 243 243 243 243 243 243 243 243 243 243 243 -9999 -9999 -9999 -9999 -9999 -9999 -9999 -9999 -9999 -9999 -9999 -9999 -9999 -9999 -9999 -9999 -9999 -9999 -9999 -9999 -9999 -9999 -9999 -9999 -9999 -9999 -9999 -9999 -9999 -9999 -9999 -9999 -9999 -9999 -9999 -9999 -9999 -9999 -9999 -9999 -9999 -9999 -9999 -9999 -9999 -9999 -9999 -9999 -9999 -9999 -9999 -9999 -9999 -9999 -9999 -9999 -9999 -9999 -9999 -9999 -9999 -9999 -9999
237 234 236 236 237 237 237 240 241 241 243 242 243 243 243 244 243 243 -9999 -9999 -9999 -9999 -9999 -9999 -9999 -9999 -9999 -9999 -9999 -9999 -9999 -9999 -9999 -9999 -9999 -9999 -9999 -9999 -9999 -9999 -9999 -9999 -9999 -9999 -9999 -9999 -9999 -9999 -9999 -9999 -9999 -9999 -9999 -9999 -9999 -9999 -9999 -9999 -9999 -9999 -9999 -9999 -9999 -9999 -9999 -9999 -9999 -9999 -9999 -9999 -9999 -9999 -9999 -9999 -9999 -9999 -9999 -9999 -9999 -9999 -9999 -9999 -9999 -9999
237 228 225 223 234 236 230 237 241 241 242 243 243 243 242 -9999 -9999 -9999 -9999 -9999 -9999 -9999 -9999 -9999 -9999 -9999 -9999 -9999 -9999 -9999 -9999 -9999 -9999 -9999 -9999 -9999 -9999 -9999 -9999 -9999 -9999 -9999 -9999 -9999 -9999 -9999 -9999 -9999 -9999 -9999 -9999 -9999 -9999 -9999 -9999 -9999 -9999 -9999 -9999 -9999 -9999 -9999 -9999 -9999 -9999 -9999 -9999 -9999 -9999 -9999 -9999 -9999 -9999 -9999 -9999 -9999 -9999 -9999 -9999 -9999 -9999 -9999 -9999 -9999
234 233 211 214 225 231 228 237 239 240 241 243 243 242 -9999 -9999 -9999 -9999 -9999 -9999 -9999 -9999 -9999 -9999 -9999 -9999 -9999 -9999 -9999 -9999 -9999 -9999 -9999 -9999 -9999 -9999 -9999 -9999 -9999 -9999 -9999 -9999 -9999 -9999 -9999 -9999 -9999 -9999 -9999 -9999 -9999 -9999 -9999 -9999 -9999 -9999 -9999 -9999 -9999 -9999 -9999 -9999 -9999 -9999 -9999 -9999 -9999 -9999 -9999 -9999 -9999 -9999 -9999 -9999 -9999 -9999 -9999 -9999 -9999 -9999 -9999 -9999 -9999 -9999
235 232 218 217 225 233 234 236 238 240 242 243 243 243 -9999 -9999 -9999 -9999 -9999 -9999 -9999 -9999 -9999 -9999 -9999 -9999 -9999 -9999 -9999 -9999 -9999 -9999 -9999 -9999 -9999 -9999 -9999 -9999 -9999 -9999 -9999 -9999 -9999 -9999 -9999 -9999 -9999 -9999 -9999 -9999 -9999 -9999 -9999 -9999 -9999 -9999 -9999 -9999 -9999 -9999 -9999 -9999 -9999 -9999 -9999 -9999 -9999 -9999 -9999 -9999 -9999 -9999 -9999 -9999 -9999 -9999 -9999 -9999 -9999 -9999 -9999 -9999 -9999 -9999
234 233 226 211 220 215 214 220 234 240 242 242 242 242 -9999 -9999 -9999 -9999 -9999 -9999 -9999 -9999 -9999 -9999 -9999 -9999 -9999 -9999 -9999 -9999 -9999 -9999 -9999 -9999 -9999 -9999 -9999 -9999 -9999 -9999 -9999 -9999 -9999 -9999 -9999 -9999 -9999 -9999 -9999 -9999 -9999 -9999 -9999 -9999 -9999 -9999 -9999 -9999 -9999 -9999 -9999 -9999 -9999 -9999 -9999 -9999 -9999 -9999 -9999 -9999 -9999 -9999 -9999 -9999 -9999 -9999 -9999 -9999 -9999 -9999 -9999 -9999 -9999 -9999
217 232 230 213 217 207 209 209 216 240 242 242 241 243 -9999 -9999 -9999 -9999 -9999 -9999 -9999 -9999 -9999 -9999 -9999 -9999 -9999 -9999 -9999 -9999 -9999 -9999 -9999 -9999 -9999 -9999 -9999 -9999 -9999 -9999 -9999 -9999 -9999 -9999 -9999 -9999 -9999 -9999 -9999 -9999 -9999 -9999 -9999 -9999 -9999 -9999 -9999 -9999 -9999 -9999 -9999 -9999 -9999 -9999 -9999 -9999 -9999 -9999 -9999 -9999 -9999 -9999 -9999 -9999 -9999 -9999 -9999 -9999 -9999 -9999 -9999 -9999 -9999 -9999
231 230 230 218 212 215 231 234 233 239 241 241 242 242 -9999 -9999 -9999 -9999 -9999 -9999 -9999 -9999 -9999 -9999 -9999 -9999 -9999 -9999 -9999 -9999 -9999 -9999 -9999 -9999 -9999 -9999 -9999 -9999 -9999 -9999 -9999 -9999 -9999 -9999 -9999 -9999 -9999 -9999 -9999 -9999 -9999 -9999 -9999 -9999 -9999 -9999 -9999 -9999 -9999 -9999 -9999 -9999 -9999 -9999 -9999 -9999 -9999 -9999 -9999 -9999 -9999 -9999 -9999 -9999 -9999 -9999 -9999 -9999 -9999 -9999 -9999 -9999 -9999 -9999
