invasiveSpecies/singleSpecies/data/worldclim_KE/worldclim_KE_2050_BC85_Bio18.asc
ncols         347
nrows         295
xllcorner     36.068012264173
yllcorner     0.13039239511974
cellsize      0.0083333333333333
NODATA_value  -9999
[rows 111 to 147 of 295, columns 168 to 251 of 347]
-9999 -9999 -9999 -9999 -9999 -9999 -9999 223 222 222 222 206 203 203 203 203 203 203 204 211 217 237 206 214 215 211 205 209 219 273 220 204 203 200 202 201 201 201 201 201 201 202 206 208 209 209 209 212 212 213 214 213 211 211 211 211 210 210 210 212 210 209 207 207 203 203 196 196 196 198 198 197 195 194 194 198 200 198 197 197 194 194 194 193
-9999 -9999 -9999 -9999 -9999 -9999 -9999 223 223 223 222 207 205 203 205 205 204 204 204 212 212 208 206 214 215 215 206 209 245 282 208 204 203 203 203 202 202 202 202 201 201 202 206 207 208 208 208 211 212 212 212 213 211 211 209 210 210 209 209 208 210 207 206 204 197 196 196 196 195 195 195 196 199 199 194 193 193 197 197 194 193 193 193 193
-9999 -9999 -9999 -9999 -9999 -9999 225 222 217 223 209 207 205 210 205 205 205 204 204 208 208 207 207 216 210 206 206 210 249 215 208 207 204 203 203 204 204 204 203 203 203 203 205 207 208 208 208 211 212 212 210 208 210 210 209 209 209 209 209 207 207 207 206 204 198 197 200 200 200 199 199 199 199 199 199 197 193 193 193 192 192 193 193 193
-9999 -9999 -9999 -9999 -9999 225 225 225 224 224 213 208 206 207 206 206 206 206 206 209 207 207 215 208 206 206 206 211 228 227 209 207 203 204 203 204 204 204 204 203 204 205 206 207 207 208 208 212 212 211 203 203 205 210 209 210 211 210 209 207 207 207 206 197 204 204 203 202 200 200 199 199 199 199 199 197 197 192 192 192 192 192 193 193
-9999 -9999 -9999 -9999 -9999 226 225 225 225 226 224 209 208 209 206 206 206 206 207 208 207 211 220 208 207 207 208 213 226 214 211 207 206 204 204 204 204 204 204 204 205 206 206 208 210 210 210 212 212 205 203 203 202 202 211 211 211 213 207 197 197 197 207 206 205 204 204 203 202 200 200 200 200 199 199 197 197 197 192 192 192 192 193 193
-9999 -9999 -9999 -9999 227 227 227 228 226 225 226 213 209 209 208 208 207 207 208 211 209 211 213 208 208 210 210 213 226 259 213 209 206 206 204 206 204 205 205 205 206 208 208 211 210 210 210 211 206 206 220 206 202 201 215 211 199 199 199 198 206 207 207 207 207 206 205 205 204 203 203 200 200 200 199 197 197 197 192 192 192 192 193 193
-9999 -9999 228 229 229 229 230 229 230 228 227 227 217 217 212 208 209 209 209 212 212 211 212 208 209 209 210 214 227 269 219 209 207 206 206 206 206 207 208 207 207 213 211 209 205 204 207 210 207 211 229 209 200 212 212 210 205 210 197 208 208 207 208 208 209 207 206 205 205 204 202 200 200 200 199 199 197 197 197 192 192 192 193 193
230 228 228 231 231 232 234 234 232 231 229 229 226 223 215 212 212 212 215 216 212 211 212 211 209 209 210 216 220 266 213 211 207 207 206 206 210 236 215 208 208 214 207 205 205 202 202 204 204 212 240 216 200 200 210 200 210 210 209 209 209 209 209 208 209 207 207 206 205 204 203 202 200 200 199 199 197 197 192 192 192 193 193 193
231 231 231 232 232 237 238 237 234 232 231 231 230 230 220 223 214 214 217 215 213 214 212 212 209 210 212 214 225 237 219 211 209 207 206 206 214 221 216 217 215 207 205 205 204 203 202 204 202 212 225 203 199 200 200 200 212 211 210 210 209 209 210 210 210 209 209 207 205 205 204 202 200 199 199 194 195 193 195 193 193 193 193 193
235 233 232 233 237 238 238 238 234 234 232 230 229 231 230 220 221 214 217 215 214 216 214 211 211 211 212 216 222 268 216 213 210 207 207 207 210 220 217 211 208 207 208 205 204 203 202 201 201 201 201 201 212 213 212 212 212 214 212 214 211 211 211 211 211 210 209 207 206 205 204 204 200 199 198 196 195 196 195 194 193 193 193 197
239 236 238 237 241 241 242 240 237 234 233 231 227 226 231 222 220 216 220 220 216 222 216 213 214 213 214 216 237 221 215 212 208 210 210 210 213 214 213 211 212 211 209 206 205 204 203 202 202 202 202 216 216 214 214 214 214 215 214 214 214 213 213 213 211 211 209 208 209 207 206 205 205 202 199 197 197 197 195 194 194 195 193 202
256 246 242 239 239 242 242 242 240 237 234 233 226 224 222 222 220 218 221 221 221 224 216 214 217 213 215 218 237 217 213 212 211 212 211 212 213 213 213 213 212 210 209 206 205 205 204 203 202 202 213 218 217 217 217 214 214 215 215 215 215 214 214 213 212 211 209 208 209 209 208 208 206 205 200 199 198 197 195 194 194 194 194 205
260 251 243 241 243 244 245 244 243 242 241 237 228 224 222 235 223 221 224 221 221 222 216 216 217 215 217 218 234 216 213 211 211 214 212 215 213 215 213 213 212 210 208 206 205 205 205 203 202 203 217 217 217 217 217 217 214 217 219 219 217 217 215 214 212 210 209 210 211 210 209 208 206 205 201 199 197 197 195 195 195 194 200 206
312 266 248 243 245 245 245 245 244 243 245 242 229 224 225 235 236 224 223 223 222 222 220 218 218 217 217 216 214 214 213 213 214 215 214 215 215 215 213 213 211 210 208 206 205 205 205 202 205 215 218 218 219 217 217 217 217 219 219 220 219 219 215 214 212 210 210 211 211 211 210 208 206 206 201 195 195 197 195 195 195 195 205 207
296 304 252 248 251 249 245 248 245 245 245 246 244 229 227 238 228 226 225 226 224 221 221 220 220 217 218 215 217 214 213 213 214 217 215 215 215 214 213 211 209 208 208 206 205 205 205 203 206 215 221 221 220 217 220 221 223 219 221 223 220 220 217 215 212 210 212 214 214 214 211 209 208 208 204 195 197 195 195 195 195 195 209 209
260 266 258 251 251 256 252 252 249 247 246 246 245 242 232 238 229 226 226 226 226 223 222 221 220 218 219 217 221 216 213 213 214 215 215 215 214 214 212 211 209 208 209 210 206 205 204 203 214 217 218 220 220 218 220 226 227 224 223 223 221 219 219 219 215 214 216 216 216 214 211 209 208 198 205 195 198 195 195 195 194 207 209 212
257 248 251 252 254 257 256 252 251 249 249 251 246 247 245 240 232 228 228 228 226 224 223 222 219 219 217 217 220 215 213 214 218 217 217 215 214 214 212 210 210 209 211 209 206 205 204 204 206 205 217 217 218 218 221 227 231 226 225 224 223 219 220 219 215 216 217 219 218 217 215 211 209 195 195 195 195 195 195 195 210 211 212 211
242 244 250 251 254 259 260 256 252 251 251 252 250 250 251 249 247 244 228 227 226 225 223 223 219 220 219 219 219 217 213 216 222 218 220 217 215 214 213 212 212 209 208 207 205 205 205 204 202 202 215 217 215 216 222 225 225 226 224 224 223 219 219 219 216 216 216 217 219 217 214 214 204 195 195 195 194 195 195 195 211 211 211 209
239 244 248 251 254 259 258 256 256 256 256 257 252 252 251 249 249 248 248 245 226 224 224 223 222 222 219 219 217 217 215 216 220 220 223 222 217 215 214 213 212 212 209 208 207 207 212 201 201 201 201 201 201 204 218 222 222 223 223 223 221 217 214 214 215 216 216 216 197 197 194 195 195 195 195 195 194 194 194 211 211 211 211 210
241 244 248 250 253 256 257 256 256 256 256 258 254 252 252 251 249 249 247 245 229 226 225 223 224 222 219 219 218 217 217 217 220 220 221 220 215 215 214 214 212 211 208 208 206 205 205 202 201 201 201 201 201 201 199 218 218 222 222 223 219 217 206 214 215 197 196 199 197 196 197 197 211 194 194 195 194 194 194 211 211 211 211 210
238 245 246 248 251 254 254 255 253 254 255 256 255 254 252 250 249 249 247 243 232 228 226 224 223 225 223 221 221 221 221 221 222 222 220 219 217 218 216 215 215 211 210 208 208 204 204 204 203 201 200 200 201 200 199 208 215 215 217 218 198 199 199 197 197 197 206 206 215 216 218 216 209 196 195 195 195 195 214 213 214 213 211 210
240 244 245 246 250 250 251 251 252 253 253 256 257 254 250 248 248 248 239 231 229 227 227 222 222 223 223 221 221 218 218 221 222 223 232 228 228 217 218 215 215 214 211 210 209 206 204 203 201 201 200 200 200 200 199 199 199 199 199 199 198 199 197 197 197 214 214 215 215 216 218 216 214 196 195 195 195 196 215 214 214 213 202 184
235 240 244 245 245 246 246 248 246 248 253 256 256 254 249 247 247 246 233 234 229 225 224 222 222 222 221 221 221 216 216 216 232 234 232 231 222 215 214 214 211 211 209 208 209 206 202 201 200 201 200 200 200 198 199 199 199 199 199 198 198 197 197 197 197 197 197 215 216 216 216 216 198 196 195 195 195 197 199 216 216 187 186 184
234 236 243 244 245 246 245 246 244 244 251 256 254 253 249 247 243 232 232 246 227 225 224 221 220 222 220 218 218 216 214 216 218 231 231 228 217 217 214 211 214 211 208 207 206 203 202 202 203 202 200 199 198 198 199 198 198 198 198 198 198 199 198 197 198 197 197 199 215 216 216 216 199 208 198 195 195 218 208 217 216 189 187 186
234 237 243 243 244 245 248 241 242 246 251 254 253 252 249 246 245 229 229 229 225 223 221 221 218 218 220 218 216 215 213 214 216 229 230 227 227 223 217 215 210 209 208 207 203 202 203 204 204 201 200 199 200 200 200 199 199 198 199 199 199 199 198 197 199 198 198 199 205 218 218 218 219 216 198 195 198 218 219 219 219 218 200 187
234 239 242 238 240 244 240 237 242 244 246 248 249 249 248 246 244 228 225 224 224 222 222 219 218 217 218 218 218 214 212 211 212 218 225 225 227 223 222 220 210 206 206 206 203 203 203 204 203 201 200 199 200 200 200 200 199 198 199 199 199 199 199 199 200 199 199 199 199 216 220 221 222 222 199 199 201 218 219 222 223 220 217 189
242 242 243 235 236 240 237 235 240 242 242 244 245 248 246 245 228 226 224 223 222 220 220 219 217 216 217 214 215 214 213 211 211 215 215 215 212 210 218 220 217 207 206 204 203 203 203 204 204 203 199 200 202 200 202 205 200 199 199 199 199 199 199 201 201 201 201 201 199 201 221 221 225 223 221 219 219 219 220 223 231 223 220 194
245 245 243 238 236 234 233 232 237 241 243 244 246 246 243 243 243 225 223 221 221 220 218 218 217 214 213 213 212 212 211 211 210 212 212 211 210 210 209 209 217 211 206 206 203 203 206 208 204 203 200 200 203 204 216 216 202 202 202 201 201 199 201 201 202 201 201 201 201 201 221 223 224 222 221 221 221 219 222 230 233 230 223 209
240 242 242 240 238 234 232 230 240 241 243 248 246 244 242 242 239 226 223 221 221 219 217 217 216 213 213 211 211 210 210 210 209 211 210 210 209 209 209 208 217 211 206 205 203 203 208 204 203 203 200 209 214 204 217 211 202 202 202 202 202 203 203 203 203 202 202 202 202 202 202 223 223 222 212 221 221 221 222 228 232 230 225 220
228 240 240 240 239 239 238 231 240 240 241 250 243 242 240 239 239 235 226 223 221 219 221 218 217 216 213 211 209 209 209 209 208 210 208 208 208 207 205 205 205 205 205 205 203 202 208 202 202 201 201 215 209 219 219 211 205 204 203 203 203 207 206 204 204 204 203 203 202 202 202 202 208 202 200 200 219 221 222 224 229 223 220 219
226 226 225 239 238 238 238 238 229 237 237 238 241 241 240 242 240 240 239 227 224 237 214 214 218 213 210 210 210 210 210 210 208 208 209 209 208 208 208 206 206 206 206 206 206 207 204 203 201 202 206 217 209 220 221 207 207 207 204 204 205 209 209 205 209 207 205 205 205 204 203 203 202 203 201 201 209 223 224 226 224 222 208 191
225 225 223 223 225 224 224 238 229 225 226 229 233 237 238 235 231 226 221 217 216 213 213 213 212 210 210 210 210 209 209 209 208 210 209 208 208 208 208 208 209 208 210 207 206 207 203 203 205 220 218 218 222 222 222 210 209 207 206 207 209 210 209 209 210 208 206 206 205 205 205 203 203 203 201 201 200 223 223 221 221 220 206 191
225 224 225 223 223 223 222 224 224 219 219 219 233 234 235 233 231 231 228 226 225 213 213 213 212 212 212 213 210 209 209 210 210 210 211 210 209 208 209 209 210 209 206 206 206 203 203 211 212 220 220 222 222 222 222 211 211 207 207 207 210 211 210 210 209 209 209 209 206 205 205 204 203 204 207 204 199 197 218 220 197 220 214 212
225 225 225 223 225 223 221 219 219 222 223 218 217 233 232 214 224 230 213 212 212 215 213 213 212 212 213 216 213 210 210 210 210 211 211 212 209 209 209 209 210 213 204 204 204 203 207 212 220 220 220 225 223 225 223 218 211 224 209 211 211 212 212 212 210 209 210 209 208 206 205 205 206 220 221 201 200 195 197 195 195 192 192 191
228 225 225 226 225 223 223 223 226 224 224 225 223 217 216 215 214 213 213 213 219 215 228 213 212 212 216 219 213 213 210 210 210 211 211 215 211 211 211 210 212 212 209 202 203 205 207 217 222 220 217 225 227 227 225 215 212 215 210 209 212 213 213 213 213 213 210 209 209 207 206 208 207 211 221 203 201 198 195 194 194 192 192 191
229 229 229 227 226 226 225 225 224 224 226 225 220 216 216 222 217 213 213 222 231 231 231 213 214 214 221 219 216 213 213 213 213 215 213 215 215 212 211 210 212 210 209 204 206 216 229 225 225 222 225 227 227 227 218 215 218 216 211 211 213 215 213 213 213 215 213 210 210 209 206 216 221 219 221 221 220 198 200 194 194 209 191 191
231 230 229 227 227 226 226 225 226 224 223 226 224 216 217 222 226 220 235 235 233 219 215 214 216 217 223 222 213 216 213 213 215 216 214 218 216 212 211 211 212 212 206 203 209 229 229 228 228 227 225 227 228 228 217 215 218 212 212 212 212 216 216 215 215 213 213 210 210 209 223 222 221 222 223 221 216 207 200 200 210 191 191 190
