invasiveSpecies/singleSpecies/data/worldclim_KE/worldclim_KE_2050_BC85_Bio11.asc
ncols         347
nrows         295
xllcorner     36.068012264173
yllcorner     0.13039239511974
cellsize      0.0083333333333333
NODATA_value  -9999
[rows 185 to 221 of 295, columns 84 to 167 of 347]
-9999 -9999 -9999 -9999 -9999 -9999 -9999 -9999 -9999 -9999 -9999 -9999 -9999 -9999 -9999 -9999 -9999 -9999 -9999 -9999 -9999 -9999 -9999 -9999 -9999 -9999 -9999 -9999 -9999 -9999 -9999 -9999 227 221 224 225 223 221 219 219 220 221 220 219 216 218 219 219 219 218 218 216 217 217 216 215 216 217 216 217 216 216 216 216 215 214 202 194 212 219 233 240 241 242 243 243 244 244 244 244 245 245 246 246
-9999 -9999 -9999 -9999 -9999 -9999 -9999 -9999 -9999 -9999 -9999 -9999 -9999 -9999 -9999 -9999 -9999 -9999 -9999 -9999 -9999 -9999 -9999 -9999 -9999 -9999 -9999 -9999 -9999 -9999 -9999 -9999 226 221 223 223 220 221 218 218 219 220 220 220 218 217 217 218 219 217 217 217 217 217 216 216 217 218 217 218 218 218 218 217 217 216 209 198 210 227 238 240 242 242 242 243 244 244 243 244 244 245 244 245
-9999 -9999 -9999 -9999 -9999 -9999 -9999 -9999 -9999 -9999 -9999 -9999 -9999 -9999 -9999 -9999 -9999 -9999 -9999 -9999 -9999 -9999 -9999 -9999 -9999 -9999 -9999 -9999 -9999 -9999 -9999 225 227 221 220 223 219 218 216 217 218 219 220 219 218 217 216 217 217 217 217 219 218 217 217 218 218 219 218 219 218 218 218 218 217 216 216 212 220 232 237 239 241 241 242 243 243 243 243 244 244 244 244 244
-9999 -9999 -9999 -9999 -9999 -9999 -9999 -9999 -9999 -9999 -9999 -9999 -9999 -9999 -9999 -9999 -9999 -9999 -9999 -9999 -9999 -9999 -9999 -9999 -9999 -9999 -9999 -9999 -9999 -9999 -9999 226 224 218 219 220 219 219 217 216 217 218 218 220 218 217 217 217 218 218 218 219 218 218 218 219 219 220 220 219 220 219 218 219 218 217 217 215 213 222 227 237 239 240 241 241 242 243 243 243 243 244 243 243
-9999 -9999 -9999 -9999 -9999 -9999 -9999 -9999 -9999 -9999 -9999 -9999 -9999 -9999 -9999 -9999 -9999 -9999 -9999 -9999 -9999 -9999 -9999 -9999 -9999 -9999 -9999 -9999 -9999 -9999 -9999 226 223 220 214 215 218 218 216 216 217 217 218 219 218 217 217 218 219 219 219 220 220 218 218 219 220 221 221 221 221 220 220 219 219 219 218 218 217 218 209 221 236 235 239 240 241 241 241 242 242 243 243 243
-9999 -9999 -9999 -9999 -9999 -9999 -9999 -9999 -9999 -9999 -9999 -9999 -9999 -9999 -9999 -9999 -9999 -9999 -9999 -9999 -9999 -9999 -9999 -9999 -9999 -9999 -9999 -9999 -9999 -9999 -9999 225 222 218 208 208 208 215 216 216 216 216 217 219 218 217 217 219 219 220 219 220 220 219 219 220 221 222 220 220 220 220 220 220 219 219 218 217 213 215 205 201 212 226 236 237 240 240 241 242 241 242 243 242
-9999 -9999 -9999 -9999 -9999 -9999 -9999 -9999 -9999 -9999 -9999 -9999 -9999 -9999 -9999 -9999 -9999 -9999 -9999 -9999 -9999 -9999 -9999 -9999 -9999 -9999 -9999 -9999 -9999 -9999 225 222 214 207 207 209 210 214 214 215 215 216 218 219 218 217 218 219 219 220 221 221 221 220 220 221 221 222 221 219 219 219 220 219 219 218 218 217 215 203 198 184 214 216 225 232 236 238 235 239 241 242 242 241
-9999 -9999 -9999 -9999 -9999 -9999 -9999 -9999 -9999 -9999 -9999 -9999 -9999 -9999 -9999 -9999 -9999 -9999 -9999 -9999 -9999 -9999 -9999 -9999 -9999 -9999 -9999 -9999 -9999 -9999 224 220 206 206 207 211 212 213 213 215 216 217 218 217 217 217 218 218 219 220 222 222 221 220 220 221 222 223 220 219 219 218 218 219 218 218 217 216 215 208 197 186 202 212 215 225 231 230 234 237 238 240 241 237
-9999 -9999 -9999 -9999 -9999 -9999 -9999 -9999 -9999 -9999 -9999 -9999 -9999 -9999 -9999 -9999 -9999 -9999 -9999 -9999 -9999 -9999 -9999 -9999 -9999 -9999 -9999 -9999 -9999 -9999 223 211 206 207 207 207 211 214 214 215 216 216 217 217 218 218 218 219 220 221 221 223 222 220 221 222 223 223 222 219 219 217 218 218 218 217 217 217 214 209 193 176 183 194 216 215 223 217 222 228 232 239 240 239
-9999 -9999 -9999 -9999 -9999 -9999 -9999 -9999 -9999 -9999 -9999 -9999 -9999 -9999 -9999 -9999 -9999 -9999 -9999 -9999 -9999 -9999 -9999 -9999 -9999 -9999 -9999 -9999 -9999 222 216 206 206 207 207 207 208 207 215 215 215 215 216 216 217 219 220 220 220 221 222 223 223 222 222 222 223 223 221 221 219 218 216 217 216 217 218 215 213 206 192 176 168 169 199 208 209 208 201 211 219 237 238 236
-9999 -9999 -9999 -9999 -9999 -9999 -9999 -9999 -9999 -9999 -9999 -9999 -9999 -9999 -9999 -9999 -9999 -9999 -9999 -9999 -9999 -9999 -9999 -9999 -9999 -9999 -9999 -9999 -9999 223 214 207 211 214 210 207 208 207 214 215 215 214 216 215 218 219 220 220 221 221 222 223 224 223 223 224 224 223 220 219 219 218 216 217 217 218 217 217 208 204 194 182 163 166 182 193 193 176 193 213 226 237 239 235
-9999 -9999 -9999 -9999 -9999 -9999 -9999 -9999 -9999 -9999 -9999 -9999 -9999 -9999 -9999 -9999 -9999 -9999 -9999 -9999 -9999 -9999 -9999 -9999 -9999 -9999 -9999 -9999 -9999 220 219 208 214 216 213 209 208 211 213 213 214 215 215 215 218 219 219 221 222 222 222 223 223 224 225 224 223 222 221 220 218 218 216 217 218 219 219 216 208 204 195 187 172 167 169 183 169 162 180 199 216 234 237 238
-9999 -9999 -9999 -9999 -9999 -9999 -9999 -9999 -9999 -9999 -9999 -9999 -9999 -9999 -9999 -9999 -9999 -9999 -9999 -9999 -9999 -9999 -9999 -9999 -9999 -9999 -9999 -9999 222 216 209 208 215 216 216 212 209 211 209 208 208 214 216 217 217 218 219 220 221 222 223 223 224 225 225 224 222 221 220 219 220 219 218 218 219 220 219 217 214 203 203 192 183 166 154 143 158 168 179 204 219 233 238 239
-9999 -9999 -9999 -9999 -9999 -9999 -9999 -9999 -9999 -9999 -9999 -9999 -9999 -9999 -9999 -9999 -9999 -9999 -9999 -9999 -9999 -9999 -9999 -9999 -9999 -9999 -9999 -9999 223 208 208 208 214 216 217 217 217 217 218 216 219 208 214 214 216 217 219 221 221 222 224 224 224 226 224 223 222 222 220 221 220 221 220 218 219 221 219 216 213 207 200 192 185 177 170 176 176 190 183 206 219 236 238 239
-9999 -9999 -9999 -9999 -9999 -9999 -9999 -9999 -9999 -9999 -9999 -9999 -9999 -9999 -9999 -9999 -9999 -9999 -9999 -9999 -9999 -9999 -9999 -9999 -9999 -9999 -9999 -9999 222 208 210 213 215 216 218 219 220 220 221 221 221 218 212 214 214 218 219 221 222 223 224 224 225 227 225 223 223 222 222 223 222 222 221 219 220 221 220 218 214 208 199 198 189 183 186 192 197 203 199 210 212 236 239 238
-9999 -9999 -9999 -9999 -9999 -9999 -9999 -9999 -9999 -9999 -9999 -9999 -9999 -9999 -9999 -9999 -9999 -9999 -9999 -9999 -9999 -9999 -9999 -9999 -9999 -9999 -9999 -9999 221 207 212 215 215 215 219 220 220 221 222 223 222 221 221 221 217 216 218 221 222 223 224 225 225 227 226 225 224 223 224 224 223 223 222 220 220 222 222 220 217 215 207 205 200 198 198 198 204 211 212 226 237 237 239 239
-9999 -9999 -9999 -9999 -9999 -9999 -9999 -9999 -9999 -9999 -9999 -9999 -9999 -9999 -9999 -9999 -9999 -9999 -9999 -9999 -9999 -9999 -9999 -9999 -9999 -9999 -9999 -9999 221 213 215 216 217 216 219 219 221 221 222 223 223 222 222 223 222 221 217 219 219 220 224 225 226 226 227 225 225 225 225 225 225 224 222 222 222 223 223 221 219 218 217 210 213 208 210 210 214 221 227 232 235 237 238 240
-9999 -9999 -9999 -9999 -9999 -9999 -9999 -9999 -9999 -9999 -9999 -9999 -9999 -9999 -9999 -9999 -9999 -9999 -9999 -9999 -9999 -9999 -9999 -9999 -9999 -9999 -9999 221 220 208 215 217 217 217 218 220 221 220 222 223 224 223 224 224 224 223 222 220 213 222 223 224 226 227 228 227 226 227 226 226 225 225 224 223 222 224 224 223 221 220 220 217 216 217 217 218 222 228 220 234 221 223 236 238
-9999 -9999 -9999 -9999 -9999 -9999 -9999 -9999 -9999 -9999 -9999 -9999 -9999 -9999 -9999 -9999 -9999 -9999 -9999 -9999 -9999 -9999 -9999 -9999 -9999 -9999 -9999 222 218 208 216 217 218 218 219 219 220 221 222 223 224 224 225 224 225 225 224 221 217 219 219 219 226 228 229 226 227 228 227 228 228 226 224 224 224 225 225 224 223 222 222 220 220 219 220 219 205 198 207 221 227 219 236 236
-9999 -9999 -9999 -9999 -9999 -9999 -9999 -9999 -9999 -9999 -9999 -9999 -9999 -9999 -9999 -9999 -9999 -9999 -9999 -9999 -9999 -9999 -9999 -9999 -9999 -9999 -9999 220 218 211 216 217 218 219 219 220 220 221 222 223 222 224 225 225 226 226 225 223 213 221 224 224 226 228 229 228 228 229 228 230 228 228 225 225 225 226 226 225 224 223 223 222 222 220 222 221 211 200 207 228 231 224 233 235
-9999 -9999 -9999 -9999 -9999 -9999 -9999 -9999 -9999 -9999 -9999 -9999 -9999 -9999 -9999 -9999 -9999 -9999 -9999 -9999 -9999 -9999 -9999 -9999 -9999 -9999 -9999 219 216 216 216 217 218 219 219 219 220 221 221 222 224 225 225 224 226 227 225 225 219 223 225 226 228 229 230 228 228 230 230 230 229 229 227 227 227 226 226 226 225 225 224 224 224 224 223 220 205 202 204 219 230 232 234 235
-9999 -9999 -9999 -9999 -9999 -9999 -9999 -9999 -9999 -9999 -9999 -9999 -9999 -9999 -9999 -9999 -9999 -9999 -9999 -9999 -9999 -9999 -9999 -9999 -9999 -9999 -9999 -9999 216 217 218 218 218 220 220 220 220 220 221 223 224 225 226 226 226 228 227 225 219 217 225 226 227 228 231 230 230 231 231 232 231 229 228 227 227 228 226 226 226 226 226 225 225 226 225 225 213 206 211 211 229 233 235 236
-9999 -9999 -9999 -9999 -9999 -9999 -9999 -9999 -9999 -9999 -9999 -9999 -9999 -9999 -9999 -9999 -9999 -9999 -9999 -9999 -9999 -9999 -9999 -9999 -9999 -9999 -9999 -9999 217 218 218 219 219 220 222 221 221 220 218 224 225 225 227 227 227 228 227 224 216 220 224 225 226 228 230 232 232 232 232 233 232 231 229 229 228 228 228 227 227 228 227 226 226 226 226 226 222 215 221 229 231 232 233 235
-9999 -9999 -9999 -9999 -9999 -9999 -9999 -9999 -9999 -9999 -9999 -9999 -9999 -9999 -9999 -9999 -9999 -9999 -9999 -9999 -9999 -9999 -9999 -9999 -9999 -9999 -9999 217 217 218 219 220 219 221 222 222 222 221 222 223 225 226 227 228 228 228 228 226 227 225 220 225 227 227 229 230 230 232 233 234 233 231 231 230 228 228 229 229 229 229 228 228 228 227 228 228 227 228 229 230 222 230 231 234
-9999 -9999 -9999 -9999 -9999 -9999 -9999 -9999 -9999 -9999 -9999 -9999 -9999 -9999 -9999 -9999 -9999 -9999 -9999 -9999 -9999 -9999 -9999 -9999 -9999 -9999 -9999 -9999 216 217 219 221 220 221 222 223 223 222 222 223 224 225 226 227 228 230 229 228 229 229 226 224 228 228 228 230 230 232 233 234 234 232 231 230 229 229 230 230 230 229 229 230 229 229 228 229 229 229 228 214 213 229 227 233
-9999 -9999 -9999 -9999 -9999 -9999 -9999 -9999 -9999 -9999 -9999 -9999 -9999 -9999 -9999 -9999 -9999 -9999 -9999 -9999 -9999 -9999 -9999 -9999 -9999 -9999 -9999 -9999 216 218 220 222 221 222 223 223 224 222 222 224 225 225 226 228 229 229 230 230 230 228 225 228 228 229 230 231 232 233 233 235 234 233 232 230 230 230 230 231 231 231 231 231 229 230 229 229 229 228 226 213 214 232 233 232
-9999 -9999 -9999 -9999 -9999 -9999 -9999 -9999 -9999 -9999 -9999 -9999 -9999 -9999 -9999 -9999 -9999 -9999 -9999 -9999 -9999 -9999 -9999 -9999 -9999 -9999 -9999 -9999 215 219 220 222 221 222 224 224 225 224 223 224 225 227 227 228 228 229 230 231 231 231 231 230 228 229 231 232 232 233 234 235 235 234 232 231 231 230 230 231 231 231 231 231 231 230 229 227 228 226 224 215 211 230 234 236
-9999 -9999 -9999 -9999 -9999 -9999 -9999 -9999 -9999 -9999 -9999 -9999 -9999 -9999 -9999 -9999 -9999 -9999 -9999 -9999 -9999 -9999 -9999 -9999 -9999 207 212 213 212 220 221 222 223 223 225 226 226 225 225 225 226 226 226 227 228 227 229 230 232 232 231 231 227 230 231 233 233 235 235 236 235 233 232 232 232 230 231 232 232 233 232 232 231 231 226 227 225 217 220 219 206 234 235 237
-9999 -9999 -9999 -9999 -9999 -9999 -9999 -9999 -9999 -9999 -9999 -9999 -9999 -9999 -9999 -9999 -9999 -9999 -9999 -9999 -9999 -9999 -9999 -9999 -9999 208 211 213 213 220 221 222 223 225 226 226 227 227 226 226 226 227 226 226 227 228 229 229 231 232 233 231 232 233 233 234 235 236 236 237 236 235 233 234 233 232 231 232 233 233 233 233 232 231 229 226 224 221 208 207 198 233 235 238
-9999 -9999 -9999 -9999 -9999 -9999 -9999 -9999 -9999 -9999 -9999 -9999 -9999 -9999 -9999 -9999 -9999 -9999 -9999 -9999 -9999 -9999 -9999 -9999 -9999 204 212 213 218 220 222 224 223 224 225 227 228 228 227 228 228 228 228 227 228 228 229 230 231 233 234 232 232 234 235 235 236 237 237 238 237 235 233 234 234 233 231 232 233 234 234 233 232 232 230 225 223 207 198 202 204 222 234 238
-9999 -9999 -9999 -9999 -9999 -9999 -9999 -9999 -9999 -9999 -9999 -9999 -9999 -9999 -9999 -9999 -9999 -9999 -9999 -9999 -9999 -9999 -9999 -9999 -9999 -9999 214 217 218 219 222 224 223 224 225 226 227 228 229 230 229 229 230 229 229 229 230 231 231 233 234 234 234 233 235 236 236 237 239 237 236 236 234 235 234 234 233 231 232 234 234 234 233 233 231 229 225 219 204 209 204 218 235 236
-9999 -9999 -9999 -9999 -9999 -9999 -9999 -9999 -9999 -9999 -9999 -9999 -9999 -9999 -9999 -9999 -9999 -9999 -9999 -9999 -9999 -9999 -9999 -9999 -9999 202 209 217 217 221 223 225 226 224 225 227 228 229 231 230 231 231 231 230 229 230 231 231 232 233 235 235 236 236 235 236 238 239 239 238 237 236 235 236 237 235 234 232 232 234 235 235 234 233 232 230 224 220 209 218 209 220 233 236
-9999 -9999 -9999 -9999 -9999 -9999 -9999 -9999 -9999 -9999 -9999 -9999 -9999 -9999 -9999 -9999 -9999 -9999 -9999 -9999 -9999 -9999 -9999 -9999 206 205 212 215 221 223 224 226 228 228 227 229 231 232 -9999 -9999 -9999 -9999 233 232 230 230 230 231 232 233 233 235 236 237 237 237 239 239 240 239 237 236 236 236 237 236 235 233 233 234 235 235 235 234 233 233 224 222 218 223 217 218 235 237
-9999 -9999 -9999 -9999 -9999 -9999 -9999 -9999 -9999 -9999 -9999 -9999 -9999 -9999 -9999 -9999 -9999 -9999 -9999 -9999 -9999 -9999 -9999 -9999 207 207 212 214 219 225 226 227 228 229 231 230 -9999 -9999 -9999 -9999 -9999 -9999 -9999 234 232 232 231 230 231 232 233 235 236 238 239 239 240 240 241 240 239 238 238 237 238 236 235 235 235 235 235 237 236 235 234 234 224 227 227 232 229 224 230 238
-9999 -9999 -9999 -9999 -9999 -9999 -9999 -9999 -9999 -9999 -9999 -9999 -9999 -9999 -9999 -9999 -9999 -9999 -9999 -9999 -9999 -9999 -9999 -9999 210 218 219 212 222 228 226 229 230 -9999 -9999 -9999 -9999 -9999 -9999 -9999 -9999 -9999 -9999 -9999 233 233 233 232 231 232 232 234 236 237 238 240 241 242 242 242 240 239 239 238 238 237 237 235 235 236 237 236 237 236 236 235 234 232 235 234 233 233 237 239
-9999 -9999 -9999 -9999 -9999 -9999 -9999 -9999 -9999 -9999 -9999 -9999 -9999 -9999 -9999 -9999 -9999 -9999 -9999 -9999 -9999 -9999 -9999 -9999 214 211 223 220 224 229 -9999 -9999 -9999 -9999 -9999 -9999 -9999 -9999 -9999 -9999 -9999 -9999 -9999 -9999 -9999 -9999 235 233 232 235 235 235 236 237 239 240 242 242 241 242 241 240 240 239 238 238 237 237 235 236 236 237 237 237 237 237 237 237 237 236 236 237 238 240
-9999 -9999 -9999 -9999 -9999 -9999 -9999 -9999 -9999 -9999 -9999 -9999 -9999 -9999 -9999 -9999 -9999 -9999 -9999 -9999 -9999 -9999 -9999 -9999 224 226 227 -9999 -9999 -9999 -9999 -9999 -9999 -9999 -9999 -9999 -9999 -9999 -9999 -9999 -9999 -9999 -9999 -9999 -9999 -9999 -9999 -9999 234 235 237 238 238 237 239 241 241 240 240 241 243 241 241 240 240 240 239 238 236 236 236 237 237 238 238 238 238 238 238 238 237 237 236 238
