invasiveSpecies/singleSpecies/data/worldclim_KE/worldclim_KE_2050_BC85_Bio9.asc
ncols         347
nrows         295
xllcorner     36.068012264173
yllcorner     0.13039239511974
cellsize      0.0083333333333333
NODATA_value  -9999
[rows 185 to 221 of 295, columns 168 to 251 of 347]
244 243 243 244 245 245 245 246 247 248 247 247 248 248 249 248 248 248 248 247 247 245 244 244 247 247 248 248 249 250 249 249 249 249 248 247 246 246 246 245 246 247 247 248 248 248 248 249 250 250 250 251 251 251 252 251 251 251 251 252 252 253 253 254 254 253 253 254 254 254 254 254 254 255 255 256 256 256 256 256 257 257 258 258
244 243 243 244 244 244 245 246 246 247 247 247 247 248 248 248 247 247 247 247 244 244 244 243 247 247 248 249 249 250 249 248 248 248 248 248 247 246 246 246 246 247 247 248 248 249 249 249 250 250 251 251 251 251 251 251 250 251 251 252 252 253 253 253 254 253 252 253 254 254 253 254 254 254 255 255 256 255 256 257 256 256 256 256
244 243 243 244 244 244 244 245 246 247 246 246 247 247 248 247 247 247 244 243 243 244 243 243 246 247 247 249 249 249 248 247 248 249 247 248 247 246 245 245 246 246 247 248 248 249 249 250 250 250 251 251 251 251 250 250 251 251 251 252 252 252 253 253 252 253 252 253 254 254 253 254 254 254 255 254 255 255 256 256 255 255 256 256
243 243 242 243 242 242 244 246 246 247 246 246 247 247 247 247 247 247 243 243 242 242 243 243 243 247 247 248 249 248 248 247 247 248 247 247 247 247 246 246 247 247 247 248 248 248 249 249 250 250 250 250 251 251 250 250 250 251 251 251 252 252 253 253 252 252 253 253 253 253 253 253 254 254 254 254 255 256 254 254 256 256 256 255
242 242 241 240 241 239 244 245 246 246 246 246 246 246 246 247 247 245 243 243 242 242 242 242 243 246 247 249 248 248 248 248 247 247 247 247 247 247 246 246 246 247 247 248 248 248 249 249 250 250 250 250 251 250 249 250 250 251 251 251 252 252 253 252 251 251 252 252 252 252 252 253 253 253 254 254 255 255 254 254 255 255 254 255
241 239 232 236 236 239 242 244 246 246 246 245 246 245 246 246 247 246 246 245 243 242 242 243 243 246 247 249 248 248 248 247 247 247 246 247 247 247 246 246 246 247 247 248 248 248 249 249 249 249 250 250 250 251 250 250 250 250 251 251 251 252 252 252 251 251 252 252 252 252 253 252 253 254 253 253 253 254 254 254 255 255 253 254
239 238 217 214 238 240 242 244 245 245 246 245 245 245 245 245 246 246 246 245 243 242 242 243 243 246 247 248 248 247 247 247 246 246 246 246 246 246 245 246 246 244 244 248 248 249 249 249 249 249 249 250 250 250 250 249 249 251 251 251 252 252 252 252 250 251 252 252 252 253 253 253 253 253 253 253 253 254 254 254 255 255 256 255
237 236 235 218 232 241 243 244 245 245 245 245 244 244 245 245 246 246 246 246 245 243 243 243 243 246 247 247 247 247 246 246 246 246 246 246 246 246 245 246 247 247 247 248 248 248 248 248 249 249 249 250 250 250 250 249 250 250 250 251 251 252 251 251 251 251 252 252 252 253 253 253 253 254 253 253 254 253 255 255 256 256 256 256
233 235 235 235 239 241 243 244 245 245 244 245 244 244 245 245 246 246 245 245 245 244 244 243 243 243 247 247 247 247 246 246 245 245 245 245 245 245 246 246 247 247 247 248 248 248 248 248 248 249 249 250 250 250 249 249 250 250 250 251 251 251 251 251 251 251 252 251 252 253 253 253 254 253 253 253 255 254 254 256 256 256 256 257
216 231 232 232 240 242 244 244 245 245 244 244 244 244 244 245 245 246 245 244 244 244 244 244 244 238 246 247 247 247 247 246 245 245 245 245 245 245 246 246 247 247 247 247 248 248 248 248 249 248 249 250 250 249 248 249 250 250 250 251 251 250 250 251 251 251 252 252 252 252 252 253 254 254 254 254 254 255 255 255 255 256 256 256
221 214 230 226 240 242 244 244 244 245 245 244 244 244 244 245 245 245 245 243 244 244 245 243 240 244 246 247 248 247 246 245 245 244 245 244 245 245 246 246 247 247 247 247 248 247 248 248 249 248 249 249 249 249 249 249 249 250 250 250 250 251 251 251 251 252 252 253 253 253 253 253 254 254 254 254 255 255 255 256 256 255 256 256
228 211 221 236 240 242 243 244 244 244 244 244 244 243 244 244 245 245 245 244 244 245 245 244 245 246 247 247 247 247 246 245 244 241 244 244 244 245 246 246 246 246 247 247 247 247 248 248 248 249 249 249 249 249 249 248 249 250 250 251 251 251 251 251 251 252 253 252 252 253 254 253 254 254 254 254 255 255 256 256 256 255 256 256
238 237 239 239 241 242 243 243 243 243 244 244 243 243 243 244 244 244 245 245 245 246 246 247 247 247 247 247 247 247 246 246 244 243 243 242 242 241 245 246 246 246 247 247 246 247 247 248 248 248 248 249 249 249 248 248 250 250 251 251 251 252 252 252 252 252 252 253 252 253 254 254 254 255 254 254 255 255 255 255 256 256 256 255
240 240 242 243 242 242 243 243 243 243 243 244 243 243 243 244 244 245 245 245 246 246 247 247 247 247 247 247 247 247 246 246 245 244 243 236 243 244 245 245 246 246 246 247 247 247 248 248 248 248 248 249 249 249 248 249 249 250 250 251 251 252 252 252 252 252 253 253 253 253 253 254 254 254 254 255 254 254 254 254 256 255 255 256
241 241 243 243 241 240 240 241 242 242 243 243 243 243 244 244 244 245 245 246 246 246 247 246 246 247 246 246 246 246 245 245 244 244 243 243 243 244 244 244 245 246 246 247 247 247 248 248 247 248 248 248 248 248 249 249 249 250 250 251 251 251 252 251 252 252 252 253 253 254 253 254 254 255 254 254 253 253 254 255 255 254 255 256
240 241 241 240 230 228 240 241 242 242 243 243 243 243 243 244 244 245 245 245 246 246 246 247 246 246 246 246 246 246 246 245 245 244 243 243 243 243 243 243 245 246 246 246 247 247 247 247 247 247 248 248 248 249 249 249 250 250 250 251 251 251 251 251 252 252 252 253 253 253 254 254 254 254 254 249 251 253 254 255 254 255 255 255
237 220 235 238 231 233 237 239 241 242 242 242 243 243 244 244 244 245 245 245 246 245 246 246 246 246 245 245 246 246 245 245 245 244 243 242 242 241 242 242 244 246 246 246 247 247 247 247 247 247 247 248 248 249 249 249 249 249 251 251 251 251 252 252 252 252 252 253 253 254 254 254 254 254 253 251 253 253 254 254 254 254 254 254
232 221 235 236 234 226 236 240 241 241 242 242 243 243 243 244 244 245 245 246 245 245 246 246 245 246 245 245 245 245 244 244 243 242 241 239 239 239 239 239 243 246 246 247 247 247 248 247 246 247 248 248 248 249 249 250 249 250 251 251 251 251 251 252 252 252 252 253 253 253 253 254 253 254 253 250 252 253 253 253 253 254 254 254
233 234 235 238 236 238 240 240 239 240 241 242 242 243 243 243 244 244 245 245 245 245 246 246 245 245 245 245 245 245 244 244 243 240 239 237 231 238 238 238 243 245 247 247 247 247 248 247 247 247 248 248 248 249 249 250 249 251 250 250 251 251 251 251 252 252 252 252 253 253 253 253 253 253 253 252 252 253 254 254 254 254 254 254
236 237 238 239 239 239 238 240 236 238 238 240 242 243 243 243 244 244 245 244 245 245 245 246 246 246 245 245 245 244 243 242 242 241 238 228 216 235 236 234 243 245 247 247 247 248 248 248 247 247 248 248 248 249 249 249 250 250 251 251 251 251 251 251 252 251 251 252 252 253 253 252 253 253 252 252 253 253 254 254 254 254 255 254
236 238 238 239 238 237 236 222 217 224 237 239 241 242 243 243 244 244 244 244 244 245 245 245 245 245 245 245 245 244 243 242 241 239 237 220 209 212 237 237 244 245 246 247 247 248 248 248 249 248 248 249 248 249 249 249 249 250 250 249 251 251 251 251 251 251 251 252 252 253 252 252 253 253 252 253 253 254 254 254 255 255 255 255
236 238 238 238 236 234 221 215 211 212 236 237 239 241 241 243 244 244 243 244 244 244 245 245 245 245 244 244 244 244 243 243 239 239 237 218 206 228 237 237 243 244 246 247 247 248 248 249 249 249 248 249 248 249 249 249 249 249 249 249 251 251 250 251 251 251 251 251 251 251 251 251 252 252 252 253 253 253 254 254 255 255 256 256
238 238 239 237 235 229 206 204 222 223 227 237 240 240 239 242 243 243 243 244 244 245 244 245 244 244 244 244 243 244 243 242 239 239 235 224 210 220 238 240 243 244 246 247 248 247 248 248 249 249 249 249 250 249 250 250 250 249 249 249 250 250 251 251 251 251 251 251 251 251 251 252 253 253 252 253 253 254 254 254 255 255 255 255
238 238 239 237 234 215 197 195 211 231 221 219 238 240 241 242 242 243 243 244 244 244 244 245 244 244 244 244 243 244 243 243 240 235 235 226 218 227 238 242 243 245 246 248 248 248 248 248 249 249 249 249 249 250 250 250 250 250 250 250 251 251 250 251 251 250 251 251 252 252 253 253 253 253 252 252 253 253 254 254 254 254 254 255
237 239 239 237 234 232 189 193 199 216 233 237 239 239 240 241 242 243 243 244 243 244 244 244 244 244 244 244 243 243 243 242 240 229 222 226 228 236 240 242 243 245 246 247 248 247 248 248 248 248 249 249 249 250 250 250 251 250 251 251 251 251 250 251 250 250 251 251 251 252 252 253 254 254 252 252 253 254 254 254 254 254 255 256
238 239 240 238 237 226 186 187 193 195 229 238 239 240 240 241 242 242 242 243 243 244 244 244 244 244 243 244 243 242 242 242 241 234 224 229 231 240 242 243 244 246 247 247 247 247 247 247 248 247 248 249 250 250 250 250 251 251 251 250 250 250 252 251 250 251 251 251 251 251 251 252 254 254 253 253 253 253 254 254 254 255 255 256
239 239 240 240 237 235 212 184 190 210 239 238 240 241 241 242 242 242 242 243 243 242 244 244 243 244 244 243 243 243 242 242 241 237 235 238 239 241 244 244 245 246 247 248 248 247 247 247 248 248 249 249 250 251 250 250 251 251 251 251 251 251 251 251 251 251 251 251 252 252 252 252 254 254 253 253 254 253 254 254 255 255 256 256
240 240 241 241 239 237 231 220 209 225 236 239 241 241 242 242 243 243 243 243 243 243 243 244 243 244 244 244 243 243 243 242 242 239 240 241 241 243 244 246 246 247 247 248 248 248 247 247 249 249 249 249 250 251 250 250 250 250 251 251 251 251 251 252 251 252 251 251 251 251 252 253 254 254 254 254 254 254 254 254 254 255 255 257
240 240 241 242 240 239 238 234 228 232 240 240 241 242 243 243 243 244 243 244 243 243 243 244 244 244 244 244 244 244 243 243 242 242 240 243 244 244 245 246 246 247 247 248 248 248 247 247 248 248 249 250 250 250 249 250 250 250 250 251 251 251 251 252 252 252 252 250 251 250 249 251 253 254 255 255 255 255 254 254 255 255 256 255
240 240 242 242 244 243 242 239 237 241 241 242 242 243 243 243 244 244 244 244 244 243 244 244 245 244 245 244 244 244 244 243 243 242 243 244 244 245 245 246 247 247 248 248 248 248 248 247 248 248 249 249 249 249 250 250 250 250 251 251 251 252 252 252 252 253 252 250 248 238 242 251 253 254 254 255 254 254 254 254 254 255 255 254
240 241 242 242 244 244 244 242 243 243 243 243 244 244 244 244 244 244 245 244 244 244 244 244 245 245 245 245 244 244 243 242 241 243 244 244 243 243 243 246 247 247 248 248 248 249 248 248 248 248 248 248 247 248 248 249 250 250 250 251 251 251 252 252 253 252 251 252 247 244 244 250 251 254 254 254 254 254 254 253 253 253 254 254
240 241 241 243 244 244 244 245 243 244 244 244 244 244 244 244 245 244 245 245 245 245 244 245 245 245 245 245 245 244 243 240 240 240 239 244 242 243 246 247 247 248 248 248 248 249 249 248 248 247 240 238 245 246 245 249 250 250 250 251 251 251 251 252 252 251 251 252 252 252 250 250 251 254 254 254 253 253 253 253 253 253 254 255
240 241 242 244 245 245 245 246 244 244 245 245 245 245 245 245 245 245 245 245 245 245 245 245 245 245 245 245 245 244 242 239 239 241 241 241 237 244 247 247 247 248 248 248 248 249 249 249 249 248 245 222 235 244 247 249 250 250 250 250 251 251 252 252 251 251 251 251 251 252 251 252 253 253 252 252 252 252 252 252 253 253 253 254
241 242 242 242 245 245 246 246 244 244 245 245 245 245 245 245 246 245 245 246 245 246 245 246 245 245 246 245 245 244 243 243 243 243 242 239 237 243 245 246 247 247 248 249 249 249 249 249 249 248 246 215 225 243 247 249 249 250 250 250 251 251 252 252 251 251 250 250 251 251 252 252 252 252 252 252 252 252 252 252 252 253 254 254
242 243 242 243 245 245 245 245 244 244 244 245 245 246 245 245 245 246 245 246 246 246 246 246 246 245 246 246 245 244 244 244 244 243 242 239 239 245 245 247 247 247 248 248 249 249 250 250 249 249 247 219 226 243 247 249 250 250 251 251 251 251 251 251 248 249 250 250 251 251 251 252 252 252 252 252 252 252 252 252 251 253 253 253
242 243 242 242 244 245 245 245 245 244 244 244 245 246 245 245 246 246 245 246 246 246 246 246 246 245 247 246 246 244 244 244 243 243 241 241 243 244 246 246 246 247 247 248 249 249 250 250 250 249 247 222 242 244 247 249 250 250 251 251 252 251 251 249 248 250 250 250 251 251 251 251 251 252 252 252 251 251 251 251 251 252 253 254
239 242 242 242 244 244 245 245 243 242 244 242 244 245 245 246 246 246 245 246 246 246 247 246 246 247 247 245 246 245 244 244 243 239 236 236 239 243 244 245 246 247 247 248 250 249 250 250 250 250 249 244 238 245 247 249 250 250 251 251 251 250 251 245 250 250 250 250 251 251 251 251 251 251 251 251 251 251 251 251 251 252 253 253
