invasiveSpecies/singleSpecies/data/worldclim_KE/worldclim_KE_2050_BC85_Bio5.asc
ncols         347
nrows         295
xllcorner     36.068012264173
yllcorner     0.13039239511974
cellsize      0.0083333333333333
NODATA_value  -9999
[rows 148 to 184 of 295, columns 84 to 167 of 347]
-9999 -9999 -9999 -9999 -9999 -9999 -9999 -9999 -9999 -9999 -9999 -9999 -9999 -9999 -9999 -9999 -9999 -9999 -9999 -9999 -9999 -9999 -9999 -9999 -9999 -9999 -9999 -9999 -9999 -9999 -9999 -9999 -9999 -9999 -9999 -9999 -9999 -9999 -9999 -9999 -9999 355 355 352 349 348 342 338 333 332 335 338 336 328 317 314 301 307 323 334 339 342 344 349 351 353 354 356 356 357 357 358 358 358 358 357 358 359 359 359 358 358 360 359
-9999 -9999 -9999 -9999 -9999 -9999 -9999 -9999 -9999 -9999 -9999 -9999 -9999 -9999 -9999 -9999 -9999 -9999 -9999 -9999 -9999 -9999 -9999 -9999 -9999 -9999 -9999 -9999 -9999 -9999 -9999 -9999 -9999 -9999 -9999 -9999 -9999 -9999 -9999 -9999 -9999 355 353 351 349 343 340 336 331 329 332 337 335 331 324 324 315 319 312 328 335 341 344 345 350 352 354 355 356 357 357 357 357 357 358 358 358 358 358 359 358 359 359 359
-9999 -9999 -9999 -9999 -9999 -9999 -9999 -9999 -9999 -9999 -9999 -9999 -9999 -9999 -9999 -9999 -9999 -9999 -9999 -9999 -9999 -9999 -9999 -9999 -9999 -9999 -9999 -9999 -9999 -9999 -9999 -9999 -9999 -9999 -9999 -9999 -9999 -9999 -9999 -9999 -9999 356 349 349 347 341 336 331 330 328 334 336 337 337 333 330 329 324 315 320 330 335 337 337 343 340 349 354 357 357 357 357 357 357 356 357 357 357 357 358 358 358 358 358
-9999 -9999 -9999 -9999 -9999 -9999 -9999 -9999 -9999 -9999 -9999 -9999 -9999 -9999 -9999 -9999 -9999 -9999 -9999 -9999 -9999 -9999 -9999 -9999 -9999 -9999 -9999 -9999 -9999 -9999 -9999 -9999 -9999 -9999 -9999 -9999 -9999 -9999 -9999 -9999 -9999 355 348 347 344 340 340 327 328 325 330 336 334 332 333 332 327 322 315 308 325 325 327 328 338 335 345 353 356 356 357 356 356 356 356 357 356 356 357 357 357 358 358 358
-9999 -9999 -9999 -9999 -9999 -9999 -9999 -9999 -9999 -9999 -9999 -9999 -9999 -9999 -9999 -9999 -9999 -9999 -9999 -9999 -9999 -9999 -9999 -9999 -9999 -9999 -9999 -9999 -9999 -9999 -9999 -9999 -9999 -9999 -9999 -9999 -9999 -9999 -9999 -9999 -9999 355 349 348 342 336 335 331 331 329 328 332 333 332 326 322 327 302 302 293 319 309 316 321 331 329 340 350 354 355 355 355 355 354 355 355 357 357 356 356 357 358 358 359
-9999 -9999 -9999 -9999 -9999 -9999 -9999 -9999 -9999 -9999 -9999 -9999 -9999 -9999 -9999 -9999 -9999 -9999 -9999 -9999 -9999 -9999 -9999 -9999 -9999 -9999 -9999 -9999 -9999 -9999 -9999 -9999 -9999 -9999 -9999 -9999 -9999 -9999 -9999 -9999 -9999 355 353 351 343 336 329 329 330 326 321 328 320 327 322 314 318 307 288 276 294 288 308 305 318 321 333 346 353 355 354 354 354 352 353 355 355 356 357 358 357 358 358 359
-9999 -9999 -9999 -9999 -9999 -9999 -9999 -9999 -9999 -9999 -9999 -9999 -9999 -9999 -9999 -9999 -9999 -9999 -9999 -9999 -9999 -9999 -9999 -9999 -9999 -9999 -9999 -9999 -9999 -9999 -9999 -9999 -9999 -9999 -9999 -9999 -9999 -9999 -9999 -9999 -9999 -9999 353 351 346 337 333 330 329 325 318 322 328 329 324 309 304 278 277 278 293 294 281 287 303 324 342 348 352 353 353 353 352 351 353 354 355 355 356 357 357 358 359 359
-9999 -9999 -9999 -9999 -9999 -9999 -9999 -9999 -9999 -9999 -9999 -9999 -9999 -9999 -9999 -9999 -9999 -9999 -9999 -9999 -9999 -9999 -9999 -9999 -9999 -9999 -9999 -9999 -9999 -9999 -9999 -9999 -9999 -9999 -9999 -9999 -9999 -9999 -9999 -9999 -9999 -9999 353 351 349 335 327 328 328 328 311 311 321 314 321 315 291 274 272 285 307 306 294 310 325 332 339 345 350 352 351 348 351 352 353 353 353 354 356 357 357 357 358 359
-9999 -9999 -9999 -9999 -9999 -9999 -9999 -9999 -9999 -9999 -9999 -9999 -9999 -9999 -9999 -9999 -9999 -9999 -9999 -9999 -9999 -9999 -9999 -9999 -9999 -9999 -9999 -9999 -9999 -9999 -9999 -9999 -9999 -9999 -9999 -9999 -9999 -9999 -9999 -9999 -9999 -9999 352 350 346 336 327 330 329 326 317 310 318 308 312 301 284 273 270 286 302 316 300 296 301 325 332 341 344 350 348 346 349 347 349 350 351 353 355 356 357 357 358 358
-9999 -9999 -9999 -9999 -9999 -9999 -9999 -9999 -9999 -9999 -9999 -9999 -9999 -9999 -9999 -9999 -9999 -9999 -9999 -9999 -9999 -9999 -9999 -9999 -9999 -9999 -9999 -9999 -9999 -9999 -9999 -9999 -9999 -9999 -9999 -9999 -9999 -9999 -9999 -9999 -9999 -9999 354 349 342 333 326 331 330 325 322 317 323 316 307 281 272 273 270 271 288 316 316 304 282 309 326 334 341 343 343 340 336 329 337 346 348 348 353 355 356 357 358 357
-9999 -9999 -9999 -9999 -9999 -9999 -9999 -9999 -9999 -9999 -9999 -9999 -9999 -9999 -9999 -9999 -9999 -9999 -9999 -9999 -9999 -9999 -9999 -9999 -9999 -9999 -9999 -9999 -9999 -9999 -9999 -9999 -9999 -9999 -9999 -9999 -9999 -9999 -9999 -9999 -9999 353 354 345 342 333 327 331 330 330 330 327 326 321 303 283 271 271 268 271 288 313 320 308 290 283 315 326 337 338 339 335 335 331 329 332 330 339 352 355 356 357 357 357
-9999 -9999 -9999 -9999 -9999 -9999 -9999 -9999 -9999 -9999 -9999 -9999 -9999 -9999 -9999 -9999 -9999 -9999 -9999 -9999 -9999 -9999 -9999 -9999 -9999 -9999 -9999 -9999 -9999 -9999 -9999 -9999 -9999 -9999 -9999 -9999 -9999 -9999 -9999 -9999 -9999 353 352 346 344 335 329 333 333 333 333 330 327 320 299 282 268 278 272 270 282 317 322 317 308 296 306 316 329 331 333 325 331 343 347 350 337 349 352 354 356 356 357 357
-9999 -9999 -9999 -9999 -9999 -9999 -9999 -9999 -9999 -9999 -9999 -9999 -9999 -9999 -9999 -9999 -9999 -9999 -9999 -9999 -9999 -9999 -9999 -9999 -9999 -9999 -9999 -9999 -9999 -9999 -9999 -9999 -9999 -9999 -9999 -9999 -9999 -9999 -9999 -9999 353 353 351 347 342 336 338 337 337 333 331 327 321 319 301 284 276 286 286 269 281 303 321 320 308 293 279 282 303 318 320 328 336 343 350 351 349 351 354 355 356 357 356 357
-9999 -9999 -9999 -9999 -9999 -9999 -9999 -9999 -9999 -9999 -9999 -9999 -9999 -9999 -9999 -9999 -9999 -9999 -9999 -9999 -9999 -9999 -9999 -9999 -9999 -9999 -9999 -9999 -9999 -9999 -9999 -9999 -9999 -9999 -9999 -9999 -9999 -9999 -9999 -9999 352 352 352 347 344 338 341 339 337 331 330 328 320 317 298 290 280 286 293 279 280 285 319 325 313 294 281 287 302 315 330 338 339 347 350 351 353 354 355 355 356 356 357 358
-9999 -9999 -9999 -9999 -9999 -9999 -9999 -9999 -9999 -9999 -9999 -9999 -9999 -9999 -9999 -9999 -9999 -9999 -9999 -9999 -9999 -9999 -9999 -9999 -9999 -9999 -9999 -9999 -9999 -9999 -9999 -9999 -9999 -9999 -9999 -9999 -9999 -9999 -9999 -9999 353 351 351 350 344 340 338 334 333 332 331 329 324 319 314 294 290 295 305 291 284 306 317 325 319 306 294 295 299 325 335 339 346 350 351 352 353 354 354 355 355 356 357 357
-9999 -9999 -9999 -9999 -9999 -9999 -9999 -9999 -9999 -9999 -9999 -9999 -9999 -9999 -9999 -9999 -9999 -9999 -9999 -9999 -9999 -9999 -9999 -9999 -9999 -9999 -9999 -9999 -9999 -9999 -9999 -9999 -9999 -9999 -9999 -9999 -9999 -9999 -9999 -9999 -9999 351 349 347 344 335 325 330 331 331 329 328 317 314 308 295 303 295 309 298 289 296 315 327 321 313 309 300 299 325 336 336 342 345 350 351 352 352 353 354 355 356 356 357
-9999 -9999 -9999 -9999 -9999 -9999 -9999 -9999 -9999 -9999 -9999 -9999 -9999 -9999 -9999 -9999 -9999 -9999 -9999 -9999 -9999 -9999 -9999 -9999 -9999 -9999 -9999 -9999 -9999 -9999 -9999 -9999 -9999 -9999 -9999 -9999 -9999 -9999 -9999 -9999 -9999 347 347 344 338 335 323 328 330 329 326 322 308 320 317 297 311 304 303 311 291 300 312 325 328 325 316 312 308 308 324 327 336 342 347 349 352 352 353 354 355 355 356 356
-9999 -9999 -9999 -9999 -9999 -9999 -9999 -9999 -9999 -9999 -9999 -9999 -9999 -9999 -9999 -9999 -9999 -9999 -9999 -9999 -9999 -9999 -9999 -9999 -9999 -9999 -9999 -9999 -9999 -9999 -9999 -9999 -9999 -9999 -9999 -9999 -9999 -9999 -9999 -9999 -9999 352 347 344 337 333 333 330 331 329 327 317 307 318 323 310 321 314 310 321 309 299 312 321 329 324 318 316 313 315 325 331 329 344 349 350 352 350 352 354 354 355 355 356
-9999 -9999 -9999 -9999 -9999 -9999 -9999 -9999 -9999 -9999 -9999 -9999 -9999 -9999 -9999 -9999 -9999 -9999 -9999 -9999 -9999 -9999 -9999 -9999 -9999 -9999 -9999 -9999 -9999 -9999 -9999 -9999 -9999 -9999 -9999 -9999 -9999 -9999 -9999 -9999 -9999 350 348 348 340 337 336 334 333 330 328 325 311 323 326 320 314 323 317 325 310 307 308 320 329 329 324 319 315 312 327 338 345 345 346 345 347 350 351 353 354 355 355 355
-9999 -9999 -9999 -9999 -9999 -9999 -9999 -9999 -9999 -9999 -9999 -9999 -9999 -9999 -9999 -9999 -9999 -9999 -9999 -9999 -9999 -9999 -9999 -9999 -9999 -9999 -9999 -9999 -9999 -9999 -9999 -9999 -9999 -9999 -9999 -9999 -9999 -9999 -9999 -9999 -9999 351 349 348 340 336 333 332 332 329 328 325 318 323 327 326 321 326 321 330 328 320 317 321 330 329 320 311 306 318 329 332 344 342 348 349 351 352 351 352 353 354 354 355
-9999 -9999 -9999 -9999 -9999 -9999 -9999 -9999 -9999 -9999 -9999 -9999 -9999 -9999 -9999 -9999 -9999 -9999 -9999 -9999 -9999 -9999 -9999 -9999 -9999 -9999 -9999 -9999 -9999 -9999 -9999 -9999 -9999 -9999 -9999 -9999 -9999 -9999 -9999 -9999 -9999 -9999 347 346 338 334 332 328 329 329 328 326 324 323 327 329 319 324 327 327 329 327 326 324 330 328 320 316 318 322 322 331 335 342 347 347 348 341 334 342 351 352 353 354
-9999 -9999 -9999 -9999 -9999 -9999 -9999 -9999 -9999 -9999 -9999 -9999 -9999 -9999 -9999 -9999 -9999 -9999 -9999 -9999 -9999 -9999 -9999 -9999 -9999 -9999 -9999 -9999 -9999 -9999 -9999 -9999 -9999 -9999 -9999 -9999 -9999 -9999 -9999 -9999 -9999 -9999 347 344 339 334 332 332 331 329 329 327 325 322 325 329 322 328 327 328 330 329 331 331 330 329 328 325 325 324 326 327 324 332 340 338 341 335 332 331 339 343 352 352
-9999 -9999 -9999 -9999 -9999 -9999 -9999 -9999 -9999 -9999 -9999 -9999 -9999 -9999 -9999 -9999 -9999 -9999 -9999 -9999 -9999 -9999 -9999 -9999 -9999 -9999 -9999 -9999 -9999 -9999 -9999 -9999 -9999 -9999 -9999 -9999 -9999 -9999 -9999 -9999 -9999 349 349 345 341 336 335 331 329 328 328 327 325 327 328 330 328 327 329 330 331 331 330 327 319 322 323 322 324 320 316 311 299 317 332 329 329 320 324 341 342 342 348 351
-9999 -9999 -9999 -9999 -9999 -9999 -9999 -9999 -9999 -9999 -9999 -9999 -9999 -9999 -9999 -9999 -9999 -9999 -9999 -9999 -9999 -9999 -9999 -9999 -9999 -9999 -9999 -9999 -9999 -9999 -9999 -9999 -9999 -9999 -9999 -9999 -9999 -9999 -9999 -9999 -9999 346 344 343 338 335 334 333 326 326 326 327 329 329 329 331 331 330 330 331 331 330 327 322 314 314 316 314 320 307 297 306 293 300 305 312 319 319 326 335 333 329 334 349
-9999 -9999 -9999 -9999 -9999 -9999 -9999 -9999 -9999 -9999 -9999 -9999 -9999 -9999 -9999 -9999 -9999 -9999 -9999 -9999 -9999 -9999 -9999 -9999 -9999 -9999 -9999 -9999 -9999 -9999 -9999 -9999 -9999 -9999 -9999 -9999 -9999 -9999 -9999 -9999 -9999 346 344 343 336 334 334 331 329 320 326 328 331 329 330 332 334 334 332 332 330 329 326 320 308 300 307 298 315 310 291 301 292 306 322 323 322 333 328 321 319 325 328 349
-9999 -9999 -9999 -9999 -9999 -9999 -9999 -9999 -9999 -9999 -9999 -9999 -9999 -9999 -9999 -9999 -9999 -9999 -9999 -9999 -9999 -9999 -9999 -9999 -9999 -9999 -9999 -9999 -9999 -9999 -9999 -9999 -9999 -9999 -9999 -9999 -9999 -9999 -9999 -9999 346 346 343 342 340 334 333 332 331 329 329 329 332 334 331 334 333 332 328 329 330 328 325 319 291 294 301 294 296 305 288 296 296 314 328 335 332 345 346 340 331 327 332 347
-9999 -9999 -9999 -9999 -9999 -9999 -9999 -9999 -9999 -9999 -9999 -9999 -9999 -9999 -9999 -9999 -9999 -9999 -9999 -9999 -9999 -9999 -9999 -9999 -9999 -9999 -9999 -9999 -9999 -9999 -9999 -9999 -9999 -9999 -9999 -9999 -9999 -9999 -9999 -9999 344 345 344 342 341 337 335 334 333 333 331 330 332 334 335 336 333 331 329 324 327 328 324 317 307 289 287 287 283 298 287 293 303 322 337 342 341 347 349 346 331 315 318 340
-9999 -9999 -9999 -9999 -9999 -9999 -9999 -9999 -9999 -9999 -9999 -9999 -9999 -9999 -9999 -9999 -9999 -9999 -9999 -9999 -9999 -9999 -9999 -9999 -9999 -9999 -9999 -9999 -9999 -9999 -9999 -9999 -9999 -9999 -9999 -9999 -9999 -9999 -9999 -9999 343 344 344 343 339 335 336 336 334 336 333 331 333 333 335 333 332 330 322 315 321 326 326 318 310 300 291 287 277 290 305 300 317 327 337 346 348 349 351 350 343 326 342 352
-9999 -9999 -9999 -9999 -9999 -9999 -9999 -9999 -9999 -9999 -9999 -9999 -9999 -9999 -9999 -9999 -9999 -9999 -9999 -9999 -9999 -9999 -9999 -9999 -9999 -9999 -9999 -9999 -9999 -9999 -9999 -9999 -9999 -9999 -9999 -9999 -9999 -9999 -9999 -9999 -9999 343 345 342 339 338 338 338 336 337 336 335 336 335 336 331 328 329 323 309 321 320 324 320 317 313 301 285 283 305 317 321 320 325 337 346 350 350 352 353 352 348 347 353
-9999 -9999 -9999 -9999 -9999 -9999 -9999 -9999 -9999 -9999 -9999 -9999 -9999 -9999 -9999 -9999 -9999 -9999 -9999 -9999 -9999 -9999 -9999 -9999 -9999 -9999 -9999 -9999 -9999 -9999 -9999 -9999 -9999 -9999 -9999 -9999 -9999 -9999 -9999 -9999 -9999 342 343 342 342 342 340 339 338 339 337 339 337 337 336 333 331 330 328 323 314 315 318 323 319 314 305 299 286 304 319 331 334 328 336 345 351 353 353 354 354 354 354 355
-9999 -9999 -9999 -9999 -9999 -9999 -9999 -9999 -9999 -9999 -9999 -9999 -9999 -9999 -9999 -9999 -9999 -9999 -9999 -9999 -9999 -9999 -9999 -9999 -9999 -9999 -9999 -9999 -9999 -9999 -9999 -9999 -9999 -9999 343 343 -9999 -9999 -9999 -9999 -9999 340 340 342 342 343 343 341 339 341 339 339 336 336 335 333 332 331 328 327 323 323 319 310 314 316 315 306 295 314 325 332 341 345 332 339 349 354 354 355 355 356 356 356
-9999 -9999 -9999 -9999 -9999 -9999 -9999 -9999 -9999 -9999 -9999 -9999 -9999 -9999 -9999 -9999 -9999 -9999 -9999 -9999 -9999 -9999 -9999 -9999 -9999 -9999 -9999 -9999 -9999 -9999 -9999 -9999 -9999 344 343 341 340 -9999 -9999 -9999 -9999 338 339 339 340 342 341 341 339 339 337 337 336 334 334 334 333 331 329 328 326 326 324 317 311 314 312 307 309 324 329 333 344 349 349 338 351 353 355 355 355 356 356 357
-9999 -9999 -9999 -9999 -9999 -9999 -9999 -9999 -9999 -9999 -9999 -9999 -9999 -9999 -9999 -9999 -9999 -9999 -9999 -9999 -9999 -9999 -9999 -9999 -9999 -9999 -9999 -9999 -9999 -9999 -9999 -9999 -9999 342 340 340 339 337 -9999 -9999 -9999 336 338 337 339 340 340 340 338 337 336 336 335 333 333 333 332 331 330 329 328 327 326 320 314 309 310 310 328 328 338 337 349 350 349 339 350 354 355 356 356 355 357 357
-9999 -9999 -9999 -9999 -9999 -9999 -9999 -9999 -9999 -9999 -9999 -9999 -9999 -9999 -9999 -9999 -9999 -9999 -9999 -9999 -9999 -9999 -9999 -9999 -9999 -9999 -9999 -9999 -9999 -9999 -9999 -9999 -9999 341 337 338 339 336 -9999 -9999 337 336 336 336 337 339 339 338 336 336 334 332 333 330 330 330 331 329 329 328 327 325 326 322 314 308 309 319 331 339 345 346 349 351 351 338 350 353 355 356 357 357 356 358
-9999 -9999 -9999 -9999 -9999 -9999 -9999 -9999 -9999 -9999 -9999 -9999 -9999 -9999 -9999 -9999 -9999 -9999 -9999 -9999 -9999 -9999 -9999 -9999 -9999 -9999 -9999 -9999 -9999 -9999 -9999 -9999 -9999 341 338 336 337 337 335 -9999 -9999 336 335 335 335 335 337 336 334 335 333 330 331 330 330 328 329 329 329 327 320 320 316 315 320 306 301 316 328 341 348 350 350 352 352 352 354 354 355 355 357 357 356 356
-9999 -9999 -9999 -9999 -9999 -9999 -9999 -9999 -9999 -9999 -9999 -9999 -9999 -9999 -9999 -9999 -9999 -9999 -9999 -9999 -9999 -9999 -9999 -9999 -9999 -9999 -9999 -9999 -9999 -9999 -9999 -9999 -9999 342 337 337 336 336 335 -9999 336 336 334 335 334 333 337 336 333 334 333 331 330 330 328 329 329 329 330 328 324 326 325 316 317 313 302 312 327 345 349 351 352 353 353 354 354 355 355 356 355 356 357 357
-9999 -9999 -9999 -9999 -9999 -9999 -9999 -9999 -9999 -9999 -9999 -9999 -9999 -9999 -9999 -9999 -9999 -9999 -9999 -9999 -9999 -9999 -9999 -9999 -9999 -9999 -9999 -9999 -9999 -9999 -9999 -9999 -9999 340 339 338 335 334 334 333 334 336 335 333 332 333 334 335 334 333 332 331 330 330 330 329 330 329 329 330 328 327 327 328 327 326 317 312 328 332 348 352 352 353 353 354 355 355 355 356 356 356 355 356
