invasiveSpecies/singleSpecies/data/worldclim_KE/worldclim_KE_2050_BC85_Bio5.asc
ncols         347
nrows         295
xllcorner     36.068012264173
yllcorner     0.13039239511974
cellsize      0.0083333333333333
NODATA_value  -9999
[rows 37 to 73 of 295, columns 168 to 251 of 347]
-9999 -9999 -9999 -9999 -9999 -9999 -9999 -9999 -9999 -9999 -9999 -9999 -9999 -9999 -9999 -9999 -9999 -9999 -9999 -9999 -9999 -9999 -9999 -9999 -9999 -9999 -9999 -9999 -9999 -9999 -9999 -9999 -9999 -9999 -9999 -9999 351 349 348 347 347 346 353 360 342 342 340 339 335 333 330 327 -9999 -9999 -9999 -9999 -9999 -9999 -9999 -9999 -9999 -9999 -9999 -9999 -9999 -9999 -9999 -9999 338 342 343 346 348 350 353 355 357 358 360 362 364 365 365 366
-9999 -9999 -9999 -9999 -9999 -9999 -9999 -9999 -9999 -9999 -9999 -9999 -9999 -9999 -9999 -9999 -9999 -9999 -9999 -9999 -9999 -9999 -9999 -9999 -9999 -9999 -9999 -9999 -9999 -9999 -9999 -9999 -9999 -9999 -9999 -9999 351 349 348 348 346 345 343 348 342 340 337 336 334 332 330 328 324 -9999 -9999 -9999 -9999 -9999 -9999 -9999 -9999 -9999 -9999 -9999 -9999 -9999 -9999 339 341 343 345 347 349 352 355 357 358 360 362 363 364 365 366 366
-9999 -9999 -9999 -9999 -9999 -9999 -9999 -9999 -9999 -9999 -9999 -9999 -9999 -9999 -9999 -9999 -9999 -9999 -9999 -9999 -9999 -9999 -9999 -9999 -9999 -9999 -9999 -9999 -9999 -9999 -9999 -9999 -9999 -9999 -9999 351 350 349 348 346 345 345 344 342 340 337 336 335 331 330 330 328 320 317 315 -9999 -9999 -9999 -9999 -9999 -9999 -9999 -9999 -9999 -9999 -9999 -9999 339 343 345 346 348 350 354 357 358 360 361 362 363 364 365 366 368
-9999 -9999 -9999 -9999 -9999 -9999 -9999 -9999 -9999 -9999 -9999 -9999 -9999 -9999 -9999 -9999 -9999 -9999 -9999 -9999 -9999 -9999 -9999 -9999 -9999 -9999 -9999 -9999 -9999 -9999 -9999 -9999 -9999 -9999 -9999 -9999 350 349 347 346 347 345 343 342 339 336 335 334 329 329 326 324 321 319 315 315 315 -9999 -9999 -9999 -9999 -9999 -9999 -9999 -9999 341 341 342 343 346 347 347 350 356 358 359 361 362 363 364 365 366 367 368
-9999 -9999 -9999 -9999 -9999 -9999 -9999 -9999 -9999 -9999 -9999 -9999 -9999 -9999 -9999 -9999 -9999 -9999 -9999 -9999 -9999 -9999 -9999 -9999 -9999 -9999 -9999 -9999 -9999 -9999 -9999 -9999 -9999 -9999 -9999 -9999 351 350 350 347 346 345 345 342 338 337 335 334 333 330 328 326 322 321 323 324 322 -9999 -9999 -9999 -9999 -9999 -9999 -9999 341 342 344 344 344 347 350 351 356 358 360 360 362 363 364 364 365 367 368 369
-9999 -9999 -9999 -9999 -9999 -9999 -9999 -9999 -9999 -9999 -9999 -9999 -9999 -9999 -9999 -9999 -9999 -9999 -9999 -9999 -9999 -9999 -9999 -9999 -9999 -9999 -9999 -9999 -9999 -9999 -9999 -9999 -9999 -9999 -9999 -9999 352 351 349 347 345 345 343 341 339 336 335 335 334 331 329 328 327 327 328 327 325 -9999 -9999 -9999 -9999 -9999 -9999 -9999 344 343 343 347 347 350 352 355 358 360 361 361 363 364 365 366 366 368 370 370
-9999 -9999 -9999 -9999 -9999 -9999 -9999 -9999 -9999 -9999 -9999 -9999 -9999 -9999 -9999 -9999 -9999 -9999 -9999 -9999 -9999 -9999 -9999 -9999 -9999 -9999 -9999 -9999 -9999 -9999 -9999 -9999 -9999 -9999 -9999 -9999 352 350 348 347 345 345 343 342 339 338 336 334 335 331 330 329 329 328 329 331 332 -9999 -9999 -9999 -9999 -9999 342 342 345 346 344 347 350 353 355 356 359 360 362 362 363 364 365 367 368 369 371 370
-9999 -9999 -9999 -9999 -9999 -9999 -9999 -9999 -9999 -9999 -9999 -9999 -9999 -9999 -9999 -9999 -9999 -9999 -9999 -9999 -9999 -9999 -9999 -9999 -9999 -9999 -9999 -9999 -9999 -9999 -9999 -9999 -9999 -9999 -9999 -9999 351 350 349 348 345 344 343 343 340 339 339 336 337 332 333 333 330 332 331 331 333 336 337 338 340 342 344 346 347 348 348 348 353 354 357 359 360 360 362 363 364 365 366 368 369 370 371 371
-9999 -9999 -9999 -9999 -9999 -9999 -9999 -9999 -9999 -9999 -9999 -9999 -9999 -9999 -9999 -9999 -9999 -9999 -9999 -9999 -9999 -9999 -9999 -9999 -9999 -9999 -9999 -9999 -9999 -9999 -9999 -9999 -9999 -9999 -9999 -9999 351 350 349 348 345 343 343 343 341 339 338 338 337 334 334 334 334 334 339 352 339 338 340 342 343 343 346 347 349 351 351 352 354 355 357 359 361 362 362 363 364 364 367 368 369 370 371 372
-9999 -9999 -9999 -9999 -9999 -9999 -9999 -9999 -9999 -9999 -9999 -9999 -9999 -9999 -9999 -9999 -9999 -9999 -9999 -9999 -9999 -9999 -9999 -9999 -9999 -9999 -9999 -9999 -9999 -9999 -9999 -9999 -9999 -9999 -9999 354 351 351 350 347 346 344 343 343 340 340 338 338 339 337 335 336 336 336 351 352 344 341 341 344 344 345 348 349 350 352 352 353 356 357 358 359 361 363 362 363 364 365 367 367 369 371 372 374
-9999 -9999 -9999 -9999 -9999 -9999 -9999 -9999 -9999 -9999 -9999 -9999 -9999 -9999 -9999 -9999 -9999 -9999 -9999 -9999 -9999 -9999 -9999 -9999 -9999 -9999 -9999 -9999 -9999 -9999 -9999 -9999 -9999 -9999 -9999 354 354 351 350 349 348 344 345 343 340 339 340 338 338 337 335 335 338 339 341 343 341 344 343 346 348 349 350 352 353 354 355 355 357 358 360 361 363 364 366 366 366 367 368 370 371 372 372 373
-9999 -9999 -9999 -9999 -9999 -9999 -9999 -9999 -9999 -9999 -9999 -9999 -9999 -9999 -9999 -9999 -9999 -9999 -9999 -9999 -9999 -9999 -9999 -9999 -9999 -9999 -9999 -9999 -9999 -9999 -9999 -9999 -9999 -9999 -9999 355 364 364 350 349 348 345 345 343 342 341 338 340 340 338 337 338 340 340 341 343 344 345 347 347 347 350 352 354 355 354 356 357 359 359 361 363 364 365 366 367 367 368 369 371 371 372 373 374
-9999 -9999 -9999 -9999 -9999 -9999 -9999 -9999 -9999 -9999 -9999 -9999 -9999 -9999 -9999 -9999 -9999 -9999 -9999 -9999 -9999 -9999 -9999 -9999 -9999 -9999 -9999 -9999 -9999 -9999 -9999 -9999 -9999 -9999 -9999 355 359 355 350 349 348 347 345 344 342 341 341 341 340 339 341 342 343 343 344 344 346 347 348 349 349 350 352 355 356 358 359 359 361 361 363 362 365 365 366 367 368 370 370 371 372 372 374 374
-9999 -9999 -9999 -9999 -9999 -9999 -9999 -9999 -9999 -9999 -9999 -9999 -9999 -9999 -9999 -9999 -9999 -9999 -9999 -9999 -9999 -9999 -9999 -9999 -9999 -9999 -9999 -9999 -9999 -9999 -9999 -9999 -9999 -9999 -9999 355 354 351 351 350 348 347 347 344 342 342 340 339 340 342 342 344 344 345 346 348 347 349 349 349 351 352 353 356 358 362 360 361 362 362 363 364 365 366 367 368 370 371 371 373 373 374 373 374
-9999 -9999 -9999 -9999 -9999 -9999 -9999 -9999 -9999 -9999 -9999 -9999 -9999 -9999 -9999 -9999 -9999 -9999 -9999 -9999 -9999 -9999 -9999 -9999 -9999 -9999 -9999 -9999 -9999 -9999 -9999 -9999 -9999 -9999 -9999 355 354 353 351 350 349 349 348 345 345 345 343 342 343 344 347 347 347 347 346 348 349 350 351 352 352 354 355 357 359 363 361 362 363 363 364 365 365 367 368 369 369 370 372 372 374 375 375 375
-9999 -9999 -9999 -9999 -9999 -9999 -9999 -9999 -9999 -9999 -9999 -9999 -9999 -9999 -9999 -9999 -9999 -9999 -9999 -9999 -9999 -9999 -9999 -9999 -9999 -9999 -9999 -9999 -9999 -9999 -9999 -9999 -9999 -9999 -9999 355 354 352 352 351 350 349 349 348 347 345 344 345 344 346 348 349 349 350 348 349 351 351 352 353 355 356 357 358 359 363 362 363 364 365 365 365 366 368 369 370 371 372 372 373 375 376 375 376
-9999 -9999 -9999 -9999 -9999 -9999 -9999 -9999 -9999 -9999 -9999 -9999 -9999 -9999 -9999 -9999 -9999 -9999 -9999 -9999 -9999 -9999 -9999 -9999 -9999 -9999 -9999 -9999 -9999 -9999 -9999 -9999 -9999 -9999 -9999 355 354 353 353 352 350 350 350 349 348 347 345 347 347 348 349 351 351 351 350 351 352 353 354 355 358 358 360 359 361 362 365 364 365 365 366 366 366 367 369 370 371 373 374 373 374 376 377 377
-9999 -9999 -9999 -9999 -9999 -9999 -9999 -9999 -9999 -9999 -9999 -9999 -9999 -9999 -9999 -9999 -9999 -9999 -9999 -9999 -9999 -9999 -9999 -9999 -9999 -9999 -9999 -9999 -9999 -9999 -9999 -9999 -9999 -9999 -9999 355 355 354 353 351 352 352 351 349 348 349 348 349 350 350 351 353 352 353 353 353 353 354 355 356 358 358 361 361 361 362 364 365 366 366 366 367 367 368 370 371 373 375 376 375 376 377 377 377
-9999 -9999 -9999 -9999 -9999 -9999 -9999 -9999 -9999 -9999 -9999 -9999 -9999 -9999 -9999 -9999 -9999 -9999 -9999 -9999 -9999 -9999 -9999 -9999 -9999 -9999 -9999 -9999 -9999 -9999 -9999 -9999 -9999 -9999 -9999 355 356 355 354 354 353 353 352 351 350 350 351 351 352 351 353 354 355 355 354 355 355 354 356 357 359 360 361 362 362 363 365 365 366 367 368 367 368 368 369 371 372 373 374 377 377 377 377 378
-9999 -9999 -9999 -9999 -9999 -9999 -9999 -9999 -9999 -9999 -9999 -9999 -9999 -9999 -9999 -9999 -9999 -9999 -9999 -9999 -9999 -9999 -9999 -9999 -9999 -9999 -9999 -9999 -9999 -9999 -9999 -9999 -9999 -9999 -9999 355 356 355 355 354 353 353 352 352 352 352 351 352 353 353 354 355 356 357 355 356 356 357 357 359 360 363 368 363 363 364 366 367 367 372 369 369 369 370 372 373 373 372 372 376 377 377 378 378
-9999 -9999 -9999 -9999 -9999 -9999 -9999 -9999 -9999 -9999 -9999 -9999 -9999 -9999 -9999 -9999 -9999 -9999 -9999 -9999 -9999 -9999 -9999 -9999 -9999 -9999 -9999 -9999 -9999 -9999 -9999 -9999 -9999 -9999 357 357 357 356 355 355 355 354 354 353 353 352 353 354 354 354 354 356 356 357 358 358 357 358 358 359 361 361 363 363 364 366 365 368 370 370 374 371 370 372 373 374 375 375 375 376 377 378 378 379
-9999 -9999 -9999 -9999 -9999 -9999 -9999 -9999 -9999 -9999 -9999 -9999 -9999 -9999 -9999 -9999 -9999 -9999 -9999 -9999 -9999 -9999 -9999 -9999 -9999 -9999 -9999 -9999 -9999 -9999 -9999 -9999 -9999 -9999 359 359 358 358 356 356 356 355 354 354 354 354 355 356 355 355 355 356 357 359 358 361 360 359 359 361 360 362 363 364 364 365 372 368 374 371 372 374 372 372 373 374 375 375 376 376 378 378 378 380
-9999 -9999 -9999 -9999 -9999 -9999 -9999 -9999 -9999 -9999 -9999 -9999 -9999 -9999 -9999 -9999 -9999 -9999 -9999 -9999 -9999 -9999 -9999 -9999 -9999 -9999 -9999 -9999 -9999 -9999 -9999 -9999 -9999 -9999 361 360 359 359 358 357 356 355 356 356 356 356 357 356 356 356 356 357 357 360 361 361 361 361 361 361 362 362 363 364 365 366 370 375 376 374 375 375 371 372 372 374 375 375 376 377 377 378 378 379
-9999 -9999 -9999 -9999 -9999 -9999 -9999 -9999 -9999 -9999 -9999 -9999 -9999 -9999 -9999 -9999 -9999 -9999 -9999 -9999 -9999 -9999 -9999 -9999 -9999 -9999 -9999 -9999 -9999 -9999 -9999 -9999 -9999 -9999 362 362 361 360 359 359 358 357 357 356 357 358 358 358 357 358 358 359 358 361 361 363 362 363 363 363 363 363 364 363 365 365 367 374 375 376 376 376 375 373 376 375 375 376 377 377 377 379 378 378
-9999 -9999 -9999 -9999 -9999 -9999 -9999 -9999 -9999 -9999 -9999 -9999 -9999 -9999 -9999 -9999 -9999 -9999 -9999 -9999 -9999 -9999 -9999 -9999 -9999 -9999 -9999 -9999 -9999 -9999 -9999 -9999 -9999 363 363 363 362 361 360 360 359 358 358 358 358 359 359 359 359 360 361 360 361 361 364 363 363 366 363 364 365 365 364 366 370 367 373 375 376 377 377 377 377 372 376 376 376 376 377 378 379 378 380 379
-9999 -9999 -9999 -9999 -9999 -9999 -9999 -9999 -9999 -9999 -9999 -9999 -9999 -9999 -9999 -9999 -9999 -9999 -9999 -9999 -9999 -9999 -9999 -9999 -9999 -9999 -9999 -9999 -9999 -9999 -9999 -9999 -9999 364 364 363 363 362 363 360 360 359 360 359 360 360 360 362 360 361 361 361 361 363 364 366 366 368 368 364 365 366 366 366 373 375 375 376 378 377 377 377 377 377 377 377 377 377 377 378 380 380 380 380
-9999 -9999 -9999 -9999 -9999 -9999 -9999 -9999 -9999 -9999 -9999 -9999 -9999 -9999 -9999 -9999 -9999 -9999 -9999 -9999 -9999 -9999 -9999 -9999 -9999 -9999 -9999 -9999 -9999 -9999 -9999 -9999 -9999 365 364 364 363 364 364 363 362 361 361 361 361 361 361 363 363 362 362 363 362 368 366 366 367 368 372 366 368 373 374 377 377 376 376 376 377 377 377 377 377 377 377 377 377 377 377 378 379 379 380 380
-9999 -9999 -9999 -9999 -9999 -9999 -9999 -9999 -9999 -9999 -9999 -9999 -9999 -9999 -9999 -9999 -9999 -9999 -9999 -9999 -9999 -9999 -9999 -9999 -9999 -9999 -9999 -9999 -9999 -9999 -9999 -9999 -9999 366 366 365 365 365 366 365 364 363 363 362 362 362 363 365 364 364 364 365 365 369 369 368 369 368 368 368 372 376 377 377 377 377 377 377 377 377 377 377 377 377 377 376 376 376 377 378 378 379 380 380
-9999 -9999 -9999 -9999 -9999 -9999 -9999 -9999 -9999 -9999 -9999 -9999 -9999 -9999 -9999 -9999 -9999 -9999 -9999 -9999 -9999 -9999 -9999 -9999 -9999 -9999 -9999 -9999 -9999 -9999 -9999 -9999 -9999 367 367 367 367 367 367 365 365 364 364 365 365 365 365 365 365 365 365 370 367 367 367 370 371 370 370 374 376 376 377 379 377 377 377 377 377 377 378 378 378 378 377 374 375 375 378 378 379 380 380 380
-9999 -9999 -9999 -9999 -9999 -9999 -9999 -9999 -9999 -9999 -9999 -9999 -9999 -9999 -9999 -9999 -9999 -9999 -9999 -9999 -9999 -9999 -9999 -9999 -9999 -9999 -9999 -9999 -9999 -9999 -9999 -9999 -9999 367 368 368 368 368 368 367 366 366 366 366 366 366 368 368 367 367 368 369 369 370 368 370 372 372 371 374 376 377 377 378 377 377 377 378 378 378 379 378 378 378 377 373 374 376 376 378 379 380 380 381
-9999 -9999 -9999 -9999 -9999 -9999 -9999 -9999 -9999 -9999 -9999 -9999 -9999 -9999 -9999 -9999 -9999 -9999 -9999 -9999 -9999 -9999 -9999 -9999 -9999 -9999 -9999 -9999 -9999 -9999 -9999 -9999 368 368 368 369 369 368 369 369 368 368 369 367 368 369 369 369 369 368 368 369 371 371 371 370 371 371 373 375 376 377 377 378 377 377 378 378 378 378 378 378 378 378 377 371 372 375 378 378 378 380 380 381
-9999 -9999 -9999 -9999 -9999 -9999 -9999 -9999 -9999 -9999 -9999 -9999 -9999 -9999 -9999 -9999 -9999 -9999 -9999 -9999 -9999 -9999 -9999 -9999 -9999 -9999 -9999 -9999 -9999 -9999 -9999 -9999 369 369 369 369 369 369 369 369 369 369 369 370 370 370 370 371 368 371 371 371 372 371 372 373 373 373 374 376 377 377 378 378 377 378 378 378 378 378 378 378 378 378 376 370 371 374 376 379 378 380 380 381
-9999 -9999 -9999 -9999 -9999 -9999 -9999 -9999 -9999 -9999 -9999 -9999 -9999 -9999 -9999 -9999 -9999 -9999 -9999 -9999 -9999 -9999 -9999 -9999 -9999 -9999 -9999 -9999 -9999 -9999 -9999 -9999 370 369 369 370 370 371 371 370 370 370 371 372 371 371 371 371 372 372 373 373 373 373 373 374 373 374 375 376 377 377 378 378 378 378 378 378 378 377 377 378 378 378 377 369 372 374 376 378 378 379 381 381
-9999 -9999 -9999 -9999 -9999 -9999 -9999 -9999 -9999 -9999 -9999 -9999 -9999 -9999 -9999 -9999 -9999 -9999 -9999 -9999 -9999 -9999 -9999 -9999 -9999 -9999 -9999 -9999 -9999 -9999 -9999 370 370 370 370 370 370 371 370 370 370 370 371 371 372 372 372 372 373 374 373 375 374 375 376 375 374 375 377 376 378 377 378 379 378 378 378 378 378 378 378 378 378 378 374 371 374 375 376 378 379 380 380 381
-9999 -9999 -9999 -9999 -9999 -9999 -9999 -9999 -9999 -9999 -9999 -9999 -9999 -9999 -9999 -9999 -9999 -9999 -9999 -9999 -9999 -9999 -9999 -9999 -9999 -9999 -9999 -9999 -9999 -9999 -9999 370 370 370 370 371 371 372 372 370 372 372 371 372 373 373 374 375 374 376 376 375 375 375 376 375 375 375 376 376 377 378 378 379 378 378 378 378 378 378 378 378 378 378 371 372 374 375 378 378 379 380 380 381
-9999 -9999 -9999 -9999 -9999 -9999 -9999 -9999 -9999 -9999 -9999 -9999 -9999 -9999 -9999 -9999 -9999 -9999 -9999 -9999 -9999 -9999 -9999 -9999 -9999 -9999 -9999 -9999 -9999 -9999 371 371 370 370 371 371 372 372 371 373 372 371 373 374 373 375 374 375 375 376 377 376 378 376 376 376 376 376 376 377 377 378 378 379 378 378 378 378 378 378 378 378 378 370 370 373 374 376 377 378 379 380 380 381
-9999 -9999 -9999 -9999 -9999 -9999 -9999 -9999 -9999 -9999 -9999 -9999 -9999 -9999 -9999 -9999 -9999 -9999 -9999 -9999 -9999 -9999 -9999 -9999 -9999 -9999 -9999 -9999 -9999 -9999 371 372 372 372 371 372 372 373 373 372 373 373 373 373 374 375 376 377 376 376 376 377 378 378 377 377 376 377 378 377 377 378 378 379 378 378 378 378 378 378 378 378 378 378 376 377 376 375 376 378 379 380 380 380
