invasiveSpecies/singleSpecies/data/worldclim_KE/worldclim_KE_2050_BC26_Bio13.asc
ncols         347
nrows         295
xllcorner     36.068012264173
yllcorner     0.13039239511974
cellsize      0.0083333333333333
NODATA_value  -9999
[rows 222 to 258 of 295, columns 168 to 251 of 347]
146 143 139 135 134 133 134 141 144 148 142 146 137 132 131 130 128 128 128 129 129 129 128 128 130 129 130 132 134 137 142 146 151 160 174 188 165 150 149 146 143 142 137 137 136 136 136 135 135 135 137 140 153 159 152 149 141 140 141 142 142 143 143 143 144 146 147 147 147 146 146 146 146 146 146 148 147 148 149 149 146 144 144 143
168 142 139 137 136 135 136 152 154 154 155 204 179 136 133 131 129 129 127 128 128 128 128 127 129 128 129 130 135 137 140 155 154 162 216 199 167 155 154 152 147 143 139 137 136 136 136 135 135 137 137 137 139 156 189 166 140 142 143 143 144 143 143 144 146 146 149 148 148 147 147 147 147 147 149 149 149 149 149 149 147 145 145 144
184 144 142 141 139 137 137 167 167 162 156 161 195 153 139 133 130 129 129 128 128 128 129 127 128 128 128 130 133 136 140 149 158 164 236 198 199 164 162 218 171 155 142 136 135 136 136 135 137 137 138 138 138 140 141 142 142 143 144 146 146 146 146 145 147 149 149 149 149 148 147 148 148 148 149 151 151 150 150 150 153 147 147 146
181 157 145 143 141 140 142 148 177 186 161 155 154 141 137 133 130 129 128 128 129 130 129 128 127 127 128 128 139 136 139 145 150 157 170 172 177 175 223 245 230 198 149 138 136 136 135 139 137 138 139 139 140 140 141 142 143 144 144 146 147 147 147 146 149 150 150 151 150 149 150 150 149 151 151 153 153 153 152 151 149 149 148 147
158 152 147 147 143 140 140 149 157 153 149 142 137 133 132 131 130 129 129 130 129 130 130 129 129 127 127 128 130 134 139 143 148 150 155 197 210 245 207 203 229 222 149 137 137 135 138 140 138 138 139 140 140 140 142 143 144 146 147 147 148 148 148 149 151 151 152 152 151 151 152 151 151 152 152 154 157 155 152 151 151 151 152 153
154 156 150 159 151 140 139 140 145 146 142 137 132 132 132 132 131 130 130 130 131 130 130 131 130 127 127 127 130 135 136 133 151 142 144 157 170 220 190 168 154 163 141 138 137 138 142 143 139 139 140 140 140 142 142 144 145 147 147 148 151 151 151 151 152 152 153 153 154 154 153 155 153 153 153 156 158 156 154 152 152 154 157 175
154 149 149 157 151 142 137 137 137 140 136 133 132 132 133 132 131 130 131 130 131 130 128 128 127 128 127 127 128 131 134 131 130 133 137 138 138 222 227 173 142 142 139 138 138 137 139 142 139 140 140 140 142 143 143 145 146 147 148 151 152 153 153 153 153 154 154 154 155 157 156 160 154 155 156 157 157 156 155 153 153 158 161 158
160 162 146 153 149 143 140 139 136 135 134 133 135 134 134 132 130 130 130 129 128 129 128 128 127 127 126 126 128 131 130 129 129 129 133 134 136 134 137 186 138 138 137 137 137 139 143 140 140 143 143 142 143 144 144 146 147 148 150 152 152 155 156 155 155 156 156 155 158 159 162 164 158 157 157 158 157 157 157 155 158 159 159 158
165 167 147 153 157 143 143 144 140 136 135 136 135 133 133 131 130 129 130 130 129 129 129 128 126 127 126 126 127 128 129 129 129 129 131 132 134 135 136 137 138 138 139 138 139 140 140 142 144 144 143 145 144 147 147 147 147 149 152 153 155 155 158 158 157 158 159 165 160 162 162 161 159 159 161 161 158 159 159 161 161 161 159 -9999
146 143 141 145 147 145 144 141 139 138 137 136 136 135 134 131 132 134 134 129 128 128 129 129 129 128 127 127 128 129 130 130 130 132 132 134 135 135 136 137 138 139 139 139 141 141 142 144 145 145 145 146 147 148 150 151 151 154 155 157 158 160 160 159 161 161 162 166 164 165 -9999 -9999 162 163 166 163 160 163 163 162 162 161 160 -9999
142 138 139 142 151 146 146 142 141 141 139 137 135 135 136 132 139 139 129 130 131 130 130 129 130 127 128 129 129 129 129 130 132 135 136 135 135 136 138 138 139 139 139 140 141 142 142 145 146 146 146 147 148 153 154 152 155 156 157 159 161 162 162 162 164 164 166 168 -9999 -9999 -9999 -9999 164 165 165 167 166 164 164 165 169 161 -9999 -9999
139 136 136 141 152 147 148 143 139 140 147 138 134 135 138 139 139 131 130 131 130 128 128 128 128 128 129 129 134 132 134 135 136 139 139 139 140 138 141 142 143 142 141 141 142 143 144 146 146 147 148 150 154 155 155 158 158 160 160 162 163 164 165 166 167 166 -9999 -9999 -9999 -9999 -9999 -9999 -9999 166 166 169 168 165 166 167 170 170 -9999 -9999
137 134 135 137 168 143 152 147 138 139 137 136 132 136 143 143 138 131 134 129 127 126 126 126 127 128 129 133 134 143 133 136 138 141 141 143 145 146 146 148 147 148 142 142 143 143 146 148 147 149 152 154 156 157 159 159 161 162 165 166 168 167 167 -9999 -9999 -9999 -9999 -9999 -9999 -9999 -9999 -9999 -9999 -9999 169 170 170 169 167 169 -9999 -9999 -9999 -9999
134 133 134 134 145 142 158 157 140 136 134 132 130 132 141 143 135 132 128 127 126 125 125 126 127 129 130 134 135 141 137 138 141 144 143 145 147 148 148 148 149 149 148 145 145 146 149 149 150 152 154 157 160 161 160 162 164 164 167 171 171 -9999 -9999 -9999 -9999 -9999 -9999 -9999 -9999 -9999 -9999 -9999 -9999 -9999 -9999 -9999 175 172 -9999 -9999 -9999 -9999 -9999 -9999
134 132 131 134 139 138 143 143 139 135 134 133 129 140 135 132 134 127 126 125 124 124 125 126 128 129 137 137 138 140 145 142 142 146 146 147 148 149 151 152 151 151 150 147 146 149 151 151 152 154 158 161 162 163 163 164 166 168 170 -9999 -9999 -9999 -9999 -9999 -9999 -9999 -9999 -9999 -9999 -9999 -9999 -9999 -9999 -9999 -9999 -9999 -9999 -9999 -9999 -9999 -9999 -9999 -9999 -9999
131 129 130 133 138 137 140 143 141 137 139 155 129 128 136 128 127 126 125 125 124 125 126 128 129 135 139 141 140 142 145 145 144 146 147 148 150 151 152 153 157 161 156 148 149 151 152 153 157 157 161 163 165 166 165 165 168 -9999 -9999 -9999 -9999 -9999 -9999 -9999 -9999 -9999 -9999 -9999 -9999 -9999 -9999 -9999 -9999 -9999 -9999 -9999 -9999 -9999 -9999 -9999 -9999 -9999 -9999 -9999
129 128 128 131 135 137 140 144 139 135 138 136 128 127 127 125 125 124 124 131 125 126 128 129 134 135 140 142 141 143 145 146 146 147 149 149 152 153 155 156 162 169 215 156 151 154 154 156 158 161 163 165 167 168 168 -9999 -9999 -9999 -9999 -9999 -9999 -9999 -9999 -9999 -9999 -9999 -9999 -9999 -9999 -9999 -9999 -9999 -9999 -9999 -9999 -9999 -9999 -9999 -9999 -9999 -9999 -9999 -9999 -9999
127 127 127 129 133 138 140 143 132 130 134 132 127 126 126 125 125 125 125 126 126 128 131 133 135 137 139 143 142 143 145 146 148 151 154 153 153 156 157 164 247 337 256 162 155 156 158 158 161 162 165 167 -9999 -9999 -9999 -9999 -9999 -9999 -9999 -9999 -9999 -9999 -9999 -9999 -9999 -9999 -9999 -9999 -9999 -9999 -9999 -9999 -9999 -9999 -9999 -9999 -9999 -9999 -9999 -9999 -9999 -9999 -9999 -9999
126 126 126 129 131 136 139 142 128 129 130 129 127 125 126 126 125 125 128 128 129 130 133 135 138 139 143 144 146 145 146 148 149 151 155 155 157 158 159 171 257 312 181 172 163 162 162 163 166 168 -9999 -9999 -9999 -9999 -9999 -9999 -9999 -9999 -9999 -9999 -9999 -9999 -9999 -9999 -9999 -9999 -9999 -9999 -9999 -9999 -9999 -9999 -9999 -9999 -9999 -9999 -9999 -9999 -9999 -9999 -9999 -9999 -9999 -9999
128 127 126 126 129 132 135 130 128 127 128 128 126 126 126 129 129 129 129 130 131 134 136 138 139 141 144 146 148 150 150 150 152 154 155 157 158 160 165 172 201 209 241 176 241 171 168 165 -9999 -9999 -9999 -9999 -9999 -9999 -9999 -9999 -9999 -9999 -9999 -9999 -9999 -9999 -9999 -9999 -9999 -9999 -9999 -9999 -9999 -9999 -9999 -9999 -9999 -9999 -9999 -9999 -9999 -9999 -9999 -9999 -9999 -9999 -9999 -9999
142 142 132 126 127 128 128 129 127 127 127 127 127 127 130 131 130 130 131 133 135 136 139 140 141 142 145 148 151 153 153 151 153 155 156 158 160 162 167 172 193 207 299 290 284 170 -9999 -9999 -9999 -9999 -9999 -9999 -9999 -9999 -9999 -9999 -9999 -9999 -9999 -9999 -9999 -9999 -9999 -9999 -9999 -9999 -9999 -9999 -9999 -9999 -9999 -9999 -9999 -9999 -9999 -9999 -9999 -9999 -9999 -9999 -9999 -9999 -9999 -9999
143 141 140 138 133 128 130 128 130 129 128 127 128 128 130 133 133 133 134 135 139 139 141 141 143 144 145 151 154 155 155 153 155 157 158 160 162 165 168 174 186 253 331 317 -9999 -9999 -9999 -9999 -9999 -9999 -9999 -9999 -9999 -9999 -9999 -9999 -9999 -9999 -9999 -9999 -9999 -9999 -9999 -9999 -9999 -9999 -9999 -9999 -9999 -9999 -9999 -9999 -9999 -9999 -9999 -9999 -9999 -9999 -9999 -9999 -9999 -9999 -9999 -9999
145 141 139 138 138 134 133 131 132 132 130 129 129 131 134 134 135 135 136 139 141 142 143 144 145 146 147 151 155 156 157 158 157 157 161 164 165 167 170 175 185 -9999 -9999 -9999 -9999 -9999 -9999 -9999 -9999 -9999 -9999 -9999 -9999 -9999 -9999 -9999 -9999 -9999 -9999 -9999 -9999 -9999 -9999 -9999 -9999 -9999 -9999 -9999 -9999 -9999 -9999 -9999 -9999 -9999 -9999 -9999 -9999 -9999 -9999 -9999 -9999 -9999 -9999 -9999
142 141 140 138 134 135 137 135 139 139 135 133 132 134 136 136 136 138 140 141 143 145 146 146 147 148 150 151 156 158 158 159 159 161 164 166 168 172 -9999 -9999 -9999 -9999 -9999 -9999 -9999 -9999 -9999 -9999 -9999 -9999 -9999 -9999 -9999 -9999 -9999 -9999 -9999 -9999 -9999 -9999 -9999 -9999 -9999 -9999 -9999 -9999 -9999 -9999 -9999 -9999 -9999 -9999 -9999 -9999 -9999 -9999 -9999 -9999 -9999 -9999 -9999 -9999 -9999 -9999
143 142 141 140 141 141 141 140 140 140 138 137 138 137 138 138 139 141 141 143 145 146 148 149 150 151 152 153 154 160 159 162 162 163 166 -9999 -9999 -9999 -9999 -9999 -9999 -9999 -9999 -9999 -9999 -9999 -9999 -9999 -9999 -9999 -9999 -9999 -9999 -9999 -9999 -9999 -9999 -9999 -9999 -9999 -9999 -9999 -9999 -9999 -9999 -9999 -9999 -9999 -9999 -9999 -9999 -9999 -9999 -9999 -9999 -9999 -9999 -9999 -9999 -9999 -9999 -9999 -9999 -9999
146 145 142 142 142 143 142 141 141 141 142 140 140 139 141 141 143 142 144 145 146 148 149 150 152 154 154 156 157 162 163 163 -9999 -9999 -9999 -9999 -9999 -9999 -9999 -9999 -9999 -9999 -9999 -9999 -9999 -9999 -9999 -9999 -9999 -9999 -9999 -9999 -9999 -9999 -9999 -9999 -9999 -9999 -9999 -9999 -9999 -9999 -9999 -9999 -9999 -9999 -9999 -9999 -9999 -9999 -9999 -9999 -9999 -9999 -9999 -9999 -9999 -9999 -9999 -9999 -9999 -9999 -9999 -9999
147 147 144 144 144 146 145 144 142 144 143 142 142 142 143 143 145 145 146 147 149 149 151 152 154 155 156 158 159 -9999 -9999 -9999 -9999 -9999 -9999 -9999 -9999 -9999 -9999 -9999 -9999 -9999 -9999 -9999 -9999 -9999 -9999 -9999 -9999 -9999 -9999 -9999 -9999 -9999 -9999 -9999 -9999 -9999 -9999 -9999 -9999 -9999 -9999 -9999 -9999 -9999 -9999 -9999 -9999 -9999 -9999 -9999 -9999 -9999 -9999 -9999 -9999 -9999 -9999 -9999 -9999 -9999 -9999 -9999
148 147 146 148 147 149 149 147 145 144 144 143 142 143 144 145 146 148 148 149 150 151 153 154 157 158 -9999 -9999 -9999 -9999 -9999 -9999 -9999 -9999 -9999 -9999 -9999 -9999 -9999 -9999 -9999 -9999 -9999 -9999 -9999 -9999 -9999 -9999 -9999 -9999 -9999 -9999 -9999 -9999 -9999 -9999 -9999 -9999 -9999 -9999 -9999 -9999 -9999 -9999 -9999 -9999 -9999 -9999 -9999 -9999 -9999 -9999 -9999 -9999 -9999 -9999 -9999 -9999 -9999 -9999 -9999 -9999 -9999 -9999
149 151 160 153 152 154 156 151 147 145 144 143 144 145 146 147 149 150 150 151 152 154 154 -9999 -9999 -9999 -9999 -9999 -9999 -9999 -9999 -9999 -9999 -9999 -9999 -9999 -9999 -9999 -9999 -9999 -9999 -9999 -9999 -9999 -9999 -9999 -9999 -9999 -9999 -9999 -9999 -9999 -9999 -9999 -9999 -9999 -9999 -9999 -9999 -9999 -9999 -9999 -9999 -9999 -9999 -9999 -9999 -9999 -9999 -9999 -9999 -9999 -9999 -9999 -9999 -9999 -9999 -9999 -9999 -9999 -9999 -9999 -9999 -9999
151 156 161 161 157 160 164 156 150 148 147 146 148 148 149 149 150 151 153 153 154 -9999 -9999 -9999 -9999 -9999 -9999 -9999 -9999 -9999 -9999 -9999 -9999 -9999 -9999 -9999 -9999 -9999 -9999 -9999 -9999 -9999 -9999 -9999 -9999 -9999 -9999 -9999 -9999 -9999 -9999 -9999 -9999 -9999 -9999 -9999 -9999 -9999 -9999 -9999 -9999 -9999 -9999 -9999 -9999 -9999 -9999 -9999 -9999 -9999 -9999 -9999 -9999 -9999 -9999 -9999 -9999 -9999 -9999 -9999 -9999 -9999 -9999 -9999
158 170 166 167 166 166 167 159 154 153 149 150 151 150 151 151 152 153 -9999 -9999 -9999 -9999 -9999 -9999 -9999 -9999 -9999 -9999 -9999 -9999 -9999 -9999 -9999 -9999 -9999 -9999 -9999 -9999 -9999 -9999 -9999 -9999 -9999 -9999 -9999 -9999 -9999 -9999 -9999 -9999 -9999 -9999 -9999 -9999 -9999 -9999 -9999 -9999 -9999 -9999 -9999 -9999 -9999 -9999 -9999 -9999 -9999 -9999 -9999 -9999 -9999 -9999 -9999 -9999 -9999 -9999 -9999 -9999 -9999 -9999 -9999 -9999 -9999 -9999
162 193 206 214 176 171 192 168 158 156 154 151 151 152 152 -9999 -9999 -9999 -9999 -9999 -9999 -9999 -9999 -9999 -9999 -9999 -9999 -9999 -9999 -9999 -9999 -9999 -9999 -9999 -9999 -9999 -9999 -9999 -9999 -9999 -9999 -9999 -9999 -9999 -9999 -9999 -9999 -9999 -9999 -9999 -9999 -9999 -9999 -9999 -9999 -9999 -9999 -9999 -9999 -9999 -9999 -9999 -9999 -9999 -9999 -9999 -9999 -9999 -9999 -9999 -9999 -9999 -9999 -9999 -9999 -9999 -9999 -9999 -9999 -9999 -9999 -9999 -9999 -9999
173 180 248 240 208 193 203 171 164 160 156 153 153 154 -9999 -9999 -9999 -9999 -9999 -9999 -9999 -9999 -9999 -9999 -9999 -9999 -9999 -9999 -9999 -9999 -9999 -9999 -9999 -9999 -9999 -9999 -9999 -9999 -9999 -9999 -9999 -9999 -9999 -9999 -9999 -9999 -9999 -9999 -9999 -9999 -9999 -9999 -9999 -9999 -9999 -9999 -9999 -9999 -9999 -9999 -9999 -9999 -9999 -9999 -9999 -9999 -9999 -9999 -9999 -9999 -9999 -9999 -9999 -9999 -9999 -9999 -9999 -9999 -9999 -9999 -9999 -9999 -9999 -9999
172 179 227 233 212 186 183 171 167 161 157 154 155 156 -9999 -9999 -9999 -9999 -9999 -9999 -9999 -9999 -9999 -9999 -9999 -9999 -9999 -9999 -9999 -9999 -9999 -9999 -9999 -9999 -9999 -9999 -9999 -9999 -9999 -9999 -9999 -9999 -9999 -9999 -9999 -9999 -9999 -9999 -9999 -9999 -9999 -9999 -9999 -9999 -9999 -9999 -9999 -9999 -9999 -9999 -9999 -9999 -9999 -9999 -9999 -9999 -9999 -9999 -9999 -9999 -9999 -9999 -9999 -9999 -9999 -9999 -9999 -9999 -9999 -9999 -9999 -9999 -9999 -9999
175 180 202 250 227 245 250 233 186 160 157 156 157 157 -9999 -9999 -9999 -9999 -9999 -9999 -9999 -9999 -9999 -9999 -9999 -9999 -9999 -9999 -9999 -9999 -9999 -9999 -9999 -9999 -9999 -9999 -9999 -9999 -9999 -9999 -9999 -9999 -9999 -9999 -9999 -9999 -9999 -9999 -9999 -9999 -9999 -9999 -9999 -9999 -9999 -9999 -9999 -9999 -9999 -9999 -9999 -9999 -9999 -9999 -9999 -9999 -9999 -9999 -9999 -9999 -9999 -9999 -9999 -9999 -9999 -9999 -9999 -9999 -9999 -9999 -9999 -9999 -9999 -9999
228 184 192 246 240 269 265 268 251 164 159 159 159 159 -9999 -9999 -9999 -9999 -9999 -9999 -9999 -9999 -9999 -9999 -9999 -9999 -9999 -9999 -9999 -9999 -9999 -9999 -9999 -9999 -9999 -9999 -9999 -9999 -9999 -9999 -9999 -9999 -9999 -9999 -9999 -9999 -9999 -9999 -9999 -9999 -9999 -9999 -9999 -9999 -9999 -9999 -9999 -9999 -9999 -9999 -9999 -9999 -9999 -9999 -9999 -9999 -9999 -9999 -9999 -9999 -9999 -9999 -9999 -9999 -9999 -9999 -9999 -9999 -9999 -9999 -9999 -9999 -9999 -9999
186 193 194 233 253 249 196 188 194 169 163 161 161 161 -9999 -9999 -9999 -9999 -9999 -9999 -9999 -9999 -9999 -9999 -9999 -9999 -9999 -9999 -9999 -9999 -9999 -9999 -9999 -9999 -9999 -9999 -9999 -9999 -9999 -9999 -9999 -9999 -9999 -9999 -9999 -9999 -9999 -9999 -9999 -9999 -9999 -9999 -9999 -9999 -9999 -9999 -9999 -9999 -9999 -9999 -9999 -9999 -9999 -9999 -9999 -9999 -9999 -9999 -9999 -9999 -9999 -9999 -9999 -9999 -9999 -9999 -9999 -9999 -9999 -9999 -9999 -9999 -9999 -9999
