invasiveSpecies/singleSpecies/data/worldclim_KE/worldclim_KE_2050_BC85_Bio10.asc
ncols         347
nrows         295
xllcorner     36.068012264173
yllcorner     0.13039239511974
cellsize      0.0083333333333333
NODATA_value  -9999
[rows 148 to 184 of 295, columns 84 to 167 of 347]
-9999 -9999 -9999 -9999 -9999 -9999 -9999 -9999 -9999 -9999 -9999 -9999 -9999 -9999 -9999 -9999 -9999 -9999 -9999 -9999 -9999 -9999 -9999 -9999 -9999 -9999 -9999 -9999 -9999 -9999 -9999 -9999 -9999 -9999 -9999 -9999 -9999 -9999 -9999 -9999 -9999 264 263 260 257 255 248 244 238 237 241 245 242 233 222 218 208 213 228 240 246 250 252 258 260 262 264 265 266 267 267 268 268 268 268 267 268 269 269 269 268 268 270 269
-9999 -9999 -9999 -9999 -9999 -9999 -9999 -9999 -9999 -9999 -9999 -9999 -9999 -9999 -9999 -9999 -9999 -9999 -9999 -9999 -9999 -9999 -9999 -9999 -9999 -9999 -9999 -9999 -9999 -9999 -9999 -9999 -9999 -9999 -9999 -9999 -9999 -9999 -9999 -9999 -9999 263 261 259 257 250 246 242 236 233 237 244 241 236 229 227 219 224 217 233 242 249 252 254 259 261 263 264 266 267 267 267 268 267 267 267 268 268 268 269 268 269 269 269
-9999 -9999 -9999 -9999 -9999 -9999 -9999 -9999 -9999 -9999 -9999 -9999 -9999 -9999 -9999 -9999 -9999 -9999 -9999 -9999 -9999 -9999 -9999 -9999 -9999 -9999 -9999 -9999 -9999 -9999 -9999 -9999 -9999 -9999 -9999 -9999 -9999 -9999 -9999 -9999 -9999 264 256 257 254 248 242 236 235 233 239 242 243 243 239 235 234 229 220 225 236 242 244 244 251 248 258 264 266 267 267 266 266 266 266 266 267 267 266 268 268 268 268 268
-9999 -9999 -9999 -9999 -9999 -9999 -9999 -9999 -9999 -9999 -9999 -9999 -9999 -9999 -9999 -9999 -9999 -9999 -9999 -9999 -9999 -9999 -9999 -9999 -9999 -9999 -9999 -9999 -9999 -9999 -9999 -9999 -9999 -9999 -9999 -9999 -9999 -9999 -9999 -9999 -9999 263 255 255 251 246 246 231 233 229 235 242 240 238 239 237 232 227 220 213 231 230 233 234 245 242 253 262 265 266 266 265 265 266 265 266 266 266 266 266 266 268 268 268
-9999 -9999 -9999 -9999 -9999 -9999 -9999 -9999 -9999 -9999 -9999 -9999 -9999 -9999 -9999 -9999 -9999 -9999 -9999 -9999 -9999 -9999 -9999 -9999 -9999 -9999 -9999 -9999 -9999 -9999 -9999 -9999 -9999 -9999 -9999 -9999 -9999 -9999 -9999 -9999 -9999 263 256 256 248 242 240 236 236 234 232 237 239 237 231 226 232 209 208 201 224 215 222 226 237 235 247 259 263 265 265 265 265 264 264 266 266 266 265 266 266 268 268 269
-9999 -9999 -9999 -9999 -9999 -9999 -9999 -9999 -9999 -9999 -9999 -9999 -9999 -9999 -9999 -9999 -9999 -9999 -9999 -9999 -9999 -9999 -9999 -9999 -9999 -9999 -9999 -9999 -9999 -9999 -9999 -9999 -9999 -9999 -9999 -9999 -9999 -9999 -9999 -9999 -9999 263 261 258 250 242 232 233 235 230 225 232 224 232 226 219 222 213 197 186 202 197 214 212 224 227 240 255 262 264 263 263 263 261 262 265 265 265 266 267 266 268 268 269
-9999 -9999 -9999 -9999 -9999 -9999 -9999 -9999 -9999 -9999 -9999 -9999 -9999 -9999 -9999 -9999 -9999 -9999 -9999 -9999 -9999 -9999 -9999 -9999 -9999 -9999 -9999 -9999 -9999 -9999 -9999 -9999 -9999 -9999 -9999 -9999 -9999 -9999 -9999 -9999 -9999 -9999 261 259 253 243 238 234 234 228 222 226 233 234 228 215 210 188 187 188 201 202 191 196 210 230 249 257 261 262 262 262 261 260 262 263 264 264 265 266 266 268 269 269
-9999 -9999 -9999 -9999 -9999 -9999 -9999 -9999 -9999 -9999 -9999 -9999 -9999 -9999 -9999 -9999 -9999 -9999 -9999 -9999 -9999 -9999 -9999 -9999 -9999 -9999 -9999 -9999 -9999 -9999 -9999 -9999 -9999 -9999 -9999 -9999 -9999 -9999 -9999 -9999 -9999 -9999 261 258 256 240 231 232 232 231 216 216 224 219 225 220 199 184 183 194 212 213 202 216 231 238 247 253 259 261 260 257 260 261 262 262 263 263 265 266 267 267 268 269
-9999 -9999 -9999 -9999 -9999 -9999 -9999 -9999 -9999 -9999 -9999 -9999 -9999 -9999 -9999 -9999 -9999 -9999 -9999 -9999 -9999 -9999 -9999 -9999 -9999 -9999 -9999 -9999 -9999 -9999 -9999 -9999 -9999 -9999 -9999 -9999 -9999 -9999 -9999 -9999 -9999 -9999 260 257 253 241 231 233 233 230 220 215 222 214 217 207 193 184 182 195 209 221 207 204 208 230 239 248 253 259 256 255 258 255 258 258 260 262 264 265 266 267 268 268
-9999 -9999 -9999 -9999 -9999 -9999 -9999 -9999 -9999 -9999 -9999 -9999 -9999 -9999 -9999 -9999 -9999 -9999 -9999 -9999 -9999 -9999 -9999 -9999 -9999 -9999 -9999 -9999 -9999 -9999 -9999 -9999 -9999 -9999 -9999 -9999 -9999 -9999 -9999 -9999 -9999 -9999 261 256 249 238 230 236 235 229 226 221 227 219 213 191 183 183 181 181 197 221 222 211 191 215 232 241 249 251 251 247 244 235 245 254 257 256 262 265 265 267 267 267
-9999 -9999 -9999 -9999 -9999 -9999 -9999 -9999 -9999 -9999 -9999 -9999 -9999 -9999 -9999 -9999 -9999 -9999 -9999 -9999 -9999 -9999 -9999 -9999 -9999 -9999 -9999 -9999 -9999 -9999 -9999 -9999 -9999 -9999 -9999 -9999 -9999 -9999 -9999 -9999 -9999 261 261 252 249 238 231 236 235 235 233 230 230 225 209 192 182 181 180 182 197 219 225 214 199 192 220 232 244 245 246 242 242 238 235 239 237 246 261 265 265 267 266 266
-9999 -9999 -9999 -9999 -9999 -9999 -9999 -9999 -9999 -9999 -9999 -9999 -9999 -9999 -9999 -9999 -9999 -9999 -9999 -9999 -9999 -9999 -9999 -9999 -9999 -9999 -9999 -9999 -9999 -9999 -9999 -9999 -9999 -9999 -9999 -9999 -9999 -9999 -9999 -9999 -9999 261 260 253 250 240 233 238 238 238 238 235 232 224 205 191 180 188 182 182 192 222 227 223 214 204 213 222 235 238 239 231 238 251 255 259 244 257 261 264 265 265 266 266
-9999 -9999 -9999 -9999 -9999 -9999 -9999 -9999 -9999 -9999 -9999 -9999 -9999 -9999 -9999 -9999 -9999 -9999 -9999 -9999 -9999 -9999 -9999 -9999 -9999 -9999 -9999 -9999 -9999 -9999 -9999 -9999 -9999 -9999 -9999 -9999 -9999 -9999 -9999 -9999 261 260 259 254 248 241 244 242 243 238 236 231 225 223 208 193 186 195 195 181 191 210 226 225 214 201 189 192 210 223 226 234 243 251 258 259 257 260 263 265 265 266 265 267
-9999 -9999 -9999 -9999 -9999 -9999 -9999 -9999 -9999 -9999 -9999 -9999 -9999 -9999 -9999 -9999 -9999 -9999 -9999 -9999 -9999 -9999 -9999 -9999 -9999 -9999 -9999 -9999 -9999 -9999 -9999 -9999 -9999 -9999 -9999 -9999 -9999 -9999 -9999 -9999 260 259 259 254 250 244 247 244 243 236 234 232 224 222 204 198 189 194 201 189 190 194 224 231 219 202 191 196 208 220 236 245 246 255 260 260 262 263 264 264 265 265 266 267
-9999 -9999 -9999 -9999 -9999 -9999 -9999 -9999 -9999 -9999 -9999 -9999 -9999 -9999 -9999 -9999 -9999 -9999 -9999 -9999 -9999 -9999 -9999 -9999 -9999 -9999 -9999 -9999 -9999 -9999 -9999 -9999 -9999 -9999 -9999 -9999 -9999 -9999 -9999 -9999 260 258 258 257 251 246 243 239 238 237 236 233 228 223 218 200 197 202 211 199 193 213 223 231 225 213 202 203 206 231 241 246 254 258 260 261 262 263 264 264 264 265 266 266
-9999 -9999 -9999 -9999 -9999 -9999 -9999 -9999 -9999 -9999 -9999 -9999 -9999 -9999 -9999 -9999 -9999 -9999 -9999 -9999 -9999 -9999 -9999 -9999 -9999 -9999 -9999 -9999 -9999 -9999 -9999 -9999 -9999 -9999 -9999 -9999 -9999 -9999 -9999 -9999 -9999 258 256 253 250 241 229 235 236 235 234 232 220 218 213 202 209 201 215 205 197 204 220 233 227 219 216 208 207 231 243 243 250 253 258 260 260 261 263 263 264 265 265 266
-9999 -9999 -9999 -9999 -9999 -9999 -9999 -9999 -9999 -9999 -9999 -9999 -9999 -9999 -9999 -9999 -9999 -9999 -9999 -9999 -9999 -9999 -9999 -9999 -9999 -9999 -9999 -9999 -9999 -9999 -9999 -9999 -9999 -9999 -9999 -9999 -9999 -9999 -9999 -9999 -9999 254 254 250 244 240 226 232 235 233 230 225 213 224 222 203 216 210 209 217 199 207 218 231 234 230 222 217 215 215 229 233 242 249 255 257 260 261 262 263 264 264 265 265
-9999 -9999 -9999 -9999 -9999 -9999 -9999 -9999 -9999 -9999 -9999 -9999 -9999 -9999 -9999 -9999 -9999 -9999 -9999 -9999 -9999 -9999 -9999 -9999 -9999 -9999 -9999 -9999 -9999 -9999 -9999 -9999 -9999 -9999 -9999 -9999 -9999 -9999 -9999 -9999 -9999 259 254 250 242 238 238 235 235 234 231 221 212 222 227 214 225 219 215 226 215 206 218 227 234 230 223 222 219 220 231 237 235 251 257 258 260 258 261 263 263 264 264 265
-9999 -9999 -9999 -9999 -9999 -9999 -9999 -9999 -9999 -9999 -9999 -9999 -9999 -9999 -9999 -9999 -9999 -9999 -9999 -9999 -9999 -9999 -9999 -9999 -9999 -9999 -9999 -9999 -9999 -9999 -9999 -9999 -9999 -9999 -9999 -9999 -9999 -9999 -9999 -9999 -9999 257 255 254 246 242 241 240 238 235 233 229 215 227 230 224 219 227 222 230 216 213 214 225 235 235 229 225 220 218 233 245 253 253 254 253 255 258 259 262 264 264 264 264
-9999 -9999 -9999 -9999 -9999 -9999 -9999 -9999 -9999 -9999 -9999 -9999 -9999 -9999 -9999 -9999 -9999 -9999 -9999 -9999 -9999 -9999 -9999 -9999 -9999 -9999 -9999 -9999 -9999 -9999 -9999 -9999 -9999 -9999 -9999 -9999 -9999 -9999 -9999 -9999 -9999 258 256 254 245 241 238 236 236 234 232 229 222 227 231 231 225 231 226 235 234 225 223 226 235 235 226 217 213 223 235 238 251 249 256 257 259 260 260 261 262 263 263 263
-9999 -9999 -9999 -9999 -9999 -9999 -9999 -9999 -9999 -9999 -9999 -9999 -9999 -9999 -9999 -9999 -9999 -9999 -9999 -9999 -9999 -9999 -9999 -9999 -9999 -9999 -9999 -9999 -9999 -9999 -9999 -9999 -9999 -9999 -9999 -9999 -9999 -9999 -9999 -9999 -9999 -9999 254 253 243 239 237 233 234 233 232 230 228 227 231 234 223 229 232 233 235 233 232 229 235 234 226 222 223 228 228 238 242 249 255 254 256 248 241 249 259 261 262 263
-9999 -9999 -9999 -9999 -9999 -9999 -9999 -9999 -9999 -9999 -9999 -9999 -9999 -9999 -9999 -9999 -9999 -9999 -9999 -9999 -9999 -9999 -9999 -9999 -9999 -9999 -9999 -9999 -9999 -9999 -9999 -9999 -9999 -9999 -9999 -9999 -9999 -9999 -9999 -9999 -9999 -9999 253 250 244 238 236 237 235 233 233 231 229 226 229 234 227 233 233 234 236 235 237 237 236 234 234 230 231 230 231 233 230 238 247 245 249 242 238 237 246 251 260 261
-9999 -9999 -9999 -9999 -9999 -9999 -9999 -9999 -9999 -9999 -9999 -9999 -9999 -9999 -9999 -9999 -9999 -9999 -9999 -9999 -9999 -9999 -9999 -9999 -9999 -9999 -9999 -9999 -9999 -9999 -9999 -9999 -9999 -9999 -9999 -9999 -9999 -9999 -9999 -9999 -9999 256 255 251 247 241 240 236 233 232 232 231 229 232 232 235 233 232 235 236 237 237 236 233 225 228 229 228 230 226 221 218 207 223 238 235 235 227 231 249 250 249 256 259
-9999 -9999 -9999 -9999 -9999 -9999 -9999 -9999 -9999 -9999 -9999 -9999 -9999 -9999 -9999 -9999 -9999 -9999 -9999 -9999 -9999 -9999 -9999 -9999 -9999 -9999 -9999 -9999 -9999 -9999 -9999 -9999 -9999 -9999 -9999 -9999 -9999 -9999 -9999 -9999 -9999 252 251 249 244 240 239 237 230 230 230 231 234 233 234 236 236 235 236 237 237 236 233 227 220 220 222 220 226 213 204 212 201 207 212 218 225 225 232 241 240 236 241 257
-9999 -9999 -9999 -9999 -9999 -9999 -9999 -9999 -9999 -9999 -9999 -9999 -9999 -9999 -9999 -9999 -9999 -9999 -9999 -9999 -9999 -9999 -9999 -9999 -9999 -9999 -9999 -9999 -9999 -9999 -9999 -9999 -9999 -9999 -9999 -9999 -9999 -9999 -9999 -9999 -9999 252 251 249 242 239 238 236 234 224 230 232 235 234 235 237 239 239 238 238 236 235 232 225 215 207 214 206 220 216 200 208 201 212 228 229 228 240 234 227 225 230 234 256
-9999 -9999 -9999 -9999 -9999 -9999 -9999 -9999 -9999 -9999 -9999 -9999 -9999 -9999 -9999 -9999 -9999 -9999 -9999 -9999 -9999 -9999 -9999 -9999 -9999 -9999 -9999 -9999 -9999 -9999 -9999 -9999 -9999 -9999 -9999 -9999 -9999 -9999 -9999 -9999 252 253 249 248 245 239 238 236 236 233 233 234 236 239 236 239 238 237 233 234 236 234 230 224 199 202 208 202 204 211 196 204 204 220 234 241 238 253 253 247 238 234 240 255
-9999 -9999 -9999 -9999 -9999 -9999 -9999 -9999 -9999 -9999 -9999 -9999 -9999 -9999 -9999 -9999 -9999 -9999 -9999 -9999 -9999 -9999 -9999 -9999 -9999 -9999 -9999 -9999 -9999 -9999 -9999 -9999 -9999 -9999 -9999 -9999 -9999 -9999 -9999 -9999 251 251 250 248 246 242 240 239 238 237 236 235 237 239 240 241 238 236 234 229 233 234 229 223 213 198 196 196 193 205 195 200 210 228 244 249 248 256 257 255 237 221 224 247
-9999 -9999 -9999 -9999 -9999 -9999 -9999 -9999 -9999 -9999 -9999 -9999 -9999 -9999 -9999 -9999 -9999 -9999 -9999 -9999 -9999 -9999 -9999 -9999 -9999 -9999 -9999 -9999 -9999 -9999 -9999 -9999 -9999 -9999 -9999 -9999 -9999 -9999 -9999 -9999 249 250 250 248 245 240 242 241 240 241 239 236 238 238 240 238 237 235 227 220 226 231 231 224 216 207 199 196 188 198 211 208 222 233 244 253 256 257 258 258 249 232 249 261
-9999 -9999 -9999 -9999 -9999 -9999 -9999 -9999 -9999 -9999 -9999 -9999 -9999 -9999 -9999 -9999 -9999 -9999 -9999 -9999 -9999 -9999 -9999 -9999 -9999 -9999 -9999 -9999 -9999 -9999 -9999 -9999 -9999 -9999 -9999 -9999 -9999 -9999 -9999 -9999 -9999 248 251 248 244 243 244 243 242 243 241 240 241 240 241 236 233 234 228 215 226 225 229 226 223 219 208 194 193 211 222 226 226 232 243 254 258 258 260 261 260 256 255 262
-9999 -9999 -9999 -9999 -9999 -9999 -9999 -9999 -9999 -9999 -9999 -9999 -9999 -9999 -9999 -9999 -9999 -9999 -9999 -9999 -9999 -9999 -9999 -9999 -9999 -9999 -9999 -9999 -9999 -9999 -9999 -9999 -9999 -9999 -9999 -9999 -9999 -9999 -9999 -9999 -9999 247 249 248 248 248 246 245 244 244 243 244 243 242 241 238 236 235 233 228 219 220 224 228 225 220 212 206 194 210 224 237 240 234 242 252 259 260 262 262 263 263 263 263
-9999 -9999 -9999 -9999 -9999 -9999 -9999 -9999 -9999 -9999 -9999 -9999 -9999 -9999 -9999 -9999 -9999 -9999 -9999 -9999 -9999 -9999 -9999 -9999 -9999 -9999 -9999 -9999 -9999 -9999 -9999 -9999 -9999 -9999 249 248 -9999 -9999 -9999 -9999 -9999 245 246 248 248 249 249 247 245 246 245 244 241 241 240 238 237 236 234 232 228 227 225 215 220 222 221 213 202 219 230 239 249 252 239 246 258 261 262 263 264 265 264 265
-9999 -9999 -9999 -9999 -9999 -9999 -9999 -9999 -9999 -9999 -9999 -9999 -9999 -9999 -9999 -9999 -9999 -9999 -9999 -9999 -9999 -9999 -9999 -9999 -9999 -9999 -9999 -9999 -9999 -9999 -9999 -9999 -9999 250 249 247 246 -9999 -9999 -9999 -9999 244 245 245 246 248 247 246 245 244 243 243 241 239 239 239 238 236 235 234 232 232 229 223 217 220 218 214 215 230 234 239 251 256 257 246 259 260 263 263 264 264 264 265
-9999 -9999 -9999 -9999 -9999 -9999 -9999 -9999 -9999 -9999 -9999 -9999 -9999 -9999 -9999 -9999 -9999 -9999 -9999 -9999 -9999 -9999 -9999 -9999 -9999 -9999 -9999 -9999 -9999 -9999 -9999 -9999 -9999 248 245 245 244 243 -9999 -9999 -9999 242 243 243 244 245 245 245 244 242 241 241 240 238 238 239 237 236 236 235 234 233 232 225 220 215 216 216 233 234 245 243 256 259 257 246 258 262 262 264 264 264 265 265
-9999 -9999 -9999 -9999 -9999 -9999 -9999 -9999 -9999 -9999 -9999 -9999 -9999 -9999 -9999 -9999 -9999 -9999 -9999 -9999 -9999 -9999 -9999 -9999 -9999 -9999 -9999 -9999 -9999 -9999 -9999 -9999 -9999 247 242 244 244 242 -9999 -9999 242 241 241 241 242 244 244 243 242 242 240 238 238 236 236 236 236 235 235 234 233 231 232 228 220 214 215 225 237 245 253 253 257 259 259 244 258 261 263 264 265 265 265 266
-9999 -9999 -9999 -9999 -9999 -9999 -9999 -9999 -9999 -9999 -9999 -9999 -9999 -9999 -9999 -9999 -9999 -9999 -9999 -9999 -9999 -9999 -9999 -9999 -9999 -9999 -9999 -9999 -9999 -9999 -9999 -9999 -9999 247 244 241 243 242 240 -9999 -9999 241 240 240 240 240 243 241 240 241 239 236 236 236 235 234 235 234 234 233 226 225 222 221 226 212 208 222 234 247 255 257 258 260 260 260 262 262 263 264 265 265 265 264
-9999 -9999 -9999 -9999 -9999 -9999 -9999 -9999 -9999 -9999 -9999 -9999 -9999 -9999 -9999 -9999 -9999 -9999 -9999 -9999 -9999 -9999 -9999 -9999 -9999 -9999 -9999 -9999 -9999 -9999 -9999 -9999 -9999 248 242 242 241 241 240 -9999 241 241 239 240 239 238 241 241 239 240 239 237 235 235 234 234 234 234 235 234 230 231 231 222 223 219 209 218 232 252 257 258 259 260 261 262 262 263 263 264 264 264 265 265
-9999 -9999 -9999 -9999 -9999 -9999 -9999 -9999 -9999 -9999 -9999 -9999 -9999 -9999 -9999 -9999 -9999 -9999 -9999 -9999 -9999 -9999 -9999 -9999 -9999 -9999 -9999 -9999 -9999 -9999 -9999 -9999 -9999 246 244 243 240 239 239 238 240 241 240 238 236 238 239 240 239 238 238 237 235 235 235 234 235 234 235 236 234 233 233 234 233 232 223 218 234 238 255 259 260 260 261 262 263 263 263 263 264 264 264 264
