invasiveSpecies/singleSpecies/data/worldclim_KE/worldclim_KE_2050_BC26_Bio8.asc
ncols         347
nrows         295
xllcorner     36.068012264173
yllcorner     0.13039239511974
cellsize      0.0083333333333333
NODATA_value  -9999
[rows 148 to 184 of 295, columns 168 to 251 of 347]
260 260 261 261 261 262 263 263 264 264 264 264 265 266 266 264 264 260 260 261 261 266 267 267 265 264 262 265 267 268 269 269 267 268 267 268 267 268 270 268 269 270 271 272 272 265 265 265 266 265 266 266 265 265 266 267 268 271 271 271 271 270 270 270 271 271 272 272 272 269 269 269 269 269 259 259 259 274 276 265 279 280 281 281
259 260 261 261 262 262 263 263 264 265 265 265 265 265 265 263 261 258 260 261 262 266 267 266 265 265 263 265 267 267 268 268 268 267 267 267 267 268 269 268 269 268 270 270 271 266 266 265 266 266 265 265 266 265 264 265 265 270 271 270 270 270 270 270 270 271 272 272 272 271 269 269 256 269 269 258 259 263 264 259 279 280 280 281
259 260 260 261 262 263 263 264 264 264 264 264 264 265 264 262 262 260 260 261 266 266 266 265 264 264 263 264 266 266 268 268 268 267 267 267 267 267 269 268 267 268 269 270 272 268 266 265 265 266 266 265 264 264 265 265 269 270 270 270 270 269 269 270 270 271 271 270 272 271 270 269 267 257 258 269 261 257 258 263 267 279 269 280
260 260 261 262 262 263 263 263 263 264 263 263 264 263 263 261 261 263 263 261 266 266 265 265 264 264 263 263 265 266 267 267 267 267 266 267 267 267 267 268 267 268 269 270 272 271 267 265 265 265 266 265 264 264 265 267 269 270 270 270 270 270 269 270 270 270 269 258 271 271 271 258 256 257 257 257 257 258 257 263 267 279 269 269
260 260 261 262 262 262 262 262 263 264 263 262 263 262 261 261 261 263 264 265 265 266 265 264 263 264 263 264 265 266 267 267 267 266 265 266 266 267 267 267 268 269 270 270 272 272 270 265 265 265 265 265 264 264 264 267 268 270 270 270 270 269 269 270 270 269 269 258 270 258 258 258 258 257 257 256 257 257 262 278 267 268 269 268
261 261 262 262 262 262 262 262 263 263 263 262 263 262 261 260 261 262 264 264 265 265 264 263 263 263 263 264 265 266 266 267 267 266 266 266 266 266 267 267 268 269 271 272 272 271 264 264 264 264 265 265 263 263 264 266 269 269 269 269 269 269 269 268 257 268 257 269 258 257 258 257 256 256 256 257 256 262 264 265 268 279 268 269
260 261 261 261 261 261 262 262 263 263 263 262 263 262 261 260 262 262 263 265 265 265 264 262 262 263 263 264 265 265 266 266 267 266 265 265 266 266 268 268 269 270 270 271 271 267 264 263 264 265 265 265 263 263 264 267 269 269 269 269 268 268 268 269 257 256 257 257 257 256 256 255 256 256 256 256 257 263 264 265 267 268 268 268
260 260 260 261 261 262 262 262 263 262 262 262 262 262 261 261 262 262 263 264 264 265 263 262 262 262 262 263 264 266 266 266 266 265 265 266 266 267 268 269 270 271 271 271 266 262 263 263 264 263 264 264 263 263 264 267 268 269 269 268 268 267 268 256 256 256 256 257 255 255 255 255 255 255 256 256 262 264 266 266 266 267 268 267
259 259 260 261 261 261 261 262 262 263 262 262 262 261 261 260 261 261 262 264 264 265 263 263 262 262 263 263 264 266 266 266 266 265 265 265 266 267 268 270 270 270 271 261 262 262 262 262 262 263 264 263 263 263 263 266 268 268 268 268 267 267 255 255 255 255 255 253 255 254 253 254 254 255 255 256 263 264 265 266 266 267 267 268
259 259 260 260 261 260 261 262 262 262 262 261 261 261 260 260 261 262 262 263 264 264 263 263 262 262 263 263 264 265 265 265 266 265 263 264 266 266 267 269 269 269 267 262 262 262 262 263 263 262 262 264 264 264 264 264 265 268 267 255 254 252 253 254 254 253 252 252 252 253 252 254 254 256 261 263 263 264 266 266 267 267 267 267
259 259 260 260 260 261 261 261 262 262 261 261 261 260 260 260 261 262 263 264 264 264 263 262 262 261 263 263 263 265 264 264 265 265 264 265 266 266 267 269 269 262 261 261 261 261 261 261 262 262 261 262 263 263 262 262 264 256 267 255 252 251 251 253 250 250 250 251 251 252 253 258 260 260 261 262 263 264 265 266 266 266 267 267
258 259 259 259 260 260 261 261 261 261 261 260 260 260 260 261 261 262 263 262 263 263 263 263 262 261 262 263 264 263 263 265 264 264 264 265 266 267 267 269 269 260 261 260 260 260 261 261 261 261 261 260 262 251 250 251 264 255 256 255 253 251 250 250 250 250 251 251 252 253 253 254 260 261 262 263 263 264 265 266 266 266 266 267
258 258 259 259 259 259 260 261 261 260 260 260 260 260 261 261 261 262 263 262 262 263 263 261 261 261 262 263 263 263 263 264 263 263 263 265 268 268 269 270 262 260 260 260 260 260 259 260 260 260 260 261 261 262 251 250 252 254 255 253 250 251 250 251 251 251 251 252 252 253 254 256 255 255 262 262 263 264 265 265 266 266 266 266
258 258 258 258 259 259 260 260 260 260 260 260 260 261 261 261 262 262 261 261 262 262 262 262 261 261 262 263 263 262 262 263 263 263 262 261 260 268 268 259 259 259 260 260 260 259 259 258 259 260 259 249 261 249 250 250 253 254 255 253 250 250 251 251 251 250 251 252 252 253 254 258 260 261 262 262 263 264 265 265 265 266 266 266
257 258 258 259 259 260 260 260 259 259 260 260 260 261 261 261 261 262 261 260 261 262 262 262 261 261 262 262 262 262 261 261 261 261 262 261 259 268 259 259 258 258 259 260 259 259 258 258 247 256 247 248 249 249 249 250 253 254 254 252 250 251 251 251 251 251 252 252 253 253 254 259 256 260 261 262 263 264 264 265 265 265 266 266
257 257 258 258 259 259 259 259 258 259 259 260 260 260 261 261 261 261 261 260 261 261 262 261 262 261 262 262 263 263 262 262 262 261 261 260 258 268 266 258 259 259 258 259 259 259 259 258 257 256 258 248 249 249 250 252 253 254 255 253 251 251 251 252 252 252 252 253 253 253 255 256 256 257 257 262 263 264 264 264 264 265 266 266
257 257 258 258 259 259 258 259 258 259 259 260 260 260 261 261 261 261 260 260 261 261 261 261 262 262 262 263 263 264 263 262 263 262 261 261 266 268 267 259 260 259 259 260 259 247 247 246 256 245 246 248 248 249 249 249 254 254 254 253 252 252 251 252 253 254 255 256 256 257 256 256 256 256 262 263 263 264 264 264 264 265 265 266
257 257 258 258 259 259 258 258 258 258 259 260 260 261 261 261 260 260 260 260 260 261 261 261 262 262 263 263 263 264 263 263 264 263 263 264 264 268 268 259 260 260 260 260 259 259 248 248 245 245 247 248 249 249 249 253 254 254 254 254 253 251 251 251 253 254 254 254 254 255 255 261 256 261 263 263 263 264 263 264 264 265 265 266
257 257 258 258 258 258 258 257 258 258 259 259 260 260 260 260 260 259 260 260 261 262 262 261 262 263 262 264 264 264 264 264 264 264 264 259 262 268 267 260 259 260 260 260 248 248 248 247 248 246 248 248 249 248 252 254 255 255 255 254 253 252 252 253 253 257 254 254 254 255 256 260 262 262 262 262 262 262 263 264 264 264 265 265
256 256 257 257 258 258 257 257 258 258 259 259 260 260 260 260 260 260 260 260 261 262 263 262 263 264 264 264 264 265 265 265 264 265 266 266 267 267 268 259 259 259 259 260 248 248 248 249 250 248 248 249 248 248 253 254 255 255 252 252 253 253 253 254 254 257 258 257 254 255 261 261 261 261 262 262 262 262 262 263 263 264 265 265
255 256 257 257 257 258 257 257 257 257 258 259 259 259 260 260 260 260 261 261 261 262 263 263 263 264 264 265 265 265 265 265 265 265 267 267 267 267 266 259 258 259 259 261 249 249 250 251 252 252 249 249 248 249 254 254 255 255 256 254 256 257 254 254 253 257 258 259 260 260 261 261 261 261 261 261 261 261 262 262 263 264 264 265
254 255 256 256 257 257 256 257 257 257 258 259 259 260 260 260 261 260 261 261 262 263 263 263 264 265 265 265 265 265 266 265 266 266 267 267 267 259 259 258 247 259 247 261 249 250 251 252 251 253 253 251 248 253 254 254 255 255 256 256 257 257 257 258 257 258 258 258 259 259 260 260 261 260 259 260 260 261 261 263 263 264 264 265
253 254 255 256 257 256 256 257 258 258 258 258 259 259 260 260 261 261 261 261 262 263 264 264 264 265 265 264 264 264 266 265 266 266 267 266 266 263 259 247 247 248 247 261 250 250 251 252 252 253 252 252 254 254 254 254 255 255 255 256 256 257 257 257 257 258 258 259 259 258 259 259 260 259 259 260 260 261 261 262 263 264 264 264
252 253 255 256 256 256 257 257 258 258 258 258 259 260 260 260 261 261 262 262 263 263 264 264 264 263 263 264 263 264 265 264 264 265 265 265 265 264 259 259 259 248 247 250 250 251 251 252 252 253 252 254 253 254 253 254 254 255 256 255 256 256 256 257 257 257 257 258 258 258 259 259 260 259 258 259 260 260 261 263 263 264 264 264
251 253 254 256 256 257 257 258 258 259 259 259 260 260 260 261 261 261 262 262 262 263 264 263 263 263 262 263 263 265 265 263 263 264 263 264 265 262 263 248 248 247 260 250 250 250 251 252 252 253 253 253 254 253 253 253 254 254 254 255 256 255 256 256 257 257 256 257 257 258 259 259 259 258 258 259 259 259 260 262 263 264 264 264
252 253 255 256 257 257 257 258 259 259 260 260 260 261 261 261 261 261 261 262 263 263 263 262 262 262 262 263 264 264 264 263 264 263 262 264 264 264 262 262 261 260 260 250 249 250 251 251 252 253 253 253 253 253 253 253 253 255 255 255 255 255 256 256 256 256 256 256 257 258 258 258 258 257 259 258 260 260 260 261 263 263 264 264
250 254 255 256 257 258 258 259 259 259 260 260 260 261 262 262 262 262 262 262 263 263 263 262 261 261 261 263 264 264 264 262 262 261 261 263 263 264 263 252 261 250 249 250 250 250 251 252 252 252 252 253 253 253 252 253 254 254 253 254 255 256 255 255 255 255 256 257 256 257 257 257 258 257 259 259 260 261 261 262 263 263 263 264
254 255 256 256 256 258 258 259 260 260 260 261 261 261 262 262 262 262 263 263 263 262 262 261 260 261 262 262 263 264 264 262 261 259 261 261 263 252 263 252 252 249 249 249 250 251 251 251 251 251 252 253 252 252 252 253 253 254 254 254 255 254 255 254 255 255 256 256 256 256 257 257 257 258 259 259 260 261 262 262 263 263 264 263
250 256 257 257 257 258 258 259 260 261 261 261 261 261 261 261 262 262 262 263 263 262 261 261 260 261 261 262 262 263 263 262 261 258 258 261 251 262 252 251 250 250 249 249 250 250 251 251 251 252 251 252 251 252 252 252 253 253 254 254 254 255 255 255 254 255 255 255 255 256 257 257 258 258 258 260 260 261 262 262 263 263 263 263
255 258 258 259 258 258 259 260 260 260 260 261 261 261 261 261 262 262 262 262 262 261 260 260 260 261 261 262 262 263 263 262 261 257 246 259 250 251 251 250 250 249 248 249 249 250 250 250 251 251 251 252 251 252 252 253 253 253 254 255 255 255 255 256 255 255 255 255 256 256 258 258 259 259 259 261 260 261 261 261 262 262 263 263
258 258 258 259 259 259 259 260 260 260 259 260 260 260 260 261 262 262 262 261 262 260 260 259 260 260 261 262 263 263 263 263 261 257 256 247 249 251 250 250 249 249 248 248 249 249 249 250 250 251 251 252 252 252 253 253 254 254 254 255 255 256 256 256 256 256 255 255 257 257 258 259 259 260 260 260 261 262 262 260 261 262 263 263
257 257 258 258 259 259 259 259 260 259 260 260 260 259 260 261 261 261 260 261 261 261 259 259 259 259 260 261 262 263 263 262 261 244 245 246 249 250 248 249 249 249 248 247 248 249 250 250 251 251 251 252 253 253 253 253 254 254 255 255 255 256 256 256 256 256 256 256 257 256 257 258 258 260 261 261 260 261 259 260 261 261 263 263
257 256 257 257 258 258 258 258 258 259 260 260 259 260 260 261 261 261 260 261 261 259 259 259 259 259 260 261 262 262 262 262 260 259 247 248 249 248 246 248 248 248 248 248 248 249 250 250 251 252 252 252 253 253 253 254 254 254 255 255 255 255 255 256 257 256 257 257 258 257 257 258 259 260 260 259 259 260 259 258 260 261 263 262
257 255 256 256 256 257 258 258 258 259 259 259 259 259 260 260 260 259 259 260 260 257 257 257 258 259 260 260 260 261 262 261 249 248 246 247 248 248 247 247 248 248 248 247 248 249 249 250 251 251 252 252 253 252 254 254 253 254 254 254 255 255 255 255 256 256 257 257 258 258 259 259 259 258 258 259 258 258 259 259 260 261 262 263
256 255 256 255 256 256 258 257 257 259 259 258 258 259 259 260 260 259 259 259 259 255 255 257 258 259 259 260 260 261 261 249 249 249 248 247 248 247 246 246 247 247 247 247 248 247 249 250 251 251 251 252 253 252 253 253 253 254 254 254 254 254 255 255 256 256 257 257 257 258 258 258 259 258 257 258 258 258 259 260 261 261 262 262
256 255 255 255 255 255 257 257 258 258 259 258 259 259 259 259 259 258 258 259 259 255 255 257 258 259 259 259 260 261 249 250 249 248 248 247 247 247 246 245 247 247 246 248 247 248 249 250 251 251 251 252 252 252 253 253 253 253 253 254 254 255 255 255 256 256 256 256 257 257 257 258 258 257 257 257 258 259 259 260 261 261 262 262
255 255 254 254 255 256 256 257 258 258 258 257 258 259 259 259 258 258 258 259 258 256 255 254 259 259 259 259 259 249 249 249 248 249 248 247 247 247 246 245 247 247 247 248 247 247 248 250 250 251 251 252 252 252 253 252 252 253 253 253 254 254 255 255 256 255 255 255 256 257 257 257 257 257 257 257 258 258 259 260 261 261 261 261
