invasiveSpecies/singleSpecies/data/worldclim_KE/worldclim_KE_2050_BC85_Bio2.asc
ncols         347
nrows         295
xllcorner     36.068012264173
yllcorner     0.13039239511974
cellsize      0.0083333333333333
NODATA_value  -9999
[rows 185 to 221 of 295, columns 84 to 167 of 347]
-9999 -9999 -9999 -9999 -9999 -9999 -9999 -9999 -9999 -9999 -9999 -9999 -9999 -9999 -9999 -9999 -9999 -9999 -9999 -9999 -9999 -9999 -9999 -9999 -9999 -9999 -9999 -9999 -9999 -9999 -9999 -9999 174 175 175 174 174 175 175 175 175 175 175 175 175 175 174 174 174 174 174 174 174 174 174 174 174 174 173 173 173 173 173 173 172 172 170 167 171 171 170 169 169 169 169 168 168 168 168 168 168 167 167 167
-9999 -9999 -9999 -9999 -9999 -9999 -9999 -9999 -9999 -9999 -9999 -9999 -9999 -9999 -9999 -9999 -9999 -9999 -9999 -9999 -9999 -9999 -9999 -9999 -9999 -9999 -9999 -9999 -9999 -9999 -9999 -9999 174 175 175 175 175 175 175 175 175 175 175 174 175 175 174 174 174 174 174 174 174 174 174 174 174 174 173 173 173 173 173 173 172 172 172 168 171 171 170 169 169 169 169 169 168 168 168 168 167 168 167 167
-9999 -9999 -9999 -9999 -9999 -9999 -9999 -9999 -9999 -9999 -9999 -9999 -9999 -9999 -9999 -9999 -9999 -9999 -9999 -9999 -9999 -9999 -9999 -9999 -9999 -9999 -9999 -9999 -9999 -9999 -9999 174 174 175 175 175 175 175 175 175 175 175 174 174 174 175 175 174 174 174 174 174 174 174 174 174 174 173 173 173 173 173 173 173 172 172 172 172 171 171 170 170 169 169 169 169 169 168 168 168 168 168 167 167
-9999 -9999 -9999 -9999 -9999 -9999 -9999 -9999 -9999 -9999 -9999 -9999 -9999 -9999 -9999 -9999 -9999 -9999 -9999 -9999 -9999 -9999 -9999 -9999 -9999 -9999 -9999 -9999 -9999 -9999 -9999 174 175 175 175 175 175 175 175 175 175 175 175 175 175 175 174 174 174 174 174 174 174 174 174 174 173 173 173 173 173 173 173 173 172 172 172 172 171 171 171 170 169 169 169 169 168 168 168 168 168 168 168 168
-9999 -9999 -9999 -9999 -9999 -9999 -9999 -9999 -9999 -9999 -9999 -9999 -9999 -9999 -9999 -9999 -9999 -9999 -9999 -9999 -9999 -9999 -9999 -9999 -9999 -9999 -9999 -9999 -9999 -9999 -9999 174 175 175 176 176 175 175 175 175 175 175 175 174 174 175 175 174 174 174 174 174 174 174 174 174 173 173 173 173 173 173 173 172 172 172 172 172 172 171 170 171 170 170 169 169 169 169 168 168 168 168 168 168
-9999 -9999 -9999 -9999 -9999 -9999 -9999 -9999 -9999 -9999 -9999 -9999 -9999 -9999 -9999 -9999 -9999 -9999 -9999 -9999 -9999 -9999 -9999 -9999 -9999 -9999 -9999 -9999 -9999 -9999 -9999 175 175 175 175 175 175 175 175 175 175 175 175 175 175 174 174 174 174 174 174 174 174 174 174 173 173 173 173 173 173 173 173 172 172 172 172 172 172 171 170 168 171 171 170 169 169 169 169 168 168 168 168 168
-9999 -9999 -9999 -9999 -9999 -9999 -9999 -9999 -9999 -9999 -9999 -9999 -9999 -9999 -9999 -9999 -9999 -9999 -9999 -9999 -9999 -9999 -9999 -9999 -9999 -9999 -9999 -9999 -9999 -9999 175 175 175 175 175 175 175 175 175 175 175 175 175 175 175 175 174 174 174 174 174 174 173 174 174 174 173 173 173 173 173 173 173 173 172 172 172 172 171 169 168 161 171 171 171 170 170 169 169 169 168 168 168 168
-9999 -9999 -9999 -9999 -9999 -9999 -9999 -9999 -9999 -9999 -9999 -9999 -9999 -9999 -9999 -9999 -9999 -9999 -9999 -9999 -9999 -9999 -9999 -9999 -9999 -9999 -9999 -9999 -9999 -9999 175 175 175 175 175 175 175 175 175 175 175 175 175 175 175 175 174 174 174 174 174 173 174 173 174 173 173 173 173 173 173 173 172 172 172 172 172 172 171 170 167 162 169 171 171 170 170 170 169 169 169 168 168 168
-9999 -9999 -9999 -9999 -9999 -9999 -9999 -9999 -9999 -9999 -9999 -9999 -9999 -9999 -9999 -9999 -9999 -9999 -9999 -9999 -9999 -9999 -9999 -9999 -9999 -9999 -9999 -9999 -9999 -9999 175 175 175 175 175 175 175 175 175 175 175 175 175 175 175 175 174 174 174 174 174 174 173 173 174 173 173 173 173 173 173 173 172 172 172 172 172 172 171 170 165 157 160 165 171 170 170 170 170 170 169 168 168 168
-9999 -9999 -9999 -9999 -9999 -9999 -9999 -9999 -9999 -9999 -9999 -9999 -9999 -9999 -9999 -9999 -9999 -9999 -9999 -9999 -9999 -9999 -9999 -9999 -9999 -9999 -9999 -9999 -9999 175 175 175 175 175 175 175 175 175 175 175 175 175 175 175 175 174 174 174 174 174 174 173 173 174 173 173 173 173 173 173 173 172 172 172 172 172 172 172 171 170 164 155 152 152 167 170 169 169 167 169 170 169 168 169
-9999 -9999 -9999 -9999 -9999 -9999 -9999 -9999 -9999 -9999 -9999 -9999 -9999 -9999 -9999 -9999 -9999 -9999 -9999 -9999 -9999 -9999 -9999 -9999 -9999 -9999 -9999 -9999 -9999 175 175 175 175 175 175 175 175 174 175 175 175 175 175 174 175 174 174 174 174 174 174 174 174 174 173 173 173 173 173 173 173 173 172 172 172 172 172 172 170 169 165 158 149 151 159 164 164 156 163 169 170 169 168 169
-9999 -9999 -9999 -9999 -9999 -9999 -9999 -9999 -9999 -9999 -9999 -9999 -9999 -9999 -9999 -9999 -9999 -9999 -9999 -9999 -9999 -9999 -9999 -9999 -9999 -9999 -9999 -9999 -9999 175 175 175 175 175 175 175 175 175 175 175 175 175 175 174 175 174 174 174 174 174 173 174 173 173 173 173 173 173 173 173 173 172 172 172 172 172 172 172 170 169 165 161 153 151 152 158 152 148 157 165 169 169 169 169
-9999 -9999 -9999 -9999 -9999 -9999 -9999 -9999 -9999 -9999 -9999 -9999 -9999 -9999 -9999 -9999 -9999 -9999 -9999 -9999 -9999 -9999 -9999 -9999 -9999 -9999 -9999 -9999 175 175 175 175 175 175 175 175 174 174 175 174 174 174 175 174 174 174 174 174 174 174 174 174 173 173 173 173 173 173 173 173 173 173 172 172 172 172 172 172 171 168 169 164 160 150 144 139 146 151 156 167 170 169 169 169
-9999 -9999 -9999 -9999 -9999 -9999 -9999 -9999 -9999 -9999 -9999 -9999 -9999 -9999 -9999 -9999 -9999 -9999 -9999 -9999 -9999 -9999 -9999 -9999 -9999 -9999 -9999 -9999 175 175 175 175 175 175 175 175 175 175 175 175 175 174 174 174 174 174 174 174 174 174 174 173 173 173 173 173 173 173 173 173 173 173 172 172 172 172 172 172 171 170 168 163 160 156 152 155 155 162 158 168 169 169 169 168
-9999 -9999 -9999 -9999 -9999 -9999 -9999 -9999 -9999 -9999 -9999 -9999 -9999 -9999 -9999 -9999 -9999 -9999 -9999 -9999 -9999 -9999 -9999 -9999 -9999 -9999 -9999 -9999 175 175 175 175 175 175 175 175 175 175 175 174 174 175 174 174 174 174 174 174 174 174 174 173 173 173 173 173 173 173 173 173 172 172 172 172 172 172 172 172 171 170 167 166 162 158 160 163 165 167 165 168 169 169 168 168
-9999 -9999 -9999 -9999 -9999 -9999 -9999 -9999 -9999 -9999 -9999 -9999 -9999 -9999 -9999 -9999 -9999 -9999 -9999 -9999 -9999 -9999 -9999 -9999 -9999 -9999 -9999 -9999 174 175 175 175 175 175 175 175 174 174 174 174 174 174 174 174 174 174 174 174 174 174 173 173 173 173 173 173 173 173 173 172 173 172 172 172 172 172 172 172 171 171 169 169 167 166 166 166 168 169 169 170 169 169 169 168
-9999 -9999 -9999 -9999 -9999 -9999 -9999 -9999 -9999 -9999 -9999 -9999 -9999 -9999 -9999 -9999 -9999 -9999 -9999 -9999 -9999 -9999 -9999 -9999 -9999 -9999 -9999 -9999 175 175 175 175 175 174 174 175 174 175 174 174 174 174 174 174 174 174 174 174 174 173 173 173 173 173 173 173 173 173 173 172 172 172 172 172 172 172 172 171 171 171 171 170 170 169 169 169 169 170 170 169 169 169 169 168
-9999 -9999 -9999 -9999 -9999 -9999 -9999 -9999 -9999 -9999 -9999 -9999 -9999 -9999 -9999 -9999 -9999 -9999 -9999 -9999 -9999 -9999 -9999 -9999 -9999 -9999 -9999 175 175 174 175 174 175 175 175 174 174 175 174 174 174 174 174 174 174 174 174 174 173 173 174 173 173 173 173 173 173 173 172 172 172 172 172 172 172 172 172 172 171 171 171 171 170 170 170 170 170 170 170 169 169 169 169 168
-9999 -9999 -9999 -9999 -9999 -9999 -9999 -9999 -9999 -9999 -9999 -9999 -9999 -9999 -9999 -9999 -9999 -9999 -9999 -9999 -9999 -9999 -9999 -9999 -9999 -9999 -9999 175 175 174 174 174 174 175 175 174 174 174 174 174 174 174 174 174 174 174 174 174 174 174 174 173 173 173 173 173 173 173 172 172 172 172 172 172 172 172 172 172 171 171 171 171 171 170 170 170 167 165 168 170 170 169 169 169
-9999 -9999 -9999 -9999 -9999 -9999 -9999 -9999 -9999 -9999 -9999 -9999 -9999 -9999 -9999 -9999 -9999 -9999 -9999 -9999 -9999 -9999 -9999 -9999 -9999 -9999 -9999 175 174 174 175 174 174 175 174 175 174 174 174 174 174 174 174 174 174 174 174 174 173 173 173 173 173 173 173 173 173 173 172 172 172 172 172 172 172 172 172 171 171 171 171 171 171 171 170 170 169 165 168 170 169 169 169 169
-9999 -9999 -9999 -9999 -9999 -9999 -9999 -9999 -9999 -9999 -9999 -9999 -9999 -9999 -9999 -9999 -9999 -9999 -9999 -9999 -9999 -9999 -9999 -9999 -9999 -9999 -9999 175 174 175 174 174 174 174 174 174 174 174 174 174 174 174 174 174 174 174 174 174 173 173 173 173 173 173 173 173 173 172 172 172 172 172 172 172 172 172 172 172 171 171 171 171 171 171 170 170 167 166 167 169 169 169 169 169
-9999 -9999 -9999 -9999 -9999 -9999 -9999 -9999 -9999 -9999 -9999 -9999 -9999 -9999 -9999 -9999 -9999 -9999 -9999 -9999 -9999 -9999 -9999 -9999 -9999 -9999 -9999 -9999 174 174 174 174 174 175 174 174 174 174 174 174 174 174 174 174 174 174 174 174 174 173 173 173 173 173 173 173 173 173 172 172 172 172 172 172 172 172 172 171 171 171 171 171 171 170 170 170 169 167 169 168 169 169 169 169
-9999 -9999 -9999 -9999 -9999 -9999 -9999 -9999 -9999 -9999 -9999 -9999 -9999 -9999 -9999 -9999 -9999 -9999 -9999 -9999 -9999 -9999 -9999 -9999 -9999 -9999 -9999 -9999 175 174 174 174 174 174 174 174 174 174 174 174 174 174 174 174 173 174 174 174 173 173 173 173 173 173 173 172 172 172 172 172 172 172 172 172 172 172 171 171 171 171 171 171 171 170 170 170 170 169 170 170 169 169 169 169
-9999 -9999 -9999 -9999 -9999 -9999 -9999 -9999 -9999 -9999 -9999 -9999 -9999 -9999 -9999 -9999 -9999 -9999 -9999 -9999 -9999 -9999 -9999 -9999 -9999 -9999 -9999 175 174 174 174 174 174 174 174 174 174 174 174 174 174 174 174 174 174 174 173 174 173 173 173 173 173 173 173 173 172 172 172 172 172 172 172 172 172 172 172 171 171 171 171 171 171 170 170 170 170 170 170 169 169 169 169 169
-9999 -9999 -9999 -9999 -9999 -9999 -9999 -9999 -9999 -9999 -9999 -9999 -9999 -9999 -9999 -9999 -9999 -9999 -9999 -9999 -9999 -9999 -9999 -9999 -9999 -9999 -9999 -9999 174 174 174 174 174 174 174 174 174 174 174 174 174 174 174 174 174 173 173 174 173 173 173 173 173 173 173 173 173 172 172 172 172 172 171 172 172 171 171 171 171 171 171 171 171 170 170 170 170 170 170 169 168 169 169 169
-9999 -9999 -9999 -9999 -9999 -9999 -9999 -9999 -9999 -9999 -9999 -9999 -9999 -9999 -9999 -9999 -9999 -9999 -9999 -9999 -9999 -9999 -9999 -9999 -9999 -9999 -9999 -9999 174 174 174 174 174 174 174 174 174 174 174 174 174 174 174 174 174 173 173 173 173 173 173 173 173 173 173 172 173 172 172 172 172 172 172 172 171 172 171 171 171 171 171 170 171 170 170 170 170 170 170 168 168 169 169 169
-9999 -9999 -9999 -9999 -9999 -9999 -9999 -9999 -9999 -9999 -9999 -9999 -9999 -9999 -9999 -9999 -9999 -9999 -9999 -9999 -9999 -9999 -9999 -9999 -9999 -9999 -9999 -9999 174 174 174 174 174 174 174 174 174 174 174 174 174 174 174 174 173 173 173 173 173 173 173 173 173 173 172 173 172 172 172 172 172 172 172 172 172 171 172 171 171 171 171 170 170 170 171 170 170 170 170 168 167 169 169 169
-9999 -9999 -9999 -9999 -9999 -9999 -9999 -9999 -9999 -9999 -9999 -9999 -9999 -9999 -9999 -9999 -9999 -9999 -9999 -9999 -9999 -9999 -9999 -9999 -9999 173 174 174 174 174 174 174 174 174 174 174 174 174 174 174 174 174 174 174 174 174 173 173 173 173 173 173 173 173 172 172 172 172 172 172 172 172 172 172 172 172 171 171 171 171 171 171 170 170 170 170 170 169 169 169 166 169 169 169
-9999 -9999 -9999 -9999 -9999 -9999 -9999 -9999 -9999 -9999 -9999 -9999 -9999 -9999 -9999 -9999 -9999 -9999 -9999 -9999 -9999 -9999 -9999 -9999 -9999 173 174 174 174 174 174 174 174 174 174 174 174 174 174 174 174 174 173 174 173 174 173 173 173 173 173 173 172 172 172 172 172 172 172 172 171 172 172 172 172 172 171 171 171 171 171 170 170 170 170 170 170 170 167 166 163 169 169 169
-9999 -9999 -9999 -9999 -9999 -9999 -9999 -9999 -9999 -9999 -9999 -9999 -9999 -9999 -9999 -9999 -9999 -9999 -9999 -9999 -9999 -9999 -9999 -9999 -9999 172 174 174 174 174 174 174 174 174 174 174 174 174 174 174 174 174 174 174 174 173 173 173 173 173 173 172 172 172 172 172 172 172 172 172 171 171 172 172 171 171 171 171 171 170 170 170 171 170 170 170 170 167 163 165 165 169 169 169
-9999 -9999 -9999 -9999 -9999 -9999 -9999 -9999 -9999 -9999 -9999 -9999 -9999 -9999 -9999 -9999 -9999 -9999 -9999 -9999 -9999 -9999 -9999 -9999 -9999 -9999 174 174 174 174 174 174 174 174 174 174 174 174 174 174 174 174 173 174 173 173 173 173 173 173 172 173 172 172 172 172 172 172 171 172 172 171 171 171 171 171 171 171 171 171 171 170 170 170 170 170 170 170 165 167 165 168 169 169
-9999 -9999 -9999 -9999 -9999 -9999 -9999 -9999 -9999 -9999 -9999 -9999 -9999 -9999 -9999 -9999 -9999 -9999 -9999 -9999 -9999 -9999 -9999 -9999 -9999 172 173 174 174 174 174 174 174 174 174 174 174 174 174 173 173 173 174 173 174 173 173 173 173 173 173 172 172 172 172 172 172 172 171 172 172 172 172 171 171 171 171 171 171 171 171 170 170 170 170 170 170 169 167 169 167 169 169 169
-9999 -9999 -9999 -9999 -9999 -9999 -9999 -9999 -9999 -9999 -9999 -9999 -9999 -9999 -9999 -9999 -9999 -9999 -9999 -9999 -9999 -9999 -9999 -9999 172 172 174 174 174 174 174 174 174 174 174 174 174 173 -9999 -9999 -9999 -9999 173 173 173 173 173 173 173 173 173 172 172 172 172 172 172 172 171 171 172 172 171 171 171 171 171 171 171 171 171 170 170 170 170 170 170 170 169 169 168 168 169 169
-9999 -9999 -9999 -9999 -9999 -9999 -9999 -9999 -9999 -9999 -9999 -9999 -9999 -9999 -9999 -9999 -9999 -9999 -9999 -9999 -9999 -9999 -9999 -9999 173 173 173 174 174 174 174 174 174 174 174 174 -9999 -9999 -9999 -9999 -9999 -9999 -9999 173 173 173 173 173 173 173 173 172 172 172 172 172 172 172 171 171 172 171 171 171 171 171 171 171 171 171 170 170 170 170 170 170 170 170 169 169 169 169 169 169
-9999 -9999 -9999 -9999 -9999 -9999 -9999 -9999 -9999 -9999 -9999 -9999 -9999 -9999 -9999 -9999 -9999 -9999 -9999 -9999 -9999 -9999 -9999 -9999 173 174 174 174 174 174 174 174 174 -9999 -9999 -9999 -9999 -9999 -9999 -9999 -9999 -9999 -9999 -9999 173 173 173 173 173 173 173 172 173 172 172 172 172 171 171 171 171 171 171 171 171 171 171 171 171 170 171 170 170 170 170 170 170 170 169 169 169 169 169 169
-9999 -9999 -9999 -9999 -9999 -9999 -9999 -9999 -9999 -9999 -9999 -9999 -9999 -9999 -9999 -9999 -9999 -9999 -9999 -9999 -9999 -9999 -9999 -9999 174 173 174 174 174 174 -9999 -9999 -9999 -9999 -9999 -9999 -9999 -9999 -9999 -9999 -9999 -9999 -9999 -9999 -9999 -9999 173 173 173 173 172 172 172 172 172 172 172 172 171 171 171 171 171 171 171 171 171 171 171 170 170 170 170 170 170 170 170 170 169 169 169 169 169 169
-9999 -9999 -9999 -9999 -9999 -9999 -9999 -9999 -9999 -9999 -9999 -9999 -9999 -9999 -9999 -9999 -9999 -9999 -9999 -9999 -9999 -9999 -9999 -9999 174 174 174 -9999 -9999 -9999 -9999 -9999 -9999 -9999 -9999 -9999 -9999 -9999 -9999 -9999 -9999 -9999 -9999 -9999 -9999 -9999 -9999 -9999 173 173 172 172 172 172 172 171 172 172 172 171 171 171 171 171 171 171 171 171 171 171 170 170 170 170 170 170 170 170 169 169 169 169 169 169
