invasiveSpecies/singleSpecies/data/worldclim_KE/worldclim_KE_2050_BC85_Bio18.asc
ncols         347
nrows         295
xllcorner     36.068012264173
yllcorner     0.13039239511974
cellsize      0.0083333333333333
NODATA_value  -9999
[rows 185 to 221 of 295, columns 84 to 167 of 347]
-9999 -9999 -9999 -9999 -9999 -9999 -9999 -9999 -9999 -9999 -9999 -9999 -9999 -9999 -9999 -9999 -9999 -9999 -9999 -9999 -9999 -9999 -9999 -9999 -9999 -9999 -9999 -9999 -9999 -9999 -9999 -9999 299 317 310 310 317 322 331 331 328 328 331 336 344 342 341 340 341 347 348 352 352 352 355 358 359 357 358 357 360 362 362 366 368 370 366 348 377 362 300 266 259 257 255 249 248 247 248 248 244 243 243 244
-9999 -9999 -9999 -9999 -9999 -9999 -9999 -9999 -9999 -9999 -9999 -9999 -9999 -9999 -9999 -9999 -9999 -9999 -9999 -9999 -9999 -9999 -9999 -9999 -9999 -9999 -9999 -9999 -9999 -9999 -9999 -9999 301 320 316 315 324 326 333 334 333 332 333 336 342 345 345 345 345 349 349 352 352 354 355 359 359 357 358 357 359 359 359 363 367 370 376 359 380 331 276 268 260 258 256 250 249 249 251 248 248 244 244 244
-9999 -9999 -9999 -9999 -9999 -9999 -9999 -9999 -9999 -9999 -9999 -9999 -9999 -9999 -9999 -9999 -9999 -9999 -9999 -9999 -9999 -9999 -9999 -9999 -9999 -9999 -9999 -9999 -9999 -9999 -9999 306 301 320 324 320 328 333 339 339 340 339 338 340 343 346 350 348 350 352 352 349 352 355 358 356 356 356 357 356 357 359 360 361 365 369 371 378 358 304 281 273 266 262 258 257 256 250 254 250 250 248 247 248
-9999 -9999 -9999 -9999 -9999 -9999 -9999 -9999 -9999 -9999 -9999 -9999 -9999 -9999 -9999 -9999 -9999 -9999 -9999 -9999 -9999 -9999 -9999 -9999 -9999 -9999 -9999 -9999 -9999 -9999 -9999 303 312 328 328 327 333 333 339 343 343 341 343 340 343 347 350 350 350 350 350 349 353 354 356 355 355 354 354 355 356 357 360 360 363 368 370 372 378 352 331 284 269 272 260 260 258 254 254 253 251 250 251 251
-9999 -9999 -9999 -9999 -9999 -9999 -9999 -9999 -9999 -9999 -9999 -9999 -9999 -9999 -9999 -9999 -9999 -9999 -9999 -9999 -9999 -9999 -9999 -9999 -9999 -9999 -9999 -9999 -9999 -9999 -9999 307 317 326 339 340 336 338 344 344 344 345 344 343 346 351 351 350 350 350 350 349 350 356 356 356 353 352 352 354 354 356 357 359 362 363 367 370 373 368 383 364 288 296 273 264 261 259 261 257 255 254 254 255
-9999 -9999 -9999 -9999 -9999 -9999 -9999 -9999 -9999 -9999 -9999 -9999 -9999 -9999 -9999 -9999 -9999 -9999 -9999 -9999 -9999 -9999 -9999 -9999 -9999 -9999 -9999 -9999 -9999 -9999 -9999 312 322 332 341 343 344 345 346 346 348 349 349 345 349 352 352 350 350 349 350 349 350 354 356 354 352 349 355 355 355 358 359 361 363 367 368 371 379 378 380 375 387 341 288 281 269 268 265 261 260 258 257 260
-9999 -9999 -9999 -9999 -9999 -9999 -9999 -9999 -9999 -9999 -9999 -9999 -9999 -9999 -9999 -9999 -9999 -9999 -9999 -9999 -9999 -9999 -9999 -9999 -9999 -9999 -9999 -9999 -9999 -9999 311 322 340 341 342 346 349 348 350 351 351 351 349 349 351 354 354 352 353 350 349 351 352 354 356 355 354 350 355 360 360 362 361 365 366 370 372 374 378 379 368 328 386 384 349 312 289 280 293 274 266 261 261 264
-9999 -9999 -9999 -9999 -9999 -9999 -9999 -9999 -9999 -9999 -9999 -9999 -9999 -9999 -9999 -9999 -9999 -9999 -9999 -9999 -9999 -9999 -9999 -9999 -9999 -9999 -9999 -9999 -9999 -9999 315 329 340 341 343 350 350 352 353 354 353 353 351 355 355 355 355 354 354 353 349 347 352 355 358 355 351 349 357 361 364 368 367 367 370 370 373 376 379 386 364 333 379 390 385 348 319 326 300 289 278 266 264 279
-9999 -9999 -9999 -9999 -9999 -9999 -9999 -9999 -9999 -9999 -9999 -9999 -9999 -9999 -9999 -9999 -9999 -9999 -9999 -9999 -9999 -9999 -9999 -9999 -9999 -9999 -9999 -9999 -9999 -9999 322 346 343 344 346 347 352 353 354 355 354 356 356 356 356 355 355 355 355 353 352 347 349 357 356 352 351 349 353 360 363 370 371 370 372 374 375 376 381 387 349 315 327 362 384 387 360 385 361 329 312 270 270 277
-9999 -9999 -9999 -9999 -9999 -9999 -9999 -9999 -9999 -9999 -9999 -9999 -9999 -9999 -9999 -9999 -9999 -9999 -9999 -9999 -9999 -9999 -9999 -9999 -9999 -9999 -9999 -9999 -9999 326 340 341 344 347 348 349 352 352 356 356 358 359 358 359 358 356 355 355 355 354 350 347 347 353 353 352 349 354 357 360 364 368 374 373 375 375 373 381 385 386 346 312 307 312 376 392 393 395 388 397 378 288 274 292
-9999 -9999 -9999 -9999 -9999 -9999 -9999 -9999 -9999 -9999 -9999 -9999 -9999 -9999 -9999 -9999 -9999 -9999 -9999 -9999 -9999 -9999 -9999 -9999 -9999 -9999 -9999 -9999 -9999 323 347 345 351 351 354 351 355 355 358 360 360 362 360 364 358 357 355 355 355 355 351 349 347 352 351 347 346 355 361 364 366 372 376 376 376 373 374 377 387 381 349 320 306 310 329 360 364 331 368 396 347 283 277 299
-9999 -9999 -9999 -9999 -9999 -9999 -9999 -9999 -9999 -9999 -9999 -9999 -9999 -9999 -9999 -9999 -9999 -9999 -9999 -9999 -9999 -9999 -9999 -9999 -9999 -9999 -9999 -9999 -9999 334 338 349 352 352 356 356 357 360 362 363 363 364 366 366 359 359 358 356 353 352 355 351 349 345 345 346 353 356 359 363 369 373 376 375 373 371 373 381 384 379 354 330 309 309 314 334 319 318 339 385 390 307 282 283
-9999 -9999 -9999 -9999 -9999 -9999 -9999 -9999 -9999 -9999 -9999 -9999 -9999 -9999 -9999 -9999 -9999 -9999 -9999 -9999 -9999 -9999 -9999 -9999 -9999 -9999 -9999 -9999 329 347 350 350 353 353 354 361 360 362 362 362 364 368 367 366 365 364 361 358 357 352 351 351 347 343 344 352 358 362 363 366 367 371 373 376 372 371 373 378 387 378 377 345 325 308 311 323 314 322 337 395 380 311 283 277
-9999 -9999 -9999 -9999 -9999 -9999 -9999 -9999 -9999 -9999 -9999 -9999 -9999 -9999 -9999 -9999 -9999 -9999 -9999 -9999 -9999 -9999 -9999 -9999 -9999 -9999 -9999 -9999 328 350 353 354 357 357 356 357 359 359 359 365 359 366 370 371 370 369 365 359 359 356 351 351 350 343 350 354 359 362 363 362 366 366 370 375 372 369 372 380 387 387 374 342 327 317 314 324 327 354 343 397 380 291 283 275
-9999 -9999 -9999 -9999 -9999 -9999 -9999 -9999 -9999 -9999 -9999 -9999 -9999 -9999 -9999 -9999 -9999 -9999 -9999 -9999 -9999 -9999 -9999 -9999 -9999 -9999 -9999 -9999 334 352 358 359 359 360 356 356 354 354 354 355 355 364 373 374 375 368 366 359 359 354 349 351 349 341 346 355 356 360 360 359 360 361 366 373 372 365 372 380 388 388 367 365 339 325 335 352 373 390 383 399 398 291 278 275
-9999 -9999 -9999 -9999 -9999 -9999 -9999 -9999 -9999 -9999 -9999 -9999 -9999 -9999 -9999 -9999 -9999 -9999 -9999 -9999 -9999 -9999 -9999 -9999 -9999 -9999 -9999 -9999 339 355 361 360 361 363 357 357 356 353 352 351 354 357 357 358 371 375 370 364 361 359 353 348 348 340 346 350 354 356 355 352 356 360 362 369 371 363 367 372 379 387 387 386 376 369 373 374 390 397 397 349 287 282 275 272
-9999 -9999 -9999 -9999 -9999 -9999 -9999 -9999 -9999 -9999 -9999 -9999 -9999 -9999 -9999 -9999 -9999 -9999 -9999 -9999 -9999 -9999 -9999 -9999 -9999 -9999 -9999 -9999 343 363 362 363 363 366 361 361 357 356 357 354 351 357 355 356 359 363 374 371 373 367 358 351 347 346 342 350 353 355 352 348 352 356 364 366 366 364 360 370 376 380 387 392 393 392 395 395 394 373 345 313 292 283 277 274
-9999 -9999 -9999 -9999 -9999 -9999 -9999 -9999 -9999 -9999 -9999 -9999 -9999 -9999 -9999 -9999 -9999 -9999 -9999 -9999 -9999 -9999 -9999 -9999 -9999 -9999 -9999 344 351 360 365 364 364 366 365 361 359 361 358 355 351 355 353 353 354 358 362 369 383 365 363 358 348 343 338 346 349 347 348 343 348 354 358 362 363 360 358 365 371 375 379 384 388 386 385 386 366 342 376 307 372 366 291 284
-9999 -9999 -9999 -9999 -9999 -9999 -9999 -9999 -9999 -9999 -9999 -9999 -9999 -9999 -9999 -9999 -9999 -9999 -9999 -9999 -9999 -9999 -9999 -9999 -9999 -9999 -9999 345 357 362 367 366 365 366 366 365 364 363 359 357 353 352 350 351 351 352 356 367 380 376 376 376 350 343 337 351 348 342 340 338 342 348 356 358 355 357 356 359 366 369 372 376 379 377 376 381 393 380 400 372 346 388 294 292
-9999 -9999 -9999 -9999 -9999 -9999 -9999 -9999 -9999 -9999 -9999 -9999 -9999 -9999 -9999 -9999 -9999 -9999 -9999 -9999 -9999 -9999 -9999 -9999 -9999 -9999 -9999 356 360 371 371 369 368 367 367 367 366 364 361 360 360 357 354 351 348 348 354 362 386 369 361 361 354 343 335 343 346 340 336 334 339 342 352 358 352 353 354 356 360 366 369 374 373 374 373 374 396 383 400 338 330 360 312 293
-9999 -9999 -9999 -9999 -9999 -9999 -9999 -9999 -9999 -9999 -9999 -9999 -9999 -9999 -9999 -9999 -9999 -9999 -9999 -9999 -9999 -9999 -9999 -9999 -9999 -9999 -9999 360 370 372 373 372 371 369 369 371 369 367 366 363 359 355 352 357 352 348 354 358 379 365 358 352 345 339 334 343 342 336 331 326 334 338 345 350 350 352 350 352 357 358 363 365 363 364 368 376 390 387 396 382 330 322 305 293
-9999 -9999 -9999 -9999 -9999 -9999 -9999 -9999 -9999 -9999 -9999 -9999 -9999 -9999 -9999 -9999 -9999 -9999 -9999 -9999 -9999 -9999 -9999 -9999 -9999 -9999 -9999 -9999 373 372 372 373 373 369 368 371 374 374 368 364 360 354 350 353 351 344 348 355 380 386 363 356 352 344 329 337 334 333 327 323 326 338 339 342 342 344 350 353 355 352 351 358 358 355 361 361 395 394 400 400 331 310 303 294
-9999 -9999 -9999 -9999 -9999 -9999 -9999 -9999 -9999 -9999 -9999 -9999 -9999 -9999 -9999 -9999 -9999 -9999 -9999 -9999 -9999 -9999 -9999 -9999 -9999 -9999 -9999 -9999 373 373 373 373 374 371 366 372 371 375 382 362 359 356 349 347 347 344 349 362 389 380 368 363 356 345 336 325 324 323 323 318 321 329 334 337 338 342 343 347 348 347 347 352 354 353 353 354 372 395 376 331 321 312 307 293
-9999 -9999 -9999 -9999 -9999 -9999 -9999 -9999 -9999 -9999 -9999 -9999 -9999 -9999 -9999 -9999 -9999 -9999 -9999 -9999 -9999 -9999 -9999 -9999 -9999 -9999 -9999 375 377 377 374 371 375 368 366 371 368 372 371 367 358 353 350 347 346 342 349 355 354 365 382 365 355 348 342 339 338 327 316 313 318 326 325 334 343 341 337 339 338 342 339 343 342 344 346 344 347 340 343 333 371 332 325 306
-9999 -9999 -9999 -9999 -9999 -9999 -9999 -9999 -9999 -9999 -9999 -9999 -9999 -9999 -9999 -9999 -9999 -9999 -9999 -9999 -9999 -9999 -9999 -9999 -9999 -9999 -9999 -9999 383 381 376 371 376 375 370 367 366 371 370 368 362 360 357 352 347 340 342 350 346 346 361 368 352 347 346 341 336 327 319 313 314 320 329 337 340 339 333 332 335 334 334 335 337 340 342 340 339 342 344 396 401 343 345 310
-9999 -9999 -9999 -9999 -9999 -9999 -9999 -9999 -9999 -9999 -9999 -9999 -9999 -9999 -9999 -9999 -9999 -9999 -9999 -9999 -9999 -9999 -9999 -9999 -9999 -9999 -9999 -9999 387 382 376 370 375 373 368 367 364 373 372 366 362 361 355 350 345 341 337 339 341 348 366 350 353 345 339 335 330 324 319 310 313 316 325 333 337 333 331 328 333 332 332 330 334 335 336 336 339 347 357 400 396 325 310 313
-9999 -9999 -9999 -9999 -9999 -9999 -9999 -9999 -9999 -9999 -9999 -9999 -9999 -9999 -9999 -9999 -9999 -9999 -9999 -9999 -9999 -9999 -9999 -9999 -9999 -9999 -9999 -9999 392 380 377 371 377 374 366 366 362 370 371 371 363 358 355 351 351 348 342 334 335 337 336 343 351 347 337 330 326 320 316 308 311 317 327 330 336 336 334 326 327 324 325 327 331 334 343 346 348 355 365 398 403 336 304 292
-9999 -9999 -9999 -9999 -9999 -9999 -9999 -9999 -9999 -9999 -9999 -9999 -9999 -9999 -9999 -9999 -9999 -9999 -9999 -9999 -9999 -9999 -9999 -9999 -9999 370 393 394 397 384 378 373 371 371 363 361 360 366 367 367 365 363 362 358 355 354 347 340 331 329 334 338 357 341 332 326 321 315 313 304 304 322 327 326 326 334 330 325 322 322 323 323 328 333 354 353 361 391 382 389 402 309 301 287
-9999 -9999 -9999 -9999 -9999 -9999 -9999 -9999 -9999 -9999 -9999 -9999 -9999 -9999 -9999 -9999 -9999 -9999 -9999 -9999 -9999 -9999 -9999 -9999 -9999 376 395 400 403 386 380 379 372 366 362 362 357 357 363 360 362 357 364 363 356 355 353 346 338 329 328 334 334 326 327 320 315 310 304 303 303 314 323 321 321 327 330 325 319 317 317 321 322 333 338 360 368 379 401 400 387 311 301 281
-9999 -9999 -9999 -9999 -9999 -9999 -9999 -9999 -9999 -9999 -9999 -9999 -9999 -9999 -9999 -9999 -9999 -9999 -9999 -9999 -9999 -9999 -9999 -9999 -9999 349 400 403 398 387 380 372 377 372 367 357 353 350 358 354 356 353 353 357 355 352 349 342 336 326 323 330 329 323 318 317 311 303 300 298 300 314 319 316 315 322 333 328 319 315 314 314 321 324 334 364 370 397 381 392 396 372 305 281
-9999 -9999 -9999 -9999 -9999 -9999 -9999 -9999 -9999 -9999 -9999 -9999 -9999 -9999 -9999 -9999 -9999 -9999 -9999 -9999 -9999 -9999 -9999 -9999 -9999 -9999 406 402 399 394 380 369 378 377 372 366 360 357 347 344 348 350 345 352 355 349 347 343 336 328 320 323 319 325 317 311 307 302 291 300 311 310 317 312 313 315 325 329 324 312 310 309 314 320 329 338 365 386 393 401 396 391 302 291
-9999 -9999 -9999 -9999 -9999 -9999 -9999 -9999 -9999 -9999 -9999 -9999 -9999 -9999 -9999 -9999 -9999 -9999 -9999 -9999 -9999 -9999 -9999 -9999 -9999 332 396 408 407 388 377 368 362 378 373 363 357 353 343 342 341 342 341 345 352 349 344 342 333 326 321 315 312 315 317 311 302 297 291 297 301 304 314 312 302 313 316 326 323 314 309 307 309 315 324 331 367 381 399 389 403 384 317 291
-9999 -9999 -9999 -9999 -9999 -9999 -9999 -9999 -9999 -9999 -9999 -9999 -9999 -9999 -9999 -9999 -9999 -9999 -9999 -9999 -9999 -9999 -9999 -9999 358 353 410 417 390 378 376 366 355 359 360 353 344 336 -9999 -9999 -9999 -9999 332 341 349 349 346 340 338 331 329 318 314 305 306 307 298 293 287 292 304 303 306 310 299 305 312 318 317 312 307 304 305 310 315 323 370 375 391 370 393 390 301 287
-9999 -9999 -9999 -9999 -9999 -9999 -9999 -9999 -9999 -9999 -9999 -9999 -9999 -9999 -9999 -9999 -9999 -9999 -9999 -9999 -9999 -9999 -9999 -9999 376 381 416 422 405 372 368 360 355 351 341 347 -9999 -9999 -9999 -9999 -9999 -9999 -9999 326 341 339 345 348 345 336 329 320 314 301 298 298 293 288 283 288 295 298 299 301 296 301 308 314 311 309 305 301 302 304 308 313 369 352 353 325 341 367 332 280
-9999 -9999 -9999 -9999 -9999 -9999 -9999 -9999 -9999 -9999 -9999 -9999 -9999 -9999 -9999 -9999 -9999 -9999 -9999 -9999 -9999 -9999 -9999 -9999 404 406 409 420 395 356 370 351 347 -9999 -9999 -9999 -9999 -9999 -9999 -9999 -9999 -9999 -9999 -9999 334 332 332 336 339 336 335 325 315 307 299 291 288 280 278 277 290 293 293 298 292 298 302 312 309 305 301 300 298 298 301 302 309 322 305 307 313 317 287 274
-9999 -9999 -9999 -9999 -9999 -9999 -9999 -9999 -9999 -9999 -9999 -9999 -9999 -9999 -9999 -9999 -9999 -9999 -9999 -9999 -9999 -9999 -9999 -9999 421 416 385 403 379 348 -9999 -9999 -9999 -9999 -9999 -9999 -9999 -9999 -9999 -9999 -9999 -9999 -9999 -9999 -9999 -9999 324 332 335 328 321 319 317 312 298 291 282 280 281 276 281 288 289 290 293 293 300 302 309 304 300 296 294 293 291 291 291 289 292 297 296 291 280 270
-9999 -9999 -9999 -9999 -9999 -9999 -9999 -9999 -9999 -9999 -9999 -9999 -9999 -9999 -9999 -9999 -9999 -9999 -9999 -9999 -9999 -9999 -9999 -9999 378 364 358 -9999 -9999 -9999 -9999 -9999 -9999 -9999 -9999 -9999 -9999 -9999 -9999 -9999 -9999 -9999 -9999 -9999 -9999 -9999 -9999 -9999 330 323 311 304 303 310 295 286 289 293 290 285 275 283 282 287 287 289 294 301 306 307 302 300 294 293 290 289 287 284 288 288 288 291 297 279
