invasiveSpecies/singleSpecies/data/worldclim_KE/worldclim_KE_2050_BC85_Bio10.asc
ncols         347
nrows         295
xllcorner     36.068012264173
yllcorner     0.13039239511974
cellsize      0.0083333333333333
NODATA_value  -9999
[rows 185 to 221 of 295, columns 84 to 167 of 347]
-9999 -9999 -9999 -9999 -9999 -9999 -9999 -9999 -9999 -9999 -9999 -9999 -9999 -9999 -9999 -9999 -9999 -9999 -9999 -9999 -9999 -9999 -9999 -9999 -9999 -9999 -9999 -9999 -9999 -9999 -9999 -9999 245 240 243 244 242 240 238 239 240 240 240 239 236 237 238 239 238 237 237 236 236 236 235 234 235 236 235 236 235 235 235 235 234 233 221 214 231 238 251 258 260 260 261 263 263 263 263 263 264 264 263 263
-9999 -9999 -9999 -9999 -9999 -9999 -9999 -9999 -9999 -9999 -9999 -9999 -9999 -9999 -9999 -9999 -9999 -9999 -9999 -9999 -9999 -9999 -9999 -9999 -9999 -9999 -9999 -9999 -9999 -9999 -9999 -9999 245 240 242 242 240 240 238 237 239 240 240 239 237 236 237 237 238 236 236 236 236 236 235 235 235 236 236 237 237 237 236 236 235 234 228 217 229 245 256 258 260 260 261 262 263 263 262 262 262 264 263 264
-9999 -9999 -9999 -9999 -9999 -9999 -9999 -9999 -9999 -9999 -9999 -9999 -9999 -9999 -9999 -9999 -9999 -9999 -9999 -9999 -9999 -9999 -9999 -9999 -9999 -9999 -9999 -9999 -9999 -9999 -9999 244 245 240 239 241 238 237 235 236 237 237 239 238 237 236 235 237 236 236 236 237 237 236 236 237 237 237 237 238 237 237 237 237 236 235 234 231 238 250 255 257 259 259 261 261 260 262 261 263 263 263 263 263
-9999 -9999 -9999 -9999 -9999 -9999 -9999 -9999 -9999 -9999 -9999 -9999 -9999 -9999 -9999 -9999 -9999 -9999 -9999 -9999 -9999 -9999 -9999 -9999 -9999 -9999 -9999 -9999 -9999 -9999 -9999 245 243 237 238 239 238 238 236 235 236 238 237 239 238 237 236 236 237 237 237 238 237 237 236 237 238 238 238 238 238 238 237 237 236 236 235 235 233 240 245 254 258 257 260 260 261 261 260 262 262 261 262 262
-9999 -9999 -9999 -9999 -9999 -9999 -9999 -9999 -9999 -9999 -9999 -9999 -9999 -9999 -9999 -9999 -9999 -9999 -9999 -9999 -9999 -9999 -9999 -9999 -9999 -9999 -9999 -9999 -9999 -9999 -9999 245 241 239 234 234 236 236 234 235 236 236 237 238 238 235 236 237 237 237 237 238 238 237 237 238 239 239 240 239 239 239 238 238 237 237 237 236 235 236 228 239 254 252 257 259 259 260 260 261 261 261 261 261
-9999 -9999 -9999 -9999 -9999 -9999 -9999 -9999 -9999 -9999 -9999 -9999 -9999 -9999 -9999 -9999 -9999 -9999 -9999 -9999 -9999 -9999 -9999 -9999 -9999 -9999 -9999 -9999 -9999 -9999 -9999 243 240 237 226 226 226 234 234 235 235 235 236 238 237 236 236 238 238 238 238 239 238 238 238 238 239 240 239 239 239 238 238 238 237 237 236 235 232 233 223 220 230 243 254 255 257 258 258 259 260 261 260 260
-9999 -9999 -9999 -9999 -9999 -9999 -9999 -9999 -9999 -9999 -9999 -9999 -9999 -9999 -9999 -9999 -9999 -9999 -9999 -9999 -9999 -9999 -9999 -9999 -9999 -9999 -9999 -9999 -9999 -9999 243 241 233 226 226 228 229 233 233 234 234 235 236 237 236 235 237 237 238 239 239 239 239 238 238 239 239 240 239 238 238 237 238 237 237 236 236 235 234 223 218 203 232 234 242 249 254 255 253 257 259 260 260 258
-9999 -9999 -9999 -9999 -9999 -9999 -9999 -9999 -9999 -9999 -9999 -9999 -9999 -9999 -9999 -9999 -9999 -9999 -9999 -9999 -9999 -9999 -9999 -9999 -9999 -9999 -9999 -9999 -9999 -9999 242 238 225 226 226 230 231 231 232 233 234 235 236 235 236 236 237 237 238 238 240 240 239 238 238 239 240 241 239 238 237 236 237 237 236 236 235 234 233 226 215 204 221 229 233 242 248 247 252 254 256 259 259 256
-9999 -9999 -9999 -9999 -9999 -9999 -9999 -9999 -9999 -9999 -9999 -9999 -9999 -9999 -9999 -9999 -9999 -9999 -9999 -9999 -9999 -9999 -9999 -9999 -9999 -9999 -9999 -9999 -9999 -9999 241 230 226 226 226 226 230 232 233 234 235 234 236 235 237 237 237 237 238 239 239 241 240 238 239 240 241 241 240 238 238 236 236 236 236 235 235 234 232 227 212 195 201 213 234 234 240 235 240 246 249 258 258 256
-9999 -9999 -9999 -9999 -9999 -9999 -9999 -9999 -9999 -9999 -9999 -9999 -9999 -9999 -9999 -9999 -9999 -9999 -9999 -9999 -9999 -9999 -9999 -9999 -9999 -9999 -9999 -9999 -9999 240 235 226 226 226 226 226 226 226 233 234 234 234 234 234 235 237 238 238 238 239 240 241 241 240 240 240 241 241 240 239 237 237 235 235 235 235 236 233 232 224 211 194 187 188 217 227 228 226 220 230 237 254 257 253
-9999 -9999 -9999 -9999 -9999 -9999 -9999 -9999 -9999 -9999 -9999 -9999 -9999 -9999 -9999 -9999 -9999 -9999 -9999 -9999 -9999 -9999 -9999 -9999 -9999 -9999 -9999 -9999 -9999 242 233 226 229 233 228 226 226 226 232 233 233 233 234 234 236 237 238 238 239 239 240 241 242 241 241 242 242 240 239 238 237 236 234 235 235 236 236 234 226 222 212 200 182 185 200 211 212 195 211 231 243 255 256 252
-9999 -9999 -9999 -9999 -9999 -9999 -9999 -9999 -9999 -9999 -9999 -9999 -9999 -9999 -9999 -9999 -9999 -9999 -9999 -9999 -9999 -9999 -9999 -9999 -9999 -9999 -9999 -9999 -9999 238 237 227 233 234 232 228 227 229 231 232 233 233 233 233 236 237 237 238 239 240 240 240 241 242 242 242 241 240 239 238 237 236 234 235 236 237 236 234 226 221 213 205 191 187 188 201 189 181 198 217 234 251 255 255
-9999 -9999 -9999 -9999 -9999 -9999 -9999 -9999 -9999 -9999 -9999 -9999 -9999 -9999 -9999 -9999 -9999 -9999 -9999 -9999 -9999 -9999 -9999 -9999 -9999 -9999 -9999 -9999 240 234 228 226 234 235 234 230 228 229 228 227 227 232 234 235 235 236 237 238 239 240 241 241 242 243 243 241 240 239 238 238 237 237 236 235 237 237 237 235 231 220 221 209 202 185 173 163 177 187 197 222 237 250 255 256
-9999 -9999 -9999 -9999 -9999 -9999 -9999 -9999 -9999 -9999 -9999 -9999 -9999 -9999 -9999 -9999 -9999 -9999 -9999 -9999 -9999 -9999 -9999 -9999 -9999 -9999 -9999 -9999 241 227 227 227 233 234 235 235 235 235 235 233 236 227 232 232 233 234 237 238 239 240 241 241 242 243 242 241 240 239 239 239 238 238 237 236 237 238 237 234 232 225 219 209 203 196 189 195 195 207 201 224 237 253 255 256
-9999 -9999 -9999 -9999 -9999 -9999 -9999 -9999 -9999 -9999 -9999 -9999 -9999 -9999 -9999 -9999 -9999 -9999 -9999 -9999 -9999 -9999 -9999 -9999 -9999 -9999 -9999 -9999 240 226 229 231 233 234 236 236 237 237 238 238 238 236 230 232 231 235 237 238 239 240 242 241 242 244 243 241 241 240 240 240 240 240 238 237 237 239 237 235 231 226 217 215 207 200 203 208 216 221 217 228 229 252 256 257
-9999 -9999 -9999 -9999 -9999 -9999 -9999 -9999 -9999 -9999 -9999 -9999 -9999 -9999 -9999 -9999 -9999 -9999 -9999 -9999 -9999 -9999 -9999 -9999 -9999 -9999 -9999 -9999 239 226 230 233 233 233 236 237 238 238 239 241 239 239 238 239 234 233 236 238 239 240 241 243 243 244 243 242 242 241 241 242 241 240 239 238 238 239 239 238 235 233 225 223 219 215 216 216 222 229 230 244 254 255 256 257
-9999 -9999 -9999 -9999 -9999 -9999 -9999 -9999 -9999 -9999 -9999 -9999 -9999 -9999 -9999 -9999 -9999 -9999 -9999 -9999 -9999 -9999 -9999 -9999 -9999 -9999 -9999 -9999 238 231 233 234 234 233 236 236 238 238 239 240 240 240 240 240 239 239 235 237 236 238 241 242 243 244 244 243 242 242 242 243 242 241 239 239 239 240 240 238 236 236 234 228 230 225 227 228 231 238 244 250 253 255 256 257
-9999 -9999 -9999 -9999 -9999 -9999 -9999 -9999 -9999 -9999 -9999 -9999 -9999 -9999 -9999 -9999 -9999 -9999 -9999 -9999 -9999 -9999 -9999 -9999 -9999 -9999 -9999 238 237 226 232 234 235 235 236 237 238 238 239 241 242 240 241 242 242 241 240 238 231 239 240 241 243 244 245 244 243 244 243 244 243 242 241 240 240 240 241 239 239 237 237 235 233 235 235 235 240 244 238 250 239 240 254 255
-9999 -9999 -9999 -9999 -9999 -9999 -9999 -9999 -9999 -9999 -9999 -9999 -9999 -9999 -9999 -9999 -9999 -9999 -9999 -9999 -9999 -9999 -9999 -9999 -9999 -9999 -9999 238 236 226 233 234 235 236 236 236 237 238 240 241 241 242 243 242 243 242 242 239 234 236 236 236 243 245 246 243 244 245 245 246 245 243 242 241 242 241 242 241 240 239 239 237 236 237 237 236 223 216 225 238 244 235 252 253
-9999 -9999 -9999 -9999 -9999 -9999 -9999 -9999 -9999 -9999 -9999 -9999 -9999 -9999 -9999 -9999 -9999 -9999 -9999 -9999 -9999 -9999 -9999 -9999 -9999 -9999 -9999 237 236 228 233 234 235 236 236 237 237 238 239 240 241 241 242 242 244 243 242 241 231 238 241 241 242 245 246 245 244 245 246 247 246 245 243 242 243 243 243 242 241 240 239 238 238 238 238 238 229 217 225 246 247 242 249 253
-9999 -9999 -9999 -9999 -9999 -9999 -9999 -9999 -9999 -9999 -9999 -9999 -9999 -9999 -9999 -9999 -9999 -9999 -9999 -9999 -9999 -9999 -9999 -9999 -9999 -9999 -9999 236 233 232 234 235 235 236 236 236 237 238 239 239 241 242 243 241 243 244 243 242 236 240 242 243 244 246 247 245 245 247 247 248 246 246 244 244 244 243 243 243 242 241 241 240 240 240 240 237 221 219 222 236 246 248 251 253
-9999 -9999 -9999 -9999 -9999 -9999 -9999 -9999 -9999 -9999 -9999 -9999 -9999 -9999 -9999 -9999 -9999 -9999 -9999 -9999 -9999 -9999 -9999 -9999 -9999 -9999 -9999 -9999 233 234 235 235 236 237 237 237 237 237 238 239 241 242 243 243 243 244 244 242 236 234 241 243 243 245 248 246 247 247 248 249 248 246 246 245 245 245 243 243 242 243 243 241 241 242 241 241 231 222 228 229 247 250 251 252
-9999 -9999 -9999 -9999 -9999 -9999 -9999 -9999 -9999 -9999 -9999 -9999 -9999 -9999 -9999 -9999 -9999 -9999 -9999 -9999 -9999 -9999 -9999 -9999 -9999 -9999 -9999 -9999 234 235 236 236 236 237 238 237 238 238 236 240 242 243 244 244 244 245 244 241 233 237 240 242 243 245 247 249 249 249 249 250 249 248 247 246 246 245 245 244 244 244 244 243 242 242 243 242 239 231 238 247 249 250 250 253
-9999 -9999 -9999 -9999 -9999 -9999 -9999 -9999 -9999 -9999 -9999 -9999 -9999 -9999 -9999 -9999 -9999 -9999 -9999 -9999 -9999 -9999 -9999 -9999 -9999 -9999 -9999 234 234 235 236 237 236 238 239 239 239 238 239 240 242 243 244 244 245 245 244 243 244 241 237 241 243 244 246 246 246 249 250 251 250 248 249 247 245 245 246 245 246 245 245 244 245 245 244 244 244 245 245 247 239 246 247 251
-9999 -9999 -9999 -9999 -9999 -9999 -9999 -9999 -9999 -9999 -9999 -9999 -9999 -9999 -9999 -9999 -9999 -9999 -9999 -9999 -9999 -9999 -9999 -9999 -9999 -9999 -9999 -9999 233 234 236 238 237 238 239 239 240 239 239 241 242 242 243 244 245 246 246 244 245 245 242 241 244 245 245 246 247 248 250 251 250 249 248 247 246 246 247 247 246 246 246 246 245 245 245 246 246 245 245 231 230 245 245 249
-9999 -9999 -9999 -9999 -9999 -9999 -9999 -9999 -9999 -9999 -9999 -9999 -9999 -9999 -9999 -9999 -9999 -9999 -9999 -9999 -9999 -9999 -9999 -9999 -9999 -9999 -9999 -9999 233 235 237 238 238 239 239 240 241 239 239 241 242 242 243 244 245 246 247 247 247 245 241 245 244 246 247 247 248 249 250 251 251 250 249 247 246 247 247 248 247 247 247 247 246 246 246 246 246 244 242 230 232 248 250 249
-9999 -9999 -9999 -9999 -9999 -9999 -9999 -9999 -9999 -9999 -9999 -9999 -9999 -9999 -9999 -9999 -9999 -9999 -9999 -9999 -9999 -9999 -9999 -9999 -9999 -9999 -9999 -9999 233 237 238 239 238 239 240 241 241 240 240 240 242 243 244 244 245 245 247 248 248 247 248 246 244 245 247 248 249 250 250 252 251 250 248 247 247 246 247 248 248 248 248 248 247 247 244 244 244 243 240 232 227 246 251 253
-9999 -9999 -9999 -9999 -9999 -9999 -9999 -9999 -9999 -9999 -9999 -9999 -9999 -9999 -9999 -9999 -9999 -9999 -9999 -9999 -9999 -9999 -9999 -9999 -9999 224 229 230 229 236 238 239 239 240 241 242 243 242 241 241 242 242 243 243 244 244 246 247 249 249 248 248 244 247 248 249 250 251 251 252 252 249 248 248 248 247 247 248 249 249 248 249 248 247 243 243 241 233 237 235 223 250 252 254
-9999 -9999 -9999 -9999 -9999 -9999 -9999 -9999 -9999 -9999 -9999 -9999 -9999 -9999 -9999 -9999 -9999 -9999 -9999 -9999 -9999 -9999 -9999 -9999 -9999 224 227 230 230 236 238 238 240 241 242 242 243 243 243 243 243 244 242 243 244 244 245 246 248 249 249 248 248 249 249 251 251 253 252 253 252 251 249 250 249 248 248 248 249 250 250 249 249 247 246 241 239 237 225 225 216 250 252 255
-9999 -9999 -9999 -9999 -9999 -9999 -9999 -9999 -9999 -9999 -9999 -9999 -9999 -9999 -9999 -9999 -9999 -9999 -9999 -9999 -9999 -9999 -9999 -9999 -9999 221 228 230 234 237 238 240 239 240 241 244 244 245 244 244 244 245 245 244 245 245 246 247 248 250 250 249 249 250 251 251 252 254 253 254 254 251 250 250 250 249 247 248 250 250 251 250 249 249 247 241 240 223 215 219 220 239 250 255
-9999 -9999 -9999 -9999 -9999 -9999 -9999 -9999 -9999 -9999 -9999 -9999 -9999 -9999 -9999 -9999 -9999 -9999 -9999 -9999 -9999 -9999 -9999 -9999 -9999 -9999 230 233 234 236 239 241 239 241 241 242 243 244 246 247 246 246 247 245 245 246 246 247 248 249 251 251 251 250 251 252 252 254 256 253 252 252 250 251 251 251 249 248 249 251 251 251 251 250 248 246 241 236 220 226 220 235 252 254
-9999 -9999 -9999 -9999 -9999 -9999 -9999 -9999 -9999 -9999 -9999 -9999 -9999 -9999 -9999 -9999 -9999 -9999 -9999 -9999 -9999 -9999 -9999 -9999 -9999 219 226 232 233 237 239 241 243 240 241 243 244 245 247 247 248 247 248 247 246 246 247 248 249 250 251 252 252 252 251 252 254 255 256 254 253 252 251 252 253 251 250 248 249 251 251 252 251 250 249 247 240 237 226 235 225 237 249 253
-9999 -9999 -9999 -9999 -9999 -9999 -9999 -9999 -9999 -9999 -9999 -9999 -9999 -9999 -9999 -9999 -9999 -9999 -9999 -9999 -9999 -9999 -9999 -9999 221 221 228 231 237 239 240 242 244 243 243 245 247 248 -9999 -9999 -9999 -9999 249 248 246 246 247 248 248 249 250 252 252 254 253 253 255 256 257 256 253 253 252 252 254 253 251 250 250 251 251 252 252 251 250 248 240 239 234 240 233 235 252 254
-9999 -9999 -9999 -9999 -9999 -9999 -9999 -9999 -9999 -9999 -9999 -9999 -9999 -9999 -9999 -9999 -9999 -9999 -9999 -9999 -9999 -9999 -9999 -9999 224 224 228 230 235 241 242 243 244 245 247 247 -9999 -9999 -9999 -9999 -9999 -9999 -9999 250 248 248 247 247 247 249 250 251 252 255 255 255 256 257 258 257 255 255 254 253 254 253 252 251 251 252 252 253 253 252 251 250 240 244 243 248 245 241 247 256
-9999 -9999 -9999 -9999 -9999 -9999 -9999 -9999 -9999 -9999 -9999 -9999 -9999 -9999 -9999 -9999 -9999 -9999 -9999 -9999 -9999 -9999 -9999 -9999 226 234 234 228 237 244 242 245 246 -9999 -9999 -9999 -9999 -9999 -9999 -9999 -9999 -9999 -9999 -9999 249 250 250 249 248 249 249 250 252 253 255 257 257 259 259 258 255 255 255 254 255 254 252 252 252 252 253 253 253 253 253 252 251 249 251 251 250 249 254 256
-9999 -9999 -9999 -9999 -9999 -9999 -9999 -9999 -9999 -9999 -9999 -9999 -9999 -9999 -9999 -9999 -9999 -9999 -9999 -9999 -9999 -9999 -9999 -9999 230 227 238 235 240 245 -9999 -9999 -9999 -9999 -9999 -9999 -9999 -9999 -9999 -9999 -9999 -9999 -9999 -9999 -9999 -9999 251 250 249 250 251 251 252 252 256 257 258 258 258 258 258 256 256 255 255 255 254 253 252 253 253 254 254 254 254 253 253 254 253 253 253 254 256 257
-9999 -9999 -9999 -9999 -9999 -9999 -9999 -9999 -9999 -9999 -9999 -9999 -9999 -9999 -9999 -9999 -9999 -9999 -9999 -9999 -9999 -9999 -9999 -9999 240 242 243 -9999 -9999 -9999 -9999 -9999 -9999 -9999 -9999 -9999 -9999 -9999 -9999 -9999 -9999 -9999 -9999 -9999 -9999 -9999 -9999 -9999 250 251 253 254 254 253 255 258 257 255 256 257 258 258 257 256 256 256 255 254 252 252 253 253 254 254 254 254 254 254 254 254 254 253 252 255
