invasiveSpecies/singleSpecies/data/worldclim_KE/worldclim_KE_2050_BC26_Bio13.asc
ncols         347
nrows         295
xllcorner     36.068012264173
yllcorner     0.13039239511974
cellsize      0.0083333333333333
NODATA_value  -9999
[rows 37 to 73 of 295, columns 168 to 251 of 347]
-9999 -9999 -9999 -9999 -9999 -9999 -9999 -9999 -9999 -9999 -9999 -9999 -9999 -9999 -9999 -9999 -9999 -9999 -9999 -9999 -9999 -9999 -9999 -9999 -9999 -9999 -9999 -9999 -9999 -9999 -9999 -9999 -9999 -9999 -9999 -9999 155 156 159 162 163 164 154 142 172 174 178 180 188 191 197 204 -9999 -9999 -9999 -9999 -9999 -9999 -9999 -9999 -9999 -9999 -9999 -9999 -9999 -9999 -9999 -9999 187 183 180 177 172 170 165 161 159 158 155 152 150 148 147 146
-9999 -9999 -9999 -9999 -9999 -9999 -9999 -9999 -9999 -9999 -9999 -9999 -9999 -9999 -9999 -9999 -9999 -9999 -9999 -9999 -9999 -9999 -9999 -9999 -9999 -9999 -9999 -9999 -9999 -9999 -9999 -9999 -9999 -9999 -9999 -9999 155 158 159 163 165 166 169 161 176 178 183 185 190 194 197 202 210 -9999 -9999 -9999 -9999 -9999 -9999 -9999 -9999 -9999 -9999 -9999 -9999 -9999 -9999 187 184 180 177 174 171 166 162 158 156 156 152 151 149 147 147 146
-9999 -9999 -9999 -9999 -9999 -9999 -9999 -9999 -9999 -9999 -9999 -9999 -9999 -9999 -9999 -9999 -9999 -9999 -9999 -9999 -9999 -9999 -9999 -9999 -9999 -9999 -9999 -9999 -9999 -9999 -9999 -9999 -9999 -9999 -9999 154 156 158 160 164 166 167 169 173 177 182 184 187 194 198 199 203 220 225 226 -9999 -9999 -9999 -9999 -9999 -9999 -9999 -9999 -9999 -9999 -9999 -9999 184 181 177 176 172 170 163 159 157 155 153 151 150 149 147 145 144
-9999 -9999 -9999 -9999 -9999 -9999 -9999 -9999 -9999 -9999 -9999 -9999 -9999 -9999 -9999 -9999 -9999 -9999 -9999 -9999 -9999 -9999 -9999 -9999 -9999 -9999 -9999 -9999 -9999 -9999 -9999 -9999 -9999 -9999 -9999 -9999 156 159 161 164 165 168 170 173 178 183 186 189 200 199 205 209 218 221 226 225 225 -9999 -9999 -9999 -9999 -9999 -9999 -9999 -9999 183 183 182 180 175 174 174 170 159 156 156 153 152 150 149 147 146 144 144
-9999 -9999 -9999 -9999 -9999 -9999 -9999 -9999 -9999 -9999 -9999 -9999 -9999 -9999 -9999 -9999 -9999 -9999 -9999 -9999 -9999 -9999 -9999 -9999 -9999 -9999 -9999 -9999 -9999 -9999 -9999 -9999 -9999 -9999 -9999 -9999 155 158 160 163 166 168 170 175 180 183 186 190 192 199 202 206 215 217 213 211 215 -9999 -9999 -9999 -9999 -9999 -9999 -9999 183 182 179 178 178 174 170 168 160 157 154 153 151 150 148 148 146 145 143 142
-9999 -9999 -9999 -9999 -9999 -9999 -9999 -9999 -9999 -9999 -9999 -9999 -9999 -9999 -9999 -9999 -9999 -9999 -9999 -9999 -9999 -9999 -9999 -9999 -9999 -9999 -9999 -9999 -9999 -9999 -9999 -9999 -9999 -9999 -9999 -9999 155 157 160 164 168 169 172 177 178 184 187 188 189 195 200 203 204 206 203 204 208 -9999 -9999 -9999 -9999 -9999 -9999 -9999 178 179 180 174 174 169 165 161 157 154 152 151 150 148 147 146 145 143 140 140
-9999 -9999 -9999 -9999 -9999 -9999 -9999 -9999 -9999 -9999 -9999 -9999 -9999 -9999 -9999 -9999 -9999 -9999 -9999 -9999 -9999 -9999 -9999 -9999 -9999 -9999 -9999 -9999 -9999 -9999 -9999 -9999 -9999 -9999 -9999 -9999 155 157 160 166 169 170 172 175 179 180 186 189 187 196 199 200 201 203 202 198 195 -9999 -9999 -9999 -9999 -9999 181 179 175 174 178 173 168 164 161 159 155 153 150 149 149 146 146 143 142 140 138 139
-9999 -9999 -9999 -9999 -9999 -9999 -9999 -9999 -9999 -9999 -9999 -9999 -9999 -9999 -9999 -9999 -9999 -9999 -9999 -9999 -9999 -9999 -9999 -9999 -9999 -9999 -9999 -9999 -9999 -9999 -9999 -9999 -9999 -9999 -9999 -9999 156 158 160 164 169 170 173 173 176 180 180 186 185 194 193 193 199 194 198 197 194 189 186 185 184 180 176 175 173 171 172 171 164 162 158 155 152 153 150 149 148 146 145 141 140 138 138 137
-9999 -9999 -9999 -9999 -9999 -9999 -9999 -9999 -9999 -9999 -9999 -9999 -9999 -9999 -9999 -9999 -9999 -9999 -9999 -9999 -9999 -9999 -9999 -9999 -9999 -9999 -9999 -9999 -9999 -9999 -9999 -9999 -9999 -9999 -9999 -9999 155 158 160 162 168 172 172 173 177 179 180 181 184 190 191 190 191 191 184 161 183 186 183 181 179 178 174 172 169 166 166 164 161 161 158 154 151 149 150 148 147 146 144 142 140 139 137 135
-9999 -9999 -9999 -9999 -9999 -9999 -9999 -9999 -9999 -9999 -9999 -9999 -9999 -9999 -9999 -9999 -9999 -9999 -9999 -9999 -9999 -9999 -9999 -9999 -9999 -9999 -9999 -9999 -9999 -9999 -9999 -9999 -9999 -9999 -9999 152 155 157 159 163 166 170 172 174 178 180 180 181 183 186 188 189 188 187 162 161 176 182 180 176 174 175 171 169 166 163 163 163 159 157 155 153 150 148 150 148 146 146 143 142 140 136 136 134
-9999 -9999 -9999 -9999 -9999 -9999 -9999 -9999 -9999 -9999 -9999 -9999 -9999 -9999 -9999 -9999 -9999 -9999 -9999 -9999 -9999 -9999 -9999 -9999 -9999 -9999 -9999 -9999 -9999 -9999 -9999 -9999 -9999 -9999 -9999 150 152 156 158 161 164 170 171 174 176 179 180 181 181 186 190 188 185 183 179 177 180 176 176 173 169 168 167 163 161 161 159 159 157 154 152 151 148 146 144 144 144 143 140 138 136 135 134 134
-9999 -9999 -9999 -9999 -9999 -9999 -9999 -9999 -9999 -9999 -9999 -9999 -9999 -9999 -9999 -9999 -9999 -9999 -9999 -9999 -9999 -9999 -9999 -9999 -9999 -9999 -9999 -9999 -9999 -9999 -9999 -9999 -9999 -9999 -9999 148 135 135 159 162 165 168 171 173 174 177 180 180 180 182 184 183 182 180 177 177 175 173 172 170 170 167 163 161 159 160 157 155 153 152 149 148 146 145 143 142 141 140 138 135 136 135 134 133
-9999 -9999 -9999 -9999 -9999 -9999 -9999 -9999 -9999 -9999 -9999 -9999 -9999 -9999 -9999 -9999 -9999 -9999 -9999 -9999 -9999 -9999 -9999 -9999 -9999 -9999 -9999 -9999 -9999 -9999 -9999 -9999 -9999 -9999 -9999 148 143 150 159 162 164 167 170 172 175 176 178 179 180 180 180 179 176 177 176 175 173 170 169 168 167 166 163 159 157 153 152 152 150 150 147 148 145 144 143 141 139 137 136 135 134 134 133 132
-9999 -9999 -9999 -9999 -9999 -9999 -9999 -9999 -9999 -9999 -9999 -9999 -9999 -9999 -9999 -9999 -9999 -9999 -9999 -9999 -9999 -9999 -9999 -9999 -9999 -9999 -9999 -9999 -9999 -9999 -9999 -9999 -9999 -9999 -9999 149 152 155 157 160 163 166 168 170 175 175 179 179 180 176 178 173 173 172 171 168 169 165 166 165 164 163 161 157 152 146 150 148 147 148 147 146 144 142 141 139 137 135 134 134 134 132 132 132
-9999 -9999 -9999 -9999 -9999 -9999 -9999 -9999 -9999 -9999 -9999 -9999 -9999 -9999 -9999 -9999 -9999 -9999 -9999 -9999 -9999 -9999 -9999 -9999 -9999 -9999 -9999 -9999 -9999 -9999 -9999 -9999 -9999 -9999 -9999 149 151 154 158 159 162 162 166 169 170 170 175 177 175 174 170 169 169 168 169 167 166 165 163 162 162 158 157 155 151 145 149 148 146 146 145 144 143 140 138 137 138 136 134 133 131 130 130 130
-9999 -9999 -9999 -9999 -9999 -9999 -9999 -9999 -9999 -9999 -9999 -9999 -9999 -9999 -9999 -9999 -9999 -9999 -9999 -9999 -9999 -9999 -9999 -9999 -9999 -9999 -9999 -9999 -9999 -9999 -9999 -9999 -9999 -9999 -9999 149 151 153 157 158 160 162 162 166 168 170 174 173 172 171 168 166 168 166 167 166 163 162 161 160 156 155 154 153 151 146 147 145 144 143 143 143 142 139 137 136 135 134 134 132 130 128 128 128
-9999 -9999 -9999 -9999 -9999 -9999 -9999 -9999 -9999 -9999 -9999 -9999 -9999 -9999 -9999 -9999 -9999 -9999 -9999 -9999 -9999 -9999 -9999 -9999 -9999 -9999 -9999 -9999 -9999 -9999 -9999 -9999 -9999 -9999 -9999 149 150 153 155 157 158 159 161 164 165 168 172 168 168 167 166 164 163 164 164 162 161 160 159 156 152 152 150 152 148 147 141 144 143 143 141 142 141 140 136 136 134 129 131 130 129 127 127 126
-9999 -9999 -9999 -9999 -9999 -9999 -9999 -9999 -9999 -9999 -9999 -9999 -9999 -9999 -9999 -9999 -9999 -9999 -9999 -9999 -9999 -9999 -9999 -9999 -9999 -9999 -9999 -9999 -9999 -9999 -9999 -9999 -9999 -9999 -9999 148 149 152 154 156 157 158 158 161 165 165 165 165 164 164 162 159 161 159 158 159 159 158 156 154 152 152 147 147 148 146 143 142 141 141 140 140 139 138 136 134 132 129 127 129 128 126 126 125
-9999 -9999 -9999 -9999 -9999 -9999 -9999 -9999 -9999 -9999 -9999 -9999 -9999 -9999 -9999 -9999 -9999 -9999 -9999 -9999 -9999 -9999 -9999 -9999 -9999 -9999 -9999 -9999 -9999 -9999 -9999 -9999 -9999 -9999 -9999 148 148 151 152 153 156 156 158 159 161 161 161 161 160 161 159 157 156 155 156 155 155 156 155 152 151 148 148 146 145 144 142 141 140 138 138 138 138 138 136 133 132 132 131 125 126 125 125 124
-9999 -9999 -9999 -9999 -9999 -9999 -9999 -9999 -9999 -9999 -9999 -9999 -9999 -9999 -9999 -9999 -9999 -9999 -9999 -9999 -9999 -9999 -9999 -9999 -9999 -9999 -9999 -9999 -9999 -9999 -9999 -9999 -9999 -9999 -9999 149 147 150 150 152 154 155 157 157 158 158 159 158 157 157 156 155 154 153 153 153 153 152 152 149 148 143 134 144 143 143 140 138 138 130 136 137 137 135 133 131 131 131 131 126 124 124 124 123
-9999 -9999 -9999 -9999 -9999 -9999 -9999 -9999 -9999 -9999 -9999 -9999 -9999 -9999 -9999 -9999 -9999 -9999 -9999 -9999 -9999 -9999 -9999 -9999 -9999 -9999 -9999 -9999 -9999 -9999 -9999 -9999 -9999 -9999 144 144 146 147 149 150 151 153 155 156 156 158 157 155 155 156 155 155 154 153 148 151 151 151 150 148 147 146 144 143 141 139 141 137 133 134 127 131 133 132 131 130 127 128 128 125 124 123 123 123
-9999 -9999 -9999 -9999 -9999 -9999 -9999 -9999 -9999 -9999 -9999 -9999 -9999 -9999 -9999 -9999 -9999 -9999 -9999 -9999 -9999 -9999 -9999 -9999 -9999 -9999 -9999 -9999 -9999 -9999 -9999 -9999 -9999 -9999 142 142 144 144 148 149 150 151 154 154 155 154 153 153 154 155 155 154 153 149 150 144 146 148 148 146 147 144 143 142 141 141 130 137 126 132 129 127 129 132 130 129 127 126 125 125 124 123 123 122
-9999 -9999 -9999 -9999 -9999 -9999 -9999 -9999 -9999 -9999 -9999 -9999 -9999 -9999 -9999 -9999 -9999 -9999 -9999 -9999 -9999 -9999 -9999 -9999 -9999 -9999 -9999 -9999 -9999 -9999 -9999 -9999 -9999 -9999 138 140 142 144 145 147 148 150 151 151 151 150 150 151 153 153 153 152 151 146 144 144 144 145 145 144 144 143 142 141 140 138 133 124 124 124 124 124 130 129 129 128 126 125 124 124 123 123 123 122
-9999 -9999 -9999 -9999 -9999 -9999 -9999 -9999 -9999 -9999 -9999 -9999 -9999 -9999 -9999 -9999 -9999 -9999 -9999 -9999 -9999 -9999 -9999 -9999 -9999 -9999 -9999 -9999 -9999 -9999 -9999 -9999 -9999 -9999 136 137 139 142 143 144 146 148 148 150 149 148 147 148 150 150 149 148 150 145 143 141 143 141 142 142 142 143 141 140 140 139 137 126 124 123 123 124 124 127 124 126 126 125 123 123 123 123 123 122
-9999 -9999 -9999 -9999 -9999 -9999 -9999 -9999 -9999 -9999 -9999 -9999 -9999 -9999 -9999 -9999 -9999 -9999 -9999 -9999 -9999 -9999 -9999 -9999 -9999 -9999 -9999 -9999 -9999 -9999 -9999 -9999 -9999 135 134 135 137 140 141 142 145 146 146 146 147 146 146 145 146 146 144 146 145 144 141 142 142 138 141 142 141 141 141 140 132 137 127 124 123 122 122 122 122 129 124 124 125 125 124 122 121 121 121 121
-9999 -9999 -9999 -9999 -9999 -9999 -9999 -9999 -9999 -9999 -9999 -9999 -9999 -9999 -9999 -9999 -9999 -9999 -9999 -9999 -9999 -9999 -9999 -9999 -9999 -9999 -9999 -9999 -9999 -9999 -9999 -9999 -9999 133 133 134 135 137 137 141 143 144 144 145 144 144 143 142 144 144 143 143 144 141 140 137 138 135 135 141 141 139 139 139 126 124 124 122 121 121 121 121 121 122 122 123 123 124 123 122 121 121 120 120
-9999 -9999 -9999 -9999 -9999 -9999 -9999 -9999 -9999 -9999 -9999 -9999 -9999 -9999 -9999 -9999 -9999 -9999 -9999 -9999 -9999 -9999 -9999 -9999 -9999 -9999 -9999 -9999 -9999 -9999 -9999 -9999 -9999 131 132 133 133 134 134 137 139 141 141 142 142 143 142 139 140 142 142 141 142 133 136 137 134 135 128 137 136 128 127 120 120 121 121 121 120 120 121 121 121 121 122 122 123 123 122 122 121 120 119 119
-9999 -9999 -9999 -9999 -9999 -9999 -9999 -9999 -9999 -9999 -9999 -9999 -9999 -9999 -9999 -9999 -9999 -9999 -9999 -9999 -9999 -9999 -9999 -9999 -9999 -9999 -9999 -9999 -9999 -9999 -9999 -9999 -9999 130 130 131 132 133 132 133 135 137 136 140 139 140 139 136 137 138 138 136 137 131 132 133 131 133 133 134 127 122 120 120 119 119 119 119 120 120 120 120 120 121 121 125 125 124 123 122 121 120 119 118
-9999 -9999 -9999 -9999 -9999 -9999 -9999 -9999 -9999 -9999 -9999 -9999 -9999 -9999 -9999 -9999 -9999 -9999 -9999 -9999 -9999 -9999 -9999 -9999 -9999 -9999 -9999 -9999 -9999 -9999 -9999 -9999 -9999 128 127 129 129 129 129 131 133 134 135 135 135 135 135 136 135 136 137 130 134 134 133 130 128 130 129 125 121 120 120 119 119 118 118 119 119 119 119 120 120 120 121 127 126 125 123 122 120 119 118 119
-9999 -9999 -9999 -9999 -9999 -9999 -9999 -9999 -9999 -9999 -9999 -9999 -9999 -9999 -9999 -9999 -9999 -9999 -9999 -9999 -9999 -9999 -9999 -9999 -9999 -9999 -9999 -9999 -9999 -9999 -9999 -9999 -9999 127 126 126 128 127 128 129 131 132 132 133 132 132 130 131 132 133 132 128 130 130 131 129 128 128 127 125 121 120 119 118 118 118 118 118 119 119 119 119 119 120 121 129 126 126 123 121 120 118 118 118
-9999 -9999 -9999 -9999 -9999 -9999 -9999 -9999 -9999 -9999 -9999 -9999 -9999 -9999 -9999 -9999 -9999 -9999 -9999 -9999 -9999 -9999 -9999 -9999 -9999 -9999 -9999 -9999 -9999 -9999 -9999 -9999 125 125 125 125 126 126 126 127 128 128 128 131 130 129 129 129 130 131 130 129 128 128 128 128 126 127 125 121 120 119 119 119 118 118 118 118 118 119 119 119 119 119 123 131 129 126 123 120 120 118 118 117
-9999 -9999 -9999 -9999 -9999 -9999 -9999 -9999 -9999 -9999 -9999 -9999 -9999 -9999 -9999 -9999 -9999 -9999 -9999 -9999 -9999 -9999 -9999 -9999 -9999 -9999 -9999 -9999 -9999 -9999 -9999 -9999 124 123 124 124 124 124 125 125 126 126 126 126 127 126 127 126 129 127 127 126 125 127 126 124 125 125 123 119 119 118 118 118 117 117 118 118 118 118 119 118 119 119 123 133 132 126 124 121 120 118 117 117
-9999 -9999 -9999 -9999 -9999 -9999 -9999 -9999 -9999 -9999 -9999 -9999 -9999 -9999 -9999 -9999 -9999 -9999 -9999 -9999 -9999 -9999 -9999 -9999 -9999 -9999 -9999 -9999 -9999 -9999 -9999 -9999 122 122 123 124 123 123 123 124 125 125 124 123 123 123 125 124 123 123 123 123 123 123 124 123 125 124 121 119 119 118 117 117 117 117 117 118 118 119 119 118 118 119 120 133 128 126 123 121 120 118 117 117
-9999 -9999 -9999 -9999 -9999 -9999 -9999 -9999 -9999 -9999 -9999 -9999 -9999 -9999 -9999 -9999 -9999 -9999 -9999 -9999 -9999 -9999 -9999 -9999 -9999 -9999 -9999 -9999 -9999 -9999 -9999 122 122 122 122 122 123 122 122 123 124 124 123 122 121 122 122 124 121 121 121 121 122 120 120 121 122 121 120 119 119 118 117 116 117 117 117 117 117 117 117 118 118 118 125 130 126 124 122 120 119 118 117 116
-9999 -9999 -9999 -9999 -9999 -9999 -9999 -9999 -9999 -9999 -9999 -9999 -9999 -9999 -9999 -9999 -9999 -9999 -9999 -9999 -9999 -9999 -9999 -9999 -9999 -9999 -9999 -9999 -9999 -9999 -9999 122 122 122 122 121 121 121 121 123 122 122 122 122 120 120 121 119 119 118 119 118 119 118 118 119 120 120 119 119 118 117 117 117 116 117 116 116 117 117 117 117 118 118 131 129 125 123 120 120 118 117 116 116
-9999 -9999 -9999 -9999 -9999 -9999 -9999 -9999 -9999 -9999 -9999 -9999 -9999 -9999 -9999 -9999 -9999 -9999 -9999 -9999 -9999 -9999 -9999 -9999 -9999 -9999 -9999 -9999 -9999 -9999 120 120 122 122 121 120 120 120 120 120 121 121 121 119 119 118 118 118 118 118 118 117 117 118 117 118 118 118 118 118 117 117 117 117 116 116 116 116 117 117 117 117 117 132 132 127 125 123 121 119 118 117 117 116
-9999 -9999 -9999 -9999 -9999 -9999 -9999 -9999 -9999 -9999 -9999 -9999 -9999 -9999 -9999 -9999 -9999 -9999 -9999 -9999 -9999 -9999 -9999 -9999 -9999 -9999 -9999 -9999 -9999 -9999 119 119 120 120 120 119 119 119 119 119 119 120 120 119 118 118 118 116 116 116 117 116 116 117 117 117 117 117 117 117 117 117 117 117 116 116 116 116 116 116 117 117 117 117 121 122 124 123 122 119 117 117 116 116
