invasiveSpecies/singleSpecies/data/worldclim_KE/worldclim_KE_2050_BC85_Bio10.asc
ncols         347
nrows         295
xllcorner     36.068012264173
yllcorner     0.13039239511974
cellsize      0.0083333333333333
NODATA_value  -9999
[rows 148 to 184 of 295, columns 168 to 251 of 347]
269 269 270 270 270 271 272 273 273 273 273 273 273 274 274 272 272 269 269 270 270 276 276 276 275 274 272 274 275 276 277 277 277 277 277 277 277 277 278 278 278 279 279 280 281 273 273 273 274 274 275 275 274 274 274 276 277 279 280 280 280 279 279 279 280 280 281 281 281 278 278 278 278 278 279 279 279 283 286 286 288 289 290 290
268 269 270 270 270 271 272 273 273 274 274 274 274 274 273 272 270 268 269 269 271 276 276 275 274 274 273 274 275 275 276 277 277 276 276 276 277 278 278 277 278 278 278 278 279 274 274 274 274 274 274 274 274 273 273 274 274 279 279 279 279 279 279 279 279 280 281 281 281 280 278 278 277 278 278 279 279 284 285 279 288 289 290 290
268 269 269 270 271 272 273 273 273 273 273 273 273 273 273 271 271 269 270 269 275 275 275 274 274 274 272 273 275 275 276 276 276 275 275 276 276 277 277 277 277 277 277 279 281 276 274 273 274 274 274 274 272 272 273 274 278 279 279 279 279 278 278 279 279 280 280 279 281 280 279 278 276 277 278 278 282 278 279 284 288 289 290 290
269 269 270 271 272 272 272 272 272 273 272 273 273 272 272 270 270 271 272 270 275 275 274 274 273 273 272 272 274 275 275 276 276 276 275 275 276 276 276 277 276 277 277 278 281 280 275 273 273 274 274 273 273 273 274 276 277 278 279 278 278 278 278 279 279 279 278 278 279 280 279 278 277 277 277 277 278 278 278 284 288 289 289 289
269 269 270 271 271 272 272 271 272 273 272 271 272 272 271 271 270 271 272 274 275 275 274 274 272 273 273 273 274 275 276 276 276 275 274 275 275 276 276 276 277 277 278 278 280 280 278 273 273 273 273 273 272 273 273 276 277 278 278 278 278 278 278 278 279 278 278 278 279 279 279 278 278 277 277 277 277 277 283 287 288 289 289 289
270 270 270 271 270 271 271 271 272 273 273 271 272 271 271 269 270 271 272 273 274 274 273 272 272 272 273 273 275 275 275 275 275 274 274 274 274 275 276 276 277 277 279 280 280 280 272 272 272 273 273 273 271 272 273 275 277 278 278 278 277 277 277 277 278 277 278 278 278 277 278 277 276 276 276 277 277 282 285 286 288 288 288 289
269 270 270 270 270 270 271 271 272 272 272 271 272 271 270 270 271 271 272 274 274 275 273 271 271 272 272 273 274 274 274 275 275 274 273 274 275 275 277 277 277 278 279 279 280 275 273 272 272 273 273 273 272 272 272 276 277 277 277 277 277 276 277 277 277 276 277 278 277 276 277 276 276 276 276 277 277 284 285 286 287 288 288 288
269 269 269 270 270 271 271 271 272 272 271 271 271 271 270 270 271 270 271 272 274 274 273 270 271 271 271 272 273 275 274 275 275 274 273 275 275 276 277 278 278 279 279 280 275 271 272 272 272 272 272 273 272 272 272 276 277 277 277 277 276 276 276 276 276 276 277 277 276 275 276 275 275 276 276 276 282 284 286 286 287 288 288 288
268 268 268 269 270 270 269 271 272 272 270 271 271 271 270 269 270 270 270 272 273 274 273 271 270 271 272 273 273 275 275 274 274 273 273 274 275 276 277 279 279 279 279 270 271 271 271 271 271 271 272 272 272 272 272 275 277 277 276 276 275 275 276 275 275 275 276 273 276 274 273 274 275 275 276 276 283 285 286 286 287 287 288 288
268 268 269 269 269 269 270 271 271 271 270 270 270 270 269 269 270 270 271 271 273 273 273 272 270 271 272 273 272 273 273 274 274 273 272 272 274 276 276 278 278 278 276 270 271 271 271 271 271 271 271 272 272 272 272 272 274 277 276 276 275 272 273 274 274 273 272 272 272 273 273 274 275 277 281 283 284 285 286 286 287 287 287 287
268 268 269 268 269 269 270 270 270 270 270 270 270 269 269 269 270 271 272 272 273 273 271 271 270 270 271 272 273 274 273 273 273 273 272 273 274 275 276 278 278 271 270 270 270 270 270 270 270 270 270 271 271 271 271 271 273 276 276 275 272 271 271 273 270 270 270 271 271 272 274 278 280 281 282 283 284 284 285 286 286 287 287 287
267 268 268 268 268 269 269 270 270 270 269 269 269 269 269 270 270 270 271 271 271 272 272 271 270 269 270 272 273 273 273 273 273 272 272 273 275 275 276 278 278 269 269 269 269 269 270 270 270 270 270 269 270 271 271 271 273 275 276 275 273 271 270 270 271 271 271 271 272 273 274 274 280 281 282 283 284 284 285 286 286 286 287 287
267 266 268 268 268 268 269 269 269 269 268 269 269 269 270 270 271 271 271 270 271 271 272 270 270 270 271 272 273 272 272 273 272 272 272 273 276 276 278 278 271 268 269 269 269 269 268 269 269 269 269 269 269 270 271 270 272 275 275 274 270 271 271 271 271 271 271 272 273 274 274 277 275 276 282 283 284 285 285 286 286 286 286 287
267 267 267 267 268 268 269 269 269 269 268 269 269 270 270 271 271 271 270 270 270 270 271 271 269 269 271 272 272 272 271 272 272 272 271 270 269 277 277 267 267 268 268 269 268 268 267 267 268 268 267 269 269 269 270 270 273 274 275 273 271 270 271 271 271 270 271 272 273 273 274 278 280 281 282 283 284 284 285 285 285 286 286 287
265 267 267 268 268 268 269 268 267 267 269 269 269 270 270 270 271 271 270 269 270 270 271 270 269 269 270 271 271 271 271 270 271 271 270 270 268 277 267 267 267 267 268 268 268 268 267 267 267 265 267 268 269 269 269 270 274 274 275 272 271 271 271 271 272 272 272 272 273 273 274 279 277 280 282 283 284 285 285 285 285 286 286 287
266 265 267 267 268 268 268 268 267 268 267 269 269 269 270 270 271 270 270 269 269 270 270 270 270 270 271 271 272 273 272 271 271 270 269 268 267 277 274 267 267 267 267 268 268 268 267 267 266 265 266 268 269 269 270 273 274 274 275 273 271 271 271 272 272 272 273 273 273 274 275 276 276 277 277 283 284 284 285 284 285 285 286 286
266 266 267 267 268 268 267 267 267 267 267 269 269 270 270 270 270 270 270 269 270 270 270 269 271 271 271 271 272 273 272 272 272 271 270 270 274 277 276 268 268 268 268 268 268 268 268 267 265 265 267 268 268 269 269 270 274 274 274 274 273 272 271 272 273 274 275 276 276 277 276 276 276 276 282 283 284 284 284 284 285 285 286 286
266 266 266 267 267 268 267 267 267 267 267 268 269 270 270 270 270 269 270 269 269 269 269 269 270 271 272 273 272 273 273 272 272 271 271 272 272 276 276 268 268 268 268 268 268 268 268 267 266 265 267 268 268 269 269 274 274 274 274 274 273 271 271 272 273 274 274 274 275 275 275 281 276 282 283 283 283 284 284 284 284 285 286 286
265 266 266 267 267 267 266 266 266 267 267 267 269 269 269 269 270 269 269 269 270 271 270 270 270 271 271 273 272 273 273 274 273 273 273 267 270 276 276 268 267 268 268 268 268 269 269 268 267 267 267 268 268 269 272 274 274 275 275 273 272 272 272 272 273 277 274 274 275 275 276 280 282 282 283 282 283 283 283 284 284 285 285 285
264 265 266 266 266 267 266 266 267 267 267 267 268 269 269 269 269 269 269 269 269 270 271 270 271 273 272 274 274 274 275 274 274 274 274 274 275 275 276 267 267 268 267 268 268 269 269 269 269 268 268 268 269 269 273 274 275 275 272 272 272 272 273 273 273 277 278 277 275 275 281 281 281 281 282 282 282 282 283 283 284 284 285 285
263 265 265 266 266 267 266 266 266 266 266 267 267 267 268 269 269 269 270 270 269 271 271 271 271 272 273 274 274 275 275 274 273 274 275 275 275 275 275 267 267 267 267 269 269 269 270 271 271 272 269 269 269 269 274 274 275 275 276 274 276 276 273 273 274 278 278 279 280 280 281 281 281 281 281 281 281 281 282 282 283 284 284 285
263 263 265 265 266 266 265 266 266 266 267 267 267 267 269 269 269 269 270 270 271 271 271 272 273 273 274 274 274 273 275 274 274 275 275 275 275 267 267 267 267 267 268 270 270 270 270 271 272 272 272 271 269 274 274 275 275 275 276 276 276 277 277 277 278 278 279 279 279 280 280 280 281 280 279 280 281 282 281 283 283 284 285 285
262 262 263 265 266 265 265 266 267 267 267 266 267 268 269 269 270 270 270 270 271 271 272 273 272 273 273 273 273 274 275 275 274 274 275 274 275 271 268 267 267 267 268 270 270 270 271 272 272 273 273 273 273 274 275 275 275 275 275 276 276 276 277 277 277 278 278 278 278 279 279 279 280 280 279 280 281 281 281 282 283 284 284 285
261 261 263 264 265 264 266 266 267 267 266 267 267 268 268 269 270 270 271 271 271 272 272 273 273 272 272 273 272 274 273 273 273 274 273 274 274 273 267 267 267 267 268 270 270 271 271 272 272 272 273 273 273 274 273 274 274 275 275 275 275 276 276 277 277 278 277 278 278 278 278 279 279 279 278 280 280 280 282 282 283 283 284 284
260 262 262 265 264 266 266 267 267 268 268 268 268 268 269 270 270 270 271 271 271 272 272 271 272 272 271 272 272 274 274 272 273 273 272 273 274 271 272 267 267 268 269 270 270 270 271 272 272 273 273 273 273 274 274 274 274 275 275 275 275 275 276 276 277 277 277 277 277 278 278 278 279 278 279 279 280 280 280 282 282 283 284 284
260 262 263 265 266 266 266 267 267 268 269 268 268 269 270 270 270 270 271 271 272 272 272 271 271 271 271 272 273 273 273 272 273 272 271 272 273 273 271 271 270 269 269 270 270 270 271 272 272 272 273 273 273 273 273 273 274 274 274 274 275 275 276 276 276 277 276 276 277 278 278 278 278 278 278 279 280 280 281 281 282 283 283 283
258 263 263 265 266 267 267 267 268 268 268 268 269 269 271 271 271 271 271 271 271 272 271 270 270 270 270 272 273 273 273 271 271 270 270 271 272 273 272 272 270 270 269 269 270 271 271 271 271 272 272 273 273 273 273 273 273 274 274 274 275 275 275 275 275 276 276 277 277 277 277 277 277 278 278 280 281 281 282 283 283 283 283 283
262 264 265 265 265 266 267 268 268 268 268 269 270 270 271 271 271 271 272 272 271 271 270 269 269 270 271 271 273 273 273 272 270 267 270 270 271 272 272 272 271 269 269 269 270 270 271 271 271 272 272 272 272 272 272 273 273 273 273 274 274 275 275 275 275 276 276 276 276 276 276 277 277 277 279 279 280 281 282 283 283 283 283 283
259 265 266 266 266 267 267 268 268 269 269 269 270 270 270 270 271 271 272 272 272 271 270 270 269 269 270 271 271 273 273 272 270 267 266 269 270 271 272 271 270 270 269 269 270 270 270 270 271 271 272 272 272 272 272 273 273 273 273 274 274 274 274 274 275 275 275 275 276 276 277 277 278 278 279 280 280 282 282 282 282 282 283 283
263 266 266 267 267 267 268 268 269 268 269 269 269 270 269 270 271 271 271 271 271 270 270 269 268 269 270 270 272 272 272 271 270 266 266 268 270 271 271 270 270 270 268 269 269 270 270 270 270 271 271 271 271 272 272 273 273 273 274 274 275 275 275 275 275 275 275 275 276 276 278 278 278 278 279 280 281 282 282 282 281 282 282 283
266 266 266 268 268 268 268 269 269 268 268 268 268 269 269 270 270 271 271 271 271 269 269 268 269 269 269 270 272 272 272 272 271 266 265 267 269 270 269 270 269 269 268 268 269 270 269 270 270 270 271 272 272 273 273 273 274 274 274 274 275 275 276 276 276 276 276 276 276 277 278 278 279 280 280 281 281 281 281 281 281 281 282 283
265 266 266 267 268 268 268 268 268 268 268 268 268 267 269 270 270 270 269 270 270 270 268 268 268 268 269 270 270 272 272 271 270 265 265 266 269 269 268 269 269 269 268 267 268 269 270 270 270 271 271 272 272 273 273 274 274 274 274 275 275 275 276 276 276 277 277 277 276 277 277 278 278 280 281 281 280 280 280 279 280 281 282 283
265 264 266 265 267 267 267 267 267 268 268 268 267 268 269 269 269 269 268 270 270 267 268 268 268 268 269 270 271 271 271 271 269 268 267 268 269 268 265 267 268 268 268 268 268 269 270 270 271 271 272 272 272 273 273 274 274 274 275 275 275 275 275 276 276 277 277 277 277 277 278 278 279 280 280 280 280 279 279 279 280 280 282 283
265 263 265 264 264 266 267 267 267 268 267 268 267 267 269 269 270 269 269 269 269 266 267 267 267 268 269 269 270 270 271 270 269 268 267 267 267 268 267 267 268 267 268 267 268 269 270 270 271 271 271 272 272 273 273 274 273 274 274 274 274 274 275 275 276 276 277 277 277 278 278 278 279 278 278 279 278 278 278 279 279 281 280 281
265 264 264 264 264 264 266 266 266 267 267 266 266 268 268 269 269 268 268 269 268 264 264 267 267 268 268 269 269 270 270 270 270 269 267 266 267 267 266 266 267 267 267 267 268 268 270 270 271 271 271 272 272 273 273 273 273 273 273 274 274 274 275 275 276 276 276 277 277 278 278 279 278 278 277 278 277 278 279 279 280 281 280 282
264 263 263 263 263 263 265 265 267 267 267 267 267 268 268 268 268 267 267 269 268 264 264 266 267 268 268 268 269 270 270 270 269 269 268 267 267 267 266 265 266 267 267 268 268 269 270 270 270 271 271 272 272 273 273 272 272 273 273 273 274 274 274 275 276 276 276 276 276 277 277 277 277 277 276 277 278 279 279 280 280 280 280 280
263 263 262 262 263 265 265 266 266 267 267 266 267 268 268 268 267 267 267 268 268 265 264 263 267 267 267 268 268 269 270 269 268 269 268 267 266 266 266 265 266 267 267 268 268 267 268 269 270 270 271 272 272 272 273 272 272 272 273 273 273 274 274 275 276 275 275 276 276 276 277 276 277 277 276 277 279 278 279 279 280 280 280 279
