invasiveSpecies/singleSpecies/data/worldclim_KE/worldclim_KE_2050_BC85_Bio8.asc
ncols         347
nrows         295
xllcorner     36.068012264173
yllcorner     0.13039239511974
cellsize      0.0083333333333333
NODATA_value  -9999
[rows 222 to 258 of 295, columns 168 to 251 of 347]
252 254 255 256 257 257 257 256 255 254 256 255 257 259 260 260 261 262 262 262 262 262 262 262 262 263 262 262 261 261 260 259 258 255 253 250 255 259 260 261 262 263 265 265 266 266 266 267 268 268 268 267 263 261 263 265 268 268 268 268 268 268 268 268 268 268 268 267 268 269 269 269 269 270 270 269 269 269 269 269 270 272 272 272
245 254 255 256 257 257 257 253 252 253 252 238 246 258 259 260 261 261 262 262 262 263 262 263 262 263 263 262 261 261 260 257 257 255 243 248 255 258 258 259 261 263 265 266 266 266 266 267 268 267 268 268 267 261 254 259 268 267 268 268 268 268 268 268 268 268 267 267 268 269 269 269 269 269 269 269 269 269 269 269 270 271 271 272
241 254 255 255 256 257 257 249 249 250 252 251 242 254 257 259 261 261 261 262 262 263 263 264 263 263 263 263 262 261 260 258 256 255 239 248 248 256 257 245 255 259 264 266 266 266 267 267 267 267 267 268 268 267 267 267 267 267 267 267 267 267 267 268 268 267 267 268 268 268 269 269 269 269 269 268 268 269 269 269 268 270 271 271
243 250 254 254 255 256 255 254 246 243 251 253 253 257 259 260 261 262 261 262 262 262 262 262 263 263 263 263 260 261 261 259 258 257 254 254 253 253 244 239 243 250 261 265 266 266 267 266 267 267 267 267 267 268 267 267 267 267 267 267 267 267 267 268 267 267 267 267 268 268 268 268 268 268 268 268 268 268 268 269 269 270 271 271
249 251 253 253 255 257 257 254 252 254 255 257 258 259 260 260 261 262 262 262 261 262 262 262 262 263 263 264 263 262 261 260 259 258 257 249 246 239 247 248 243 245 261 266 265 267 266 265 267 267 267 267 268 268 268 267 267 266 266 266 266 267 267 267 267 266 266 267 267 268 267 268 268 268 268 267 266 267 268 269 269 269 269 269
251 251 253 250 253 257 257 257 255 255 257 258 259 259 260 260 260 261 261 262 262 261 262 262 262 263 264 264 263 261 261 263 258 261 261 258 255 245 251 256 260 258 264 266 266 266 265 265 266 267 267 267 268 268 268 267 267 266 266 266 265 265 266 266 266 267 266 266 266 267 267 267 267 267 267 267 266 267 267 268 269 268 267 262
251 253 254 251 253 256 257 258 258 257 258 259 259 260 259 260 260 261 261 261 262 261 262 263 263 263 264 264 264 263 262 264 265 264 263 263 264 245 244 255 263 264 265 266 266 266 266 265 266 266 267 267 267 267 268 266 266 266 266 265 265 265 265 266 266 266 266 266 266 265 266 265 267 267 267 267 267 267 268 268 268 267 266 267
249 250 254 253 254 256 257 257 258 259 258 259 258 259 260 260 261 261 262 262 262 263 263 262 263 263 264 264 264 263 264 265 266 266 265 265 265 266 265 252 265 265 266 267 266 266 265 266 267 266 266 267 267 267 267 267 266 266 265 265 265 265 264 265 266 265 266 266 265 265 264 264 266 266 267 266 267 267 267 268 267 267 267 268
248 248 254 252 252 256 256 255 257 258 259 259 259 259 260 261 261 262 262 261 262 262 263 263 264 264 264 264 265 264 265 265 266 266 266 266 266 266 265 265 265 265 265 266 266 266 265 265 266 265 267 266 267 266 266 267 267 266 265 265 264 264 264 264 265 265 265 263 264 265 264 264 266 266 266 266 266 267 266 266 266 266 267 -9999
255 255 256 255 255 256 256 257 257 258 258 258 259 259 259 261 260 260 260 261 262 262 262 262 263 264 264 265 265 265 265 265 266 265 265 265 265 265 265 265 265 265 266 266 265 265 265 265 265 266 265 265 266 266 265 265 265 265 264 264 264 264 263 264 264 264 264 263 264 263 -9999 -9999 265 265 264 265 266 266 266 266 266 266 267 -9999
256 257 257 256 254 256 255 257 258 258 258 259 259 260 259 260 259 259 261 261 261 261 261 262 262 264 264 264 264 265 265 265 265 264 264 265 265 265 265 265 265 265 266 266 265 265 265 265 265 265 266 266 266 264 265 265 264 264 264 264 263 263 264 263 264 263 263 263 -9999 -9999 -9999 -9999 264 264 265 264 265 266 265 265 264 267 -9999 -9999
257 258 258 257 254 256 256 257 258 257 256 258 259 260 259 259 259 261 261 261 261 262 262 262 263 264 264 264 262 264 263 263 263 262 263 263 263 265 264 264 264 265 265 266 266 265 266 264 265 265 265 265 264 263 264 264 263 264 263 263 263 263 262 263 263 264 -9999 -9999 -9999 -9999 -9999 -9999 -9999 264 265 264 264 265 265 265 264 264 -9999 -9999
258 259 259 258 250 256 254 255 259 258 259 259 260 259 257 257 259 261 260 261 262 263 263 263 264 264 264 262 262 260 264 263 262 262 262 262 262 262 262 262 263 263 265 265 266 265 264 265 264 264 264 263 264 264 263 263 263 262 262 262 261 262 262 -9999 -9999 -9999 -9999 -9999 -9999 -9999 -9999 -9999 -9999 -9999 264 263 264 264 265 265 -9999 -9999 -9999 -9999
259 260 259 259 257 258 253 254 258 260 260 260 261 260 259 258 260 261 262 262 263 263 263 264 264 263 263 262 262 261 262 262 262 261 262 262 262 262 262 262 262 263 264 265 265 265 264 264 264 263 264 262 262 263 263 263 262 262 261 261 261 -9999 -9999 -9999 -9999 -9999 -9999 -9999 -9999 -9999 -9999 -9999 -9999 -9999 -9999 -9999 263 263 -9999 -9999 -9999 -9999 -9999 -9999
259 260 260 260 259 258 258 258 258 259 260 260 262 259 260 261 261 262 262 263 264 264 263 264 264 263 261 261 261 261 260 261 262 261 261 262 262 262 261 261 262 262 263 264 265 264 263 264 264 263 262 262 261 261 263 262 262 261 261 -9999 -9999 -9999 -9999 -9999 -9999 -9999 -9999 -9999 -9999 -9999 -9999 -9999 -9999 -9999 -9999 -9999 -9999 -9999 -9999 -9999 -9999 -9999 -9999 -9999
260 261 261 260 259 259 259 258 259 259 259 255 261 262 260 262 263 263 263 263 264 263 263 263 263 261 261 261 261 261 260 261 261 261 261 261 261 261 261 261 261 260 261 264 263 264 264 264 262 262 262 261 261 261 261 262 262 -9999 -9999 -9999 -9999 -9999 -9999 -9999 -9999 -9999 -9999 -9999 -9999 -9999 -9999 -9999 -9999 -9999 -9999 -9999 -9999 -9999 -9999 -9999 -9999 -9999 -9999 -9999
261 261 262 261 260 260 259 257 259 260 259 260 262 262 262 263 263 263 263 261 263 263 262 262 262 261 261 260 261 261 260 261 261 261 261 261 261 261 261 261 259 258 250 262 264 263 262 263 263 262 261 262 261 260 261 -9999 -9999 -9999 -9999 -9999 -9999 -9999 -9999 -9999 -9999 -9999 -9999 -9999 -9999 -9999 -9999 -9999 -9999 -9999 -9999 -9999 -9999 -9999 -9999 -9999 -9999 -9999 -9999 -9999
262 262 263 262 261 260 259 258 261 261 260 261 263 263 263 263 264 264 263 263 263 262 262 262 261 261 261 260 261 261 261 261 261 260 260 260 261 260 260 259 244 226 242 260 263 263 262 262 261 261 261 261 -9999 -9999 -9999 -9999 -9999 -9999 -9999 -9999 -9999 -9999 -9999 -9999 -9999 -9999 -9999 -9999 -9999 -9999 -9999 -9999 -9999 -9999 -9999 -9999 -9999 -9999 -9999 -9999 -9999 -9999 -9999 -9999
263 263 263 262 261 260 259 258 262 262 262 262 263 264 263 263 264 264 263 263 262 262 262 261 261 261 261 261 260 261 261 260 260 260 260 260 260 260 260 257 242 232 256 258 260 261 262 262 261 260 -9999 -9999 -9999 -9999 -9999 -9999 -9999 -9999 -9999 -9999 -9999 -9999 -9999 -9999 -9999 -9999 -9999 -9999 -9999 -9999 -9999 -9999 -9999 -9999 -9999 -9999 -9999 -9999 -9999 -9999 -9999 -9999 -9999 -9999
262 262 263 262 263 261 261 262 263 263 263 263 264 264 264 263 263 263 263 262 262 262 261 261 261 261 260 260 260 260 260 260 260 260 260 260 260 260 259 258 252 251 245 258 246 259 260 261 -9999 -9999 -9999 -9999 -9999 -9999 -9999 -9999 -9999 -9999 -9999 -9999 -9999 -9999 -9999 -9999 -9999 -9999 -9999 -9999 -9999 -9999 -9999 -9999 -9999 -9999 -9999 -9999 -9999 -9999 -9999 -9999 -9999 -9999 -9999 -9999
258 258 261 263 263 263 263 263 263 263 263 263 263 264 262 262 263 263 262 262 262 262 261 261 261 261 260 260 260 259 259 260 260 260 260 260 259 259 259 258 253 251 235 238 239 260 -9999 -9999 -9999 -9999 -9999 -9999 -9999 -9999 -9999 -9999 -9999 -9999 -9999 -9999 -9999 -9999 -9999 -9999 -9999 -9999 -9999 -9999 -9999 -9999 -9999 -9999 -9999 -9999 -9999 -9999 -9999 -9999 -9999 -9999 -9999 -9999 -9999 -9999
258 259 260 260 262 263 262 264 263 263 263 264 264 263 263 262 262 262 262 262 261 261 261 261 261 261 260 260 259 259 259 260 260 260 260 259 259 259 259 257 255 244 229 233 -9999 -9999 -9999 -9999 -9999 -9999 -9999 -9999 -9999 -9999 -9999 -9999 -9999 -9999 -9999 -9999 -9999 -9999 -9999 -9999 -9999 -9999 -9999 -9999 -9999 -9999 -9999 -9999 -9999 -9999 -9999 -9999 -9999 -9999 -9999 -9999 -9999 -9999 -9999 -9999
258 259 260 260 260 262 262 262 262 262 263 263 263 263 262 263 262 262 262 261 261 261 261 261 261 261 260 260 260 259 259 259 260 260 259 259 259 259 258 257 256 -9999 -9999 -9999 -9999 -9999 -9999 -9999 -9999 -9999 -9999 -9999 -9999 -9999 -9999 -9999 -9999 -9999 -9999 -9999 -9999 -9999 -9999 -9999 -9999 -9999 -9999 -9999 -9999 -9999 -9999 -9999 -9999 -9999 -9999 -9999 -9999 -9999 -9999 -9999 -9999 -9999 -9999 -9999
259 259 260 261 261 262 261 262 261 261 262 262 263 262 262 262 262 261 261 261 261 261 260 261 261 261 261 261 260 259 259 259 259 259 259 259 259 258 -9999 -9999 -9999 -9999 -9999 -9999 -9999 -9999 -9999 -9999 -9999 -9999 -9999 -9999 -9999 -9999 -9999 -9999 -9999 -9999 -9999 -9999 -9999 -9999 -9999 -9999 -9999 -9999 -9999 -9999 -9999 -9999 -9999 -9999 -9999 -9999 -9999 -9999 -9999 -9999 -9999 -9999 -9999 -9999 -9999 -9999
258 260 260 260 260 260 260 260 261 261 262 262 262 262 261 261 262 262 262 261 261 261 261 260 261 260 260 260 260 259 260 259 259 259 258 -9999 -9999 -9999 -9999 -9999 -9999 -9999 -9999 -9999 -9999 -9999 -9999 -9999 -9999 -9999 -9999 -9999 -9999 -9999 -9999 -9999 -9999 -9999 -9999 -9999 -9999 -9999 -9999 -9999 -9999 -9999 -9999 -9999 -9999 -9999 -9999 -9999 -9999 -9999 -9999 -9999 -9999 -9999 -9999 -9999 -9999 -9999 -9999 -9999
258 258 260 260 260 260 260 260 261 261 261 261 262 262 261 261 261 261 261 261 261 261 261 261 260 260 260 260 260 259 259 259 -9999 -9999 -9999 -9999 -9999 -9999 -9999 -9999 -9999 -9999 -9999 -9999 -9999 -9999 -9999 -9999 -9999 -9999 -9999 -9999 -9999 -9999 -9999 -9999 -9999 -9999 -9999 -9999 -9999 -9999 -9999 -9999 -9999 -9999 -9999 -9999 -9999 -9999 -9999 -9999 -9999 -9999 -9999 -9999 -9999 -9999 -9999 -9999 -9999 -9999 -9999 -9999
258 258 259 260 260 259 259 260 261 261 261 261 261 261 262 262 260 261 261 261 261 261 261 260 260 260 259 259 259 -9999 -9999 -9999 -9999 -9999 -9999 -9999 -9999 -9999 -9999 -9999 -9999 -9999 -9999 -9999 -9999 -9999 -9999 -9999 -9999 -9999 -9999 -9999 -9999 -9999 -9999 -9999 -9999 -9999 -9999 -9999 -9999 -9999 -9999 -9999 -9999 -9999 -9999 -9999 -9999 -9999 -9999 -9999 -9999 -9999 -9999 -9999 -9999 -9999 -9999 -9999 -9999 -9999 -9999 -9999
258 259 259 259 259 259 259 259 260 260 261 261 261 261 261 261 261 261 261 261 261 261 261 260 260 260 -9999 -9999 -9999 -9999 -9999 -9999 -9999 -9999 -9999 -9999 -9999 -9999 -9999 -9999 -9999 -9999 -9999 -9999 -9999 -9999 -9999 -9999 -9999 -9999 -9999 -9999 -9999 -9999 -9999 -9999 -9999 -9999 -9999 -9999 -9999 -9999 -9999 -9999 -9999 -9999 -9999 -9999 -9999 -9999 -9999 -9999 -9999 -9999 -9999 -9999 -9999 -9999 -9999 -9999 -9999 -9999 -9999 -9999
258 257 255 258 258 258 258 259 260 261 261 261 261 261 261 261 260 260 260 261 261 261 260 -9999 -9999 -9999 -9999 -9999 -9999 -9999 -9999 -9999 -9999 -9999 -9999 -9999 -9999 -9999 -9999 -9999 -9999 -9999 -9999 -9999 -9999 -9999 -9999 -9999 -9999 -9999 -9999 -9999 -9999 -9999 -9999 -9999 -9999 -9999 -9999 -9999 -9999 -9999 -9999 -9999 -9999 -9999 -9999 -9999 -9999 -9999 -9999 -9999 -9999 -9999 -9999 -9999 -9999 -9999 -9999 -9999 -9999 -9999 -9999 -9999
257 256 255 256 257 257 256 258 260 260 261 261 261 261 261 260 261 261 261 261 261 -9999 -9999 -9999 -9999 -9999 -9999 -9999 -9999 -9999 -9999 -9999 -9999 -9999 -9999 -9999 -9999 -9999 -9999 -9999 -9999 -9999 -9999 -9999 -9999 -9999 -9999 -9999 -9999 -9999 -9999 -9999 -9999 -9999 -9999 -9999 -9999 -9999 -9999 -9999 -9999 -9999 -9999 -9999 -9999 -9999 -9999 -9999 -9999 -9999 -9999 -9999 -9999 -9999 -9999 -9999 -9999 -9999 -9999 -9999 -9999 -9999 -9999 -9999
256 253 254 254 255 255 255 258 259 259 261 260 261 261 260 260 260 260 -9999 -9999 -9999 -9999 -9999 -9999 -9999 -9999 -9999 -9999 -9999 -9999 -9999 -9999 -9999 -9999 -9999 -9999 -9999 -9999 -9999 -9999 -9999 -9999 -9999 -9999 -9999 -9999 -9999 -9999 -9999 -9999 -9999 -9999 -9999 -9999 -9999 -9999 -9999 -9999 -9999 -9999 -9999 -9999 -9999 -9999 -9999 -9999 -9999 -9999 -9999 -9999 -9999 -9999 -9999 -9999 -9999 -9999 -9999 -9999 -9999 -9999 -9999 -9999 -9999 -9999
255 246 243 241 253 254 249 256 258 259 260 260 261 261 260 -9999 -9999 -9999 -9999 -9999 -9999 -9999 -9999 -9999 -9999 -9999 -9999 -9999 -9999 -9999 -9999 -9999 -9999 -9999 -9999 -9999 -9999 -9999 -9999 -9999 -9999 -9999 -9999 -9999 -9999 -9999 -9999 -9999 -9999 -9999 -9999 -9999 -9999 -9999 -9999 -9999 -9999 -9999 -9999 -9999 -9999 -9999 -9999 -9999 -9999 -9999 -9999 -9999 -9999 -9999 -9999 -9999 -9999 -9999 -9999 -9999 -9999 -9999 -9999 -9999 -9999 -9999 -9999 -9999
252 250 228 231 244 248 246 255 257 258 259 260 260 260 -9999 -9999 -9999 -9999 -9999 -9999 -9999 -9999 -9999 -9999 -9999 -9999 -9999 -9999 -9999 -9999 -9999 -9999 -9999 -9999 -9999 -9999 -9999 -9999 -9999 -9999 -9999 -9999 -9999 -9999 -9999 -9999 -9999 -9999 -9999 -9999 -9999 -9999 -9999 -9999 -9999 -9999 -9999 -9999 -9999 -9999 -9999 -9999 -9999 -9999 -9999 -9999 -9999 -9999 -9999 -9999 -9999 -9999 -9999 -9999 -9999 -9999 -9999 -9999 -9999 -9999 -9999 -9999 -9999 -9999
253 251 236 234 243 251 252 255 257 258 259 260 260 261 -9999 -9999 -9999 -9999 -9999 -9999 -9999 -9999 -9999 -9999 -9999 -9999 -9999 -9999 -9999 -9999 -9999 -9999 -9999 -9999 -9999 -9999 -9999 -9999 -9999 -9999 -9999 -9999 -9999 -9999 -9999 -9999 -9999 -9999 -9999 -9999 -9999 -9999 -9999 -9999 -9999 -9999 -9999 -9999 -9999 -9999 -9999 -9999 -9999 -9999 -9999 -9999 -9999 -9999 -9999 -9999 -9999 -9999 -9999 -9999 -9999 -9999 -9999 -9999 -9999 -9999 -9999 -9999 -9999 -9999
252 251 245 229 238 232 231 238 252 259 260 260 260 260 -9999 -9999 -9999 -9999 -9999 -9999 -9999 -9999 -9999 -9999 -9999 -9999 -9999 -9999 -9999 -9999 -9999 -9999 -9999 -9999 -9999 -9999 -9999 -9999 -9999 -9999 -9999 -9999 -9999 -9999 -9999 -9999 -9999 -9999 -9999 -9999 -9999 -9999 -9999 -9999 -9999 -9999 -9999 -9999 -9999 -9999 -9999 -9999 -9999 -9999 -9999 -9999 -9999 -9999 -9999 -9999 -9999 -9999 -9999 -9999 -9999 -9999 -9999 -9999 -9999 -9999 -9999 -9999 -9999 -9999
234 250 248 230 234 216 218 218 233 258 260 260 260 260 -9999 -9999 -9999 -9999 -9999 -9999 -9999 -9999 -9999 -9999 -9999 -9999 -9999 -9999 -9999 -9999 -9999 -9999 -9999 -9999 -9999 -9999 -9999 -9999 -9999 -9999 -9999 -9999 -9999 -9999 -9999 -9999 -9999 -9999 -9999 -9999 -9999 -9999 -9999 -9999 -9999 -9999 -9999 -9999 -9999 -9999 -9999 -9999 -9999 -9999 -9999 -9999 -9999 -9999 -9999 -9999 -9999 -9999 -9999 -9999 -9999 -9999 -9999 -9999 -9999 -9999 -9999 -9999 -9999 -9999
249 247 248 236 229 231 249 252 251 257 259 259 260 260 -9999 -9999 -9999 -9999 -9999 -9999 -9999 -9999 -9999 -9999 -9999 -9999 -9999 -9999 -9999 -9999 -9999 -9999 -9999 -9999 -9999 -9999 -9999 -9999 -9999 -9999 -9999 -9999 -9999 -9999 -9999 -9999 -9999 -9999 -9999 -9999 -9999 -9999 -9999 -9999 -9999 -9999 -9999 -9999 -9999 -9999 -9999 -9999 -9999 -9999 -9999 -9999 -9999 -9999 -9999 -9999 -9999 -9999 -9999 -9999 -9999 -9999 -9999 -9999 -9999 -9999 -9999 -9999 -9999 -9999
