invasiveSpecies/singleSpecies/data/worldclim_KE/worldclim_KE_2050_BC85_Bio8.asc
ncols         347
nrows         295
xllcorner     36.068012264173
yllcorner     0.13039239511974
cellsize      0.0083333333333333
NODATA_value  -9999
[rows 185 to 221 of 295, columns 84 to 167 of 347]
-9999 -9999 -9999 -9999 -9999 -9999 -9999 -9999 -9999 -9999 -9999 -9999 -9999 -9999 -9999 -9999 -9999 -9999 -9999 -9999 -9999 -9999 -9999 -9999 -9999 -9999 -9999 -9999 -9999 -9999 -9999 -9999 244 239 242 242 240 239 236 237 238 238 238 237 234 235 236 237 237 235 235 234 234 234 234 233 233 234 234 234 234 233 234 233 233 231 219 212 229 236 250 257 258 258 259 261 261 261 261 261 262 262 261 261
-9999 -9999 -9999 -9999 -9999 -9999 -9999 -9999 -9999 -9999 -9999 -9999 -9999 -9999 -9999 -9999 -9999 -9999 -9999 -9999 -9999 -9999 -9999 -9999 -9999 -9999 -9999 -9999 -9999 -9999 -9999 -9999 244 238 240 241 238 238 236 236 237 238 238 237 235 234 235 235 236 234 235 235 235 234 234 234 234 235 234 235 235 235 235 234 234 233 226 215 228 243 255 256 258 259 259 260 261 261 260 260 260 262 261 261
-9999 -9999 -9999 -9999 -9999 -9999 -9999 -9999 -9999 -9999 -9999 -9999 -9999 -9999 -9999 -9999 -9999 -9999 -9999 -9999 -9999 -9999 -9999 -9999 -9999 -9999 -9999 -9999 -9999 -9999 -9999 243 244 239 238 240 237 236 234 235 235 236 237 236 235 234 234 235 234 234 235 236 235 234 234 235 235 235 235 236 235 235 235 235 234 233 233 229 236 249 254 255 257 258 259 259 258 260 260 261 261 261 261 261
-9999 -9999 -9999 -9999 -9999 -9999 -9999 -9999 -9999 -9999 -9999 -9999 -9999 -9999 -9999 -9999 -9999 -9999 -9999 -9999 -9999 -9999 -9999 -9999 -9999 -9999 -9999 -9999 -9999 -9999 -9999 244 241 236 236 238 236 237 235 234 235 236 235 237 236 235 234 234 235 235 236 236 235 235 235 236 236 237 237 236 236 236 235 236 235 234 234 233 231 239 243 253 256 256 258 258 259 259 258 260 260 259 260 260
-9999 -9999 -9999 -9999 -9999 -9999 -9999 -9999 -9999 -9999 -9999 -9999 -9999 -9999 -9999 -9999 -9999 -9999 -9999 -9999 -9999 -9999 -9999 -9999 -9999 -9999 -9999 -9999 -9999 -9999 -9999 243 240 238 232 232 235 235 233 234 234 235 235 236 236 234 235 235 236 236 236 237 237 235 235 236 237 238 238 237 237 237 237 236 236 235 235 234 233 235 226 237 252 251 255 257 258 258 258 259 259 259 259 259
-9999 -9999 -9999 -9999 -9999 -9999 -9999 -9999 -9999 -9999 -9999 -9999 -9999 -9999 -9999 -9999 -9999 -9999 -9999 -9999 -9999 -9999 -9999 -9999 -9999 -9999 -9999 -9999 -9999 -9999 -9999 242 239 236 225 225 225 232 233 233 234 234 234 236 235 234 235 236 236 237 236 237 237 236 236 237 238 239 237 237 237 237 237 236 236 235 235 234 231 231 221 219 228 242 252 254 256 256 256 257 258 259 258 258
-9999 -9999 -9999 -9999 -9999 -9999 -9999 -9999 -9999 -9999 -9999 -9999 -9999 -9999 -9999 -9999 -9999 -9999 -9999 -9999 -9999 -9999 -9999 -9999 -9999 -9999 -9999 -9999 -9999 -9999 242 239 232 225 225 227 228 232 232 232 233 233 235 236 235 234 235 236 236 237 238 238 238 237 237 238 238 239 238 236 236 236 236 236 236 235 234 234 232 221 216 202 230 232 240 248 252 254 252 255 257 258 258 256
-9999 -9999 -9999 -9999 -9999 -9999 -9999 -9999 -9999 -9999 -9999 -9999 -9999 -9999 -9999 -9999 -9999 -9999 -9999 -9999 -9999 -9999 -9999 -9999 -9999 -9999 -9999 -9999 -9999 -9999 241 237 224 225 225 229 230 229 231 232 233 234 235 234 234 234 235 235 236 237 238 239 238 237 237 238 239 239 238 236 235 235 235 235 235 235 234 233 232 225 214 203 219 228 231 241 246 245 250 252 254 257 257 254
-9999 -9999 -9999 -9999 -9999 -9999 -9999 -9999 -9999 -9999 -9999 -9999 -9999 -9999 -9999 -9999 -9999 -9999 -9999 -9999 -9999 -9999 -9999 -9999 -9999 -9999 -9999 -9999 -9999 -9999 240 229 225 225 225 225 229 231 232 233 234 233 234 234 235 235 235 236 237 238 238 239 239 237 238 239 239 240 239 237 236 234 234 235 234 234 234 233 231 225 210 194 200 212 232 232 239 234 238 245 248 256 256 255
-9999 -9999 -9999 -9999 -9999 -9999 -9999 -9999 -9999 -9999 -9999 -9999 -9999 -9999 -9999 -9999 -9999 -9999 -9999 -9999 -9999 -9999 -9999 -9999 -9999 -9999 -9999 -9999 -9999 239 234 225 225 225 225 225 225 225 232 233 233 232 233 233 234 236 236 236 237 238 239 240 240 238 239 239 240 239 238 237 236 235 234 234 234 233 234 232 231 223 209 192 185 186 216 225 227 224 218 228 235 253 255 252
-9999 -9999 -9999 -9999 -9999 -9999 -9999 -9999 -9999 -9999 -9999 -9999 -9999 -9999 -9999 -9999 -9999 -9999 -9999 -9999 -9999 -9999 -9999 -9999 -9999 -9999 -9999 -9999 -9999 241 232 225 228 232 227 225 225 225 231 232 232 232 233 233 235 235 236 237 238 238 239 240 240 239 240 240 241 239 237 236 236 234 232 233 233 235 235 233 225 221 210 198 180 184 199 209 210 194 209 230 242 253 254 250
-9999 -9999 -9999 -9999 -9999 -9999 -9999 -9999 -9999 -9999 -9999 -9999 -9999 -9999 -9999 -9999 -9999 -9999 -9999 -9999 -9999 -9999 -9999 -9999 -9999 -9999 -9999 -9999 -9999 237 236 226 232 233 231 227 226 228 230 230 232 232 232 232 235 235 236 237 238 239 238 239 240 241 241 241 239 239 238 237 236 234 233 234 235 236 235 233 224 220 212 203 189 185 186 199 187 179 196 215 232 249 253 253
-9999 -9999 -9999 -9999 -9999 -9999 -9999 -9999 -9999 -9999 -9999 -9999 -9999 -9999 -9999 -9999 -9999 -9999 -9999 -9999 -9999 -9999 -9999 -9999 -9999 -9999 -9999 -9999 239 233 226 225 233 234 234 229 226 228 227 226 225 231 233 234 234 234 236 236 238 239 240 240 241 242 242 240 238 238 237 237 236 235 235 234 236 236 236 233 229 219 219 208 200 183 171 160 175 185 196 220 235 248 253 254
-9999 -9999 -9999 -9999 -9999 -9999 -9999 -9999 -9999 -9999 -9999 -9999 -9999 -9999 -9999 -9999 -9999 -9999 -9999 -9999 -9999 -9999 -9999 -9999 -9999 -9999 -9999 -9999 240 226 226 225 231 233 235 234 234 234 234 232 235 226 231 231 232 233 236 237 238 239 240 240 241 242 241 240 239 238 237 238 237 237 236 235 236 237 236 233 230 223 217 207 201 194 187 193 193 206 199 223 235 252 253 255
-9999 -9999 -9999 -9999 -9999 -9999 -9999 -9999 -9999 -9999 -9999 -9999 -9999 -9999 -9999 -9999 -9999 -9999 -9999 -9999 -9999 -9999 -9999 -9999 -9999 -9999 -9999 -9999 239 225 228 230 232 233 235 235 236 237 237 237 237 235 229 231 230 234 236 237 238 239 241 240 241 243 242 240 240 239 239 239 239 238 237 236 236 238 236 234 229 224 215 214 206 198 202 207 214 220 216 226 228 251 254 255
-9999 -9999 -9999 -9999 -9999 -9999 -9999 -9999 -9999 -9999 -9999 -9999 -9999 -9999 -9999 -9999 -9999 -9999 -9999 -9999 -9999 -9999 -9999 -9999 -9999 -9999 -9999 -9999 238 225 229 232 232 232 235 236 237 238 238 239 238 238 237 238 233 232 234 237 238 239 240 242 242 243 242 241 240 240 240 241 240 239 238 237 237 238 238 236 234 232 223 221 217 214 214 215 220 228 228 242 253 253 254 255
-9999 -9999 -9999 -9999 -9999 -9999 -9999 -9999 -9999 -9999 -9999 -9999 -9999 -9999 -9999 -9999 -9999 -9999 -9999 -9999 -9999 -9999 -9999 -9999 -9999 -9999 -9999 -9999 238 230 232 233 233 232 235 235 237 237 238 239 239 238 239 239 238 238 234 235 235 237 240 241 242 242 242 241 240 240 241 241 240 239 237 238 237 239 239 237 235 234 232 226 229 223 226 227 229 237 242 248 251 253 254 255
-9999 -9999 -9999 -9999 -9999 -9999 -9999 -9999 -9999 -9999 -9999 -9999 -9999 -9999 -9999 -9999 -9999 -9999 -9999 -9999 -9999 -9999 -9999 -9999 -9999 -9999 -9999 237 236 225 231 233 234 234 235 236 237 237 238 239 240 239 240 240 240 239 238 236 230 238 239 240 242 243 243 242 241 242 241 242 241 240 239 238 238 239 240 238 237 236 235 234 232 233 234 233 238 242 236 249 237 239 252 253
-9999 -9999 -9999 -9999 -9999 -9999 -9999 -9999 -9999 -9999 -9999 -9999 -9999 -9999 -9999 -9999 -9999 -9999 -9999 -9999 -9999 -9999 -9999 -9999 -9999 -9999 -9999 238 235 225 232 233 234 235 235 235 236 237 238 239 240 241 241 241 241 241 240 238 233 235 235 235 241 243 244 242 242 244 243 244 244 241 240 240 241 240 240 239 238 238 237 235 235 235 235 235 221 214 223 237 242 233 251 251
-9999 -9999 -9999 -9999 -9999 -9999 -9999 -9999 -9999 -9999 -9999 -9999 -9999 -9999 -9999 -9999 -9999 -9999 -9999 -9999 -9999 -9999 -9999 -9999 -9999 -9999 -9999 236 235 228 232 233 234 235 235 236 236 237 238 239 239 240 241 241 242 242 240 239 230 237 240 240 241 243 244 243 242 244 244 245 244 244 241 240 241 241 241 241 239 239 238 237 237 237 237 236 227 216 224 244 245 240 248 251
-9999 -9999 -9999 -9999 -9999 -9999 -9999 -9999 -9999 -9999 -9999 -9999 -9999 -9999 -9999 -9999 -9999 -9999 -9999 -9999 -9999 -9999 -9999 -9999 -9999 -9999 -9999 235 232 231 233 234 234 235 235 235 236 237 238 238 240 241 241 240 241 242 241 240 235 239 240 241 243 244 246 244 244 245 245 247 244 244 243 242 242 241 242 242 241 240 239 239 239 238 238 236 220 218 220 235 245 246 249 251
-9999 -9999 -9999 -9999 -9999 -9999 -9999 -9999 -9999 -9999 -9999 -9999 -9999 -9999 -9999 -9999 -9999 -9999 -9999 -9999 -9999 -9999 -9999 -9999 -9999 -9999 -9999 -9999 232 233 234 234 235 236 236 236 236 236 237 238 240 241 242 241 241 243 242 240 235 233 240 241 241 243 247 245 246 246 247 247 247 245 244 244 244 243 242 241 241 241 241 240 240 240 239 239 229 221 227 227 245 248 249 250
-9999 -9999 -9999 -9999 -9999 -9999 -9999 -9999 -9999 -9999 -9999 -9999 -9999 -9999 -9999 -9999 -9999 -9999 -9999 -9999 -9999 -9999 -9999 -9999 -9999 -9999 -9999 -9999 233 234 235 235 235 236 237 236 237 236 235 239 241 241 242 242 242 243 242 240 232 235 239 240 241 243 246 247 247 248 248 249 248 247 245 245 245 244 243 243 242 242 242 241 241 241 241 241 237 230 236 245 247 248 249 251
-9999 -9999 -9999 -9999 -9999 -9999 -9999 -9999 -9999 -9999 -9999 -9999 -9999 -9999 -9999 -9999 -9999 -9999 -9999 -9999 -9999 -9999 -9999 -9999 -9999 -9999 -9999 233 233 234 235 237 235 238 238 238 238 237 238 239 241 242 242 243 243 244 243 241 242 240 235 239 242 243 245 245 245 247 248 249 249 247 247 245 244 243 245 244 244 243 244 243 243 243 243 243 243 244 243 245 237 245 246 249
-9999 -9999 -9999 -9999 -9999 -9999 -9999 -9999 -9999 -9999 -9999 -9999 -9999 -9999 -9999 -9999 -9999 -9999 -9999 -9999 -9999 -9999 -9999 -9999 -9999 -9999 -9999 -9999 232 234 236 237 236 237 238 239 239 238 238 239 240 240 242 242 243 244 244 243 244 243 240 239 242 244 244 245 246 247 249 250 249 248 246 245 244 244 245 245 245 245 245 245 244 244 243 244 244 243 243 230 228 243 243 248
-9999 -9999 -9999 -9999 -9999 -9999 -9999 -9999 -9999 -9999 -9999 -9999 -9999 -9999 -9999 -9999 -9999 -9999 -9999 -9999 -9999 -9999 -9999 -9999 -9999 -9999 -9999 -9999 232 234 236 237 237 238 239 239 240 238 238 240 241 241 242 243 244 245 245 245 246 243 240 244 243 244 245 246 247 248 248 250 250 248 247 246 245 245 246 246 245 245 245 245 245 245 244 244 244 242 240 228 230 246 248 247
-9999 -9999 -9999 -9999 -9999 -9999 -9999 -9999 -9999 -9999 -9999 -9999 -9999 -9999 -9999 -9999 -9999 -9999 -9999 -9999 -9999 -9999 -9999 -9999 -9999 -9999 -9999 -9999 232 236 237 238 237 238 240 240 241 239 239 239 241 241 242 243 243 243 245 247 247 246 246 245 243 244 246 247 248 249 249 251 250 248 247 246 245 245 246 247 247 247 247 246 246 245 243 243 242 241 238 230 225 244 249 251
-9999 -9999 -9999 -9999 -9999 -9999 -9999 -9999 -9999 -9999 -9999 -9999 -9999 -9999 -9999 -9999 -9999 -9999 -9999 -9999 -9999 -9999 -9999 -9999 -9999 223 228 229 228 235 237 238 239 239 240 241 241 241 240 240 241 241 241 242 243 243 245 245 247 247 247 246 242 246 247 248 249 250 250 251 251 248 247 247 247 246 246 247 248 247 247 247 246 245 241 241 240 232 235 233 221 248 250 252
-9999 -9999 -9999 -9999 -9999 -9999 -9999 -9999 -9999 -9999 -9999 -9999 -9999 -9999 -9999 -9999 -9999 -9999 -9999 -9999 -9999 -9999 -9999 -9999 -9999 223 227 229 229 235 237 237 239 240 241 241 242 242 241 242 241 242 241 241 242 243 244 244 246 248 248 247 247 248 248 249 250 251 251 251 251 250 248 248 248 247 246 247 248 248 248 248 247 245 244 240 238 236 224 223 214 248 250 253
-9999 -9999 -9999 -9999 -9999 -9999 -9999 -9999 -9999 -9999 -9999 -9999 -9999 -9999 -9999 -9999 -9999 -9999 -9999 -9999 -9999 -9999 -9999 -9999 -9999 221 228 229 233 236 237 239 238 239 240 242 243 243 242 243 243 243 243 242 243 244 245 246 247 249 249 248 248 249 249 249 251 252 252 252 252 250 249 249 249 248 246 247 248 249 249 249 248 247 245 239 238 222 214 218 218 238 248 253
-9999 -9999 -9999 -9999 -9999 -9999 -9999 -9999 -9999 -9999 -9999 -9999 -9999 -9999 -9999 -9999 -9999 -9999 -9999 -9999 -9999 -9999 -9999 -9999 -9999 -9999 229 232 233 235 239 240 238 239 240 241 242 242 245 245 244 245 246 244 243 245 245 246 247 248 249 249 249 248 250 251 251 252 254 252 251 251 249 250 250 249 247 246 247 249 250 250 249 248 246 244 239 234 219 224 218 233 250 251
-9999 -9999 -9999 -9999 -9999 -9999 -9999 -9999 -9999 -9999 -9999 -9999 -9999 -9999 -9999 -9999 -9999 -9999 -9999 -9999 -9999 -9999 -9999 -9999 -9999 218 225 231 232 236 238 240 241 239 240 242 243 243 245 246 247 246 247 246 244 245 246 247 248 249 249 250 251 250 250 251 252 253 254 253 252 251 250 250 251 249 249 247 248 249 250 250 250 249 247 246 239 235 224 233 224 235 247 251
-9999 -9999 -9999 -9999 -9999 -9999 -9999 -9999 -9999 -9999 -9999 -9999 -9999 -9999 -9999 -9999 -9999 -9999 -9999 -9999 -9999 -9999 -9999 -9999 221 220 227 230 236 238 239 241 243 242 242 243 245 247 -9999 -9999 -9999 -9999 248 247 245 245 246 247 246 248 249 250 251 252 252 252 253 254 255 254 251 252 251 251 252 251 250 248 249 249 250 251 250 249 248 247 238 237 233 238 232 233 250 252
-9999 -9999 -9999 -9999 -9999 -9999 -9999 -9999 -9999 -9999 -9999 -9999 -9999 -9999 -9999 -9999 -9999 -9999 -9999 -9999 -9999 -9999 -9999 -9999 223 223 227 229 234 240 241 242 243 245 246 245 -9999 -9999 -9999 -9999 -9999 -9999 -9999 249 247 247 246 246 246 247 249 250 251 253 254 253 254 255 256 255 253 253 252 252 253 251 250 249 250 250 250 251 251 250 249 249 238 242 241 246 243 239 245 253
-9999 -9999 -9999 -9999 -9999 -9999 -9999 -9999 -9999 -9999 -9999 -9999 -9999 -9999 -9999 -9999 -9999 -9999 -9999 -9999 -9999 -9999 -9999 -9999 226 233 233 227 236 243 241 244 245 -9999 -9999 -9999 -9999 -9999 -9999 -9999 -9999 -9999 -9999 -9999 248 248 248 247 247 248 248 249 251 252 253 255 255 257 257 257 254 254 253 253 253 252 251 250 250 251 251 251 252 251 251 251 249 247 250 249 248 247 252 254
-9999 -9999 -9999 -9999 -9999 -9999 -9999 -9999 -9999 -9999 -9999 -9999 -9999 -9999 -9999 -9999 -9999 -9999 -9999 -9999 -9999 -9999 -9999 -9999 229 226 237 235 239 244 -9999 -9999 -9999 -9999 -9999 -9999 -9999 -9999 -9999 -9999 -9999 -9999 -9999 -9999 -9999 -9999 249 249 248 249 250 250 250 251 254 255 256 257 256 257 256 255 254 254 253 253 252 251 250 251 251 252 252 252 252 252 252 252 252 251 251 251 253 254
-9999 -9999 -9999 -9999 -9999 -9999 -9999 -9999 -9999 -9999 -9999 -9999 -9999 -9999 -9999 -9999 -9999 -9999 -9999 -9999 -9999 -9999 -9999 -9999 238 241 242 -9999 -9999 -9999 -9999 -9999 -9999 -9999 -9999 -9999 -9999 -9999 -9999 -9999 -9999 -9999 -9999 -9999 -9999 -9999 -9999 -9999 249 250 252 253 253 252 254 256 255 254 255 256 257 256 256 255 254 254 253 252 251 250 251 252 252 252 252 253 253 253 252 252 252 251 250 253
