invasiveSpecies/singleSpecies/data/worldclim_KE/worldclim_KE_2050_BC26_Bio19.asc
ncols         347
nrows         295
xllcorner     36.068012264173
yllcorner     0.13039239511974
cellsize      0.0083333333333333
NODATA_value  -9999
[rows 205 to 245 of 295, columns 92 to 183 of 347]
-9999 -9999 -9999 -9999 -9999 -9999 -9999 -9999 -9999 -9999 -9999 -9999 -9999 -9999 -9999 -9999 -9999 -9999 -9999 47 46 45 45 43 42 42 40 40 39 37 37 36 36 35 34 34 33 31 32 31 32 31 28 28 28 28 26 26 26 25 24 24 23 23 23 23 23 22 22 22 21 21 19 19 19 19 19 19 24 24 23 18 16 15 15 15 14 14 14 14 14 14 13 15 16 15 12 11 11 11 11 11
-9999 -9999 -9999 -9999 -9999 -9999 -9999 -9999 -9999 -9999 -9999 -9999 -9999 -9999 -9999 -9999 -9999 -9999 -9999 -9999 47 45 45 43 43 42 40 40 40 39 37 36 36 35 35 33 33 31 32 31 32 32 30 28 28 28 27 26 26 25 24 24 24 23 23 23 22 22 22 22 22 21 19 19 19 19 19 19 21 23 21 20 16 15 15 15 15 14 14 14 14 14 16 18 18 18 12 12 11 11 11 11
-9999 -9999 -9999 -9999 -9999 -9999 -9999 -9999 -9999 -9999 -9999 -9999 -9999 -9999 -9999 -9999 -9999 -9999 -9999 -9999 48 45 45 44 43 42 41 40 40 39 39 36 36 36 34 34 33 33 32 32 34 32 31 30 28 28 27 26 26 25 24 24 24 24 23 23 22 22 22 22 22 21 19 19 19 19 19 19 19 21 18 17 16 15 15 15 15 14 14 14 14 14 22 22 16 15 14 12 11 11 11 11
-9999 -9999 -9999 -9999 -9999 -9999 -9999 -9999 -9999 -9999 -9999 -9999 -9999 -9999 -9999 -9999 -9999 -9999 -9999 48 48 46 45 44 43 43 41 40 39 39 39 36 36 36 35 34 33 33 31 32 31 31 31 29 28 27 27 27 26 26 24 24 24 24 23 23 23 22 22 22 22 22 19 19 19 19 19 18 18 18 18 17 18 16 16 15 15 14 14 14 14 18 27 27 18 14 15 15 12 11 11 11
-9999 -9999 -9999 -9999 -9999 -9999 -9999 -9999 -9999 -9999 -9999 -9999 -9999 -9999 -9999 -9999 -9999 -9999 -9999 -9999 48 47 46 44 44 43 42 40 39 39 39 37 36 36 36 35 34 32 32 31 31 31 31 31 28 28 27 27 27 26 26 24 24 24 24 23 23 22 22 22 22 22 20 19 19 19 19 18 18 18 18 21 20 17 16 15 225 14 14 14 14 14 33 29 25 18 14 12 12 11 11 11
-9999 -9999 -9999 -9999 -9999 -9999 -9999 -9999 -9999 -9999 -9999 -9999 -9999 -9999 -9999 -9999 -9999 -9999 -9999 -9999 49 47 46 44 44 43 42 42 39 39 39 37 37 37 36 35 34 34 32 31 31 31 31 30 29 28 27 27 27 26 26 24 24 24 24 23 23 22 22 22 22 22 21 19 19 19 19 19 18 18 18 21 20 255 16 16 15 14 14 14 229 16 35 35 30 29 14 230 12 12 11 11
-9999 -9999 -9999 -9999 -9999 -9999 -9999 -9999 -9999 -9999 -9999 -9999 -9999 -9999 -9999 -9999 -9999 -9999 -9999 -9999 49 47 46 45 44 43 42 42 39 39 39 38 38 36 36 35 35 34 33 31 31 31 30 30 30 29 28 27 26 25 26 24 24 24 24 24 23 23 22 22 22 22 21 20 19 19 19 19 19 274 18 21 23 18 16 15 15 14 14 14 14 14 19 39 32 20 14 12 12 11 11 11
-9999 -9999 -9999 -9999 -9999 -9999 -9999 -9999 -9999 -9999 -9999 -9999 -9999 -9999 -9999 -9999 -9999 54 51 50 50 47 47 45 45 44 42 42 41 39 39 38 37 37 36 36 35 34 34 32 31 30 30 30 31 29 27 27 26 26 26 25 24 24 24 24 23 23 233 232 22 22 236 238 242 249 20 20 278 21 20 20 24 17 235 15 15 14 14 14 14 14 269 17 21 15 241 12 12 11 11 11
-9999 -9999 -9999 -9999 -9999 -9999 -9999 -9999 -9999 -9999 -9999 -9999 -9999 -9999 -9999 -9999 -9999 54 52 50 51 48 47 45 45 43 42 42 41 40 39 39 38 37 37 36 36 34 34 34 31 31 30 30 30 28 27 27 27 26 26 25 25 24 24 24 24 230 234 232 230 231 232 21 238 20 256 276 20 296 23 23 28 17 236 15 15 14 14 14 14 14 14 251 15 269 14 12 12 11 11 11
-9999 -9999 -9999 -9999 -9999 -9999 -9999 -9999 -9999 -9999 -9999 -9999 -9999 -9999 -9999 -9999 -9999 57 52 51 51 48 48 45 45 45 42 41 41 40 40 38 39 37 37 37 36 34 34 33 33 31 30 30 30 29 28 27 26 26 27 25 25 25 25 24 221 228 236 22 231 22 21 21 21 20 253 20 287 25 28 26 26 19 17 15 15 14 14 14 14 14 216 14 14 226 13 12 12 11 11 11
-9999 -9999 -9999 -9999 -9999 -9999 -9999 -9999 -9999 -9999 -9999 -9999 -9999 -9999 -9999 -9999 -9999 -9999 52 50 51 48 48 46 45 45 44 42 41 41 40 38 39 37 37 37 37 34 34 34 33 205 30 30 30 29 28 27 26 26 26 25 25 25 220 218 24 223 22 236 22 228 21 21 21 239 249 258 283 306 26 24 26 21 17 17 218 14 14 14 14 14 14 14 14 13 13 12 11 11 11 11
-9999 -9999 -9999 -9999 -9999 -9999 -9999 -9999 -9999 -9999 -9999 -9999 -9999 -9999 -9999 -9999 -9999 59 54 52 51 49 48 47 45 45 44 43 41 41 39 39 38 38 37 37 37 36 34 210 33 33 30 30 29 29 28 28 26 26 26 26 25 212 25 218 214 23 227 234 22 229 227 228 21 21 21 20 286 21 24 21 24 21 253 17 15 210 14 14 14 14 14 14 13 13 13 12 11 11 11 11
-9999 -9999 -9999 -9999 -9999 -9999 -9999 -9999 -9999 -9999 -9999 -9999 -9999 -9999 -9999 -9999 58 58 54 52 51 49 48 47 44 44 44 42 41 41 -9999 -9999 -9999 -9999 37 37 37 36 34 34 33 33 32 30 30 29 29 28 26 26 26 26 25 25 25 25 212 217 223 22 22 22 227 21 228 234 241 247 289 295 22 20 22 21 17 17 16 15 14 14 202 14 14 14 13 13 13 13 11 11 11 11
-9999 -9999 -9999 -9999 -9999 -9999 -9999 -9999 -9999 -9999 -9999 -9999 -9999 -9999 -9999 -9999 58 58 54 53 52 50 47 47 46 44 44 43 -9999 -9999 -9999 -9999 -9999 -9999 -9999 37 37 36 36 34 34 33 33 30 30 29 29 27 26 26 26 26 26 25 25 212 208 23 23 227 22 22 21 225 226 229 235 240 289 275 279 257 271 19 18 224 17 15 14 14 202 14 14 14 13 13 13 13 12 11 11 11
-9999 -9999 -9999 -9999 -9999 -9999 -9999 -9999 -9999 -9999 -9999 -9999 -9999 -9999 -9999 -9999 58 55 54 54 52 50 50 47 46 -9999 -9999 -9999 -9999 -9999 -9999 -9999 -9999 -9999 -9999 -9999 37 202 204 208 34 33 33 207 30 200 29 27 26 26 26 26 199 25 205 25 207 214 218 225 226 22 223 223 21 225 229 232 239 249 239 18 248 254 17 17 17 15 14 14 203 14 14 14 13 13 13 13 13 11 11 11
-9999 -9999 -9999 -9999 -9999 -9999 -9999 -9999 -9999 -9999 -9999 -9999 -9999 -9999 -9999 -9999 57 57 52 52 51 49 -9999 -9999 -9999 -9999 -9999 -9999 -9999 -9999 -9999 -9999 -9999 -9999 -9999 -9999 -9999 -9999 36 35 34 206 33 32 30 29 29 28 27 26 192 188 26 26 202 204 208 210 217 220 23 22 223 223 222 222 224 225 227 227 231 235 18 18 17 219 215 211 207 14 14 14 14 14 14 203 13 199 196 12 11 11
-9999 -9999 -9999 -9999 -9999 -9999 -9999 -9999 -9999 -9999 -9999 -9999 -9999 -9999 -9999 -9999 55 53 52 -9999 -9999 -9999 -9999 -9999 -9999 -9999 -9999 -9999 -9999 -9999 -9999 -9999 -9999 -9999 -9999 -9999 -9999 -9999 -9999 -9999 34 205 198 196 196 30 194 28 27 27 26 26 190 195 197 201 24 207 211 217 23 227 224 224 222 222 222 220 220 222 224 227 18 18 18 17 17 216 17 208 14 14 14 14 14 14 214 13 13 195 11 11
-9999 -9999 -9999 -9999 -9999 -9999 -9999 -9999 -9999 -9999 -9999 -9999 -9999 -9999 -9999 -9999 -9999 -9999 -9999 -9999 -9999 -9999 -9999 -9999 -9999 -9999 -9999 -9999 -9999 -9999 -9999 -9999 -9999 -9999 -9999 -9999 -9999 -9999 -9999 -9999 -9999 -9999 -9999 -9999 -9999 29 29 29 196 27 27 26 195 26 25 197 201 207 213 217 223 229 227 227 226 222 220 220 220 221 224 228 18 18 20 19 17 17 17 14 208 14 14 14 14 230 14 14 13 13 197 11
-9999 -9999 -9999 -9999 -9999 -9999 -9999 -9999 -9999 -9999 -9999 -9999 -9999 -9999 -9999 -9999 -9999 -9999 -9999 -9999 -9999 -9999 -9999 -9999 -9999 -9999 -9999 -9999 -9999 -9999 -9999 -9999 -9999 -9999 -9999 -9999 -9999 -9999 -9999 -9999 -9999 -9999 -9999 -9999 -9999 31 29 29 203 29 27 27 200 26 191 24 200 203 209 214 221 228 229 231 233 228 225 221 220 221 224 228 18 21 22 298 269 223 218 16 14 14 14 15 15 14 242 325 282 206 13 13
-9999 -9999 -9999 -9999 -9999 -9999 -9999 -9999 -9999 -9999 -9999 -9999 -9999 -9999 -9999 -9999 -9999 -9999 -9999 -9999 -9999 -9999 -9999 -9999 -9999 -9999 -9999 -9999 -9999 -9999 -9999 -9999 -9999 -9999 -9999 -9999 -9999 -9999 -9999 -9999 -9999 -9999 -9999 -9999 -9999 32 31 31 210 211 213 27 204 201 198 193 24 201 206 211 217 224 227 231 241 234 233 227 223 221 224 247 255 22 337 314 20 17 222 220 216 14 14 265 17 254 14 251 310 236 13 13
-9999 -9999 -9999 -9999 -9999 -9999 -9999 -9999 -9999 -9999 -9999 -9999 -9999 -9999 -9999 -9999 -9999 -9999 -9999 -9999 -9999 -9999 -9999 -9999 -9999 -9999 -9999 -9999 -9999 -9999 -9999 -9999 -9999 -9999 -9999 -9999 -9999 -9999 -9999 -9999 -9999 -9999 -9999 -9999 -9999 33 215 31 31 217 29 208 205 203 200 195 24 199 204 209 217 221 224 227 233 239 254 233 229 224 232 260 290 305 22 319 291 249 228 224 16 216 14 15 280 17 15 240 239 214 13 200
-9999 -9999 -9999 -9999 -9999 -9999 -9999 -9999 -9999 -9999 -9999 -9999 -9999 -9999 -9999 -9999 -9999 -9999 -9999 -9999 -9999 -9999 -9999 -9999 -9999 -9999 -9999 -9999 -9999 -9999 -9999 -9999 -9999 -9999 -9999 -9999 -9999 -9999 -9999 -9999 -9999 -9999 -9999 -9999 -9999 33 223 31 31 222 216 212 211 213 204 198 192 24 206 209 214 218 220 225 228 238 271 247 234 230 232 274 317 288 278 291 251 240 232 230 223 216 14 16 16 237 14 218 209 201 198 13
-9999 -9999 -9999 -9999 -9999 -9999 -9999 -9999 -9999 -9999 -9999 -9999 -9999 -9999 -9999 -9999 -9999 -9999 -9999 -9999 -9999 -9999 -9999 -9999 -9999 -9999 -9999 -9999 -9999 -9999 -9999 -9999 -9999 -9999 -9999 -9999 -9999 -9999 -9999 -9999 -9999 -9999 -9999 -9999 34 34 226 33 223 221 220 218 222 222 211 201 197 192 206 206 210 217 220 220 226 233 243 249 239 236 236 243 254 260 257 250 245 247 236 251 237 216 214 14 14 226 14 208 13 199 197 13
-9999 -9999 -9999 -9999 -9999 -9999 -9999 -9999 -9999 -9999 -9999 -9999 -9999 -9999 -9999 -9999 -9999 -9999 -9999 -9999 -9999 -9999 -9999 -9999 -9999 -9999 -9999 -9999 -9999 -9999 -9999 -9999 -9999 -9999 -9999 -9999 -9999 -9999 -9999 -9999 -9999 -9999 -9999 36 218 34 34 33 226 31 223 220 224 220 213 205 199 192 199 203 207 216 213 216 223 231 236 266 251 243 237 243 268 271 265 263 245 234 234 248 235 16 211 14 211 214 14 202 199 199 13 197
90 90 -9999 -9999 -9999 -9999 -9999 -9999 -9999 -9999 -9999 -9999 -9999 -9999 -9999 -9999 -9999 -9999 -9999 -9999 -9999 -9999 -9999 -9999 -9999 -9999 -9999 -9999 -9999 -9999 -9999 -9999 -9999 -9999 -9999 -9999 -9999 -9999 -9999 -9999 -9999 -9999 -9999 36 225 225 228 231 226 225 221 217 216 207 207 204 200 197 193 200 203 213 212 215 221 230 246 290 269 255 237 236 246 290 22 283 254 257 229 241 232 221 16 213 207 14 203 202 204 13 13 13
91 92 -9999 -9999 -9999 -9999 -9999 -9999 -9999 -9999 -9999 -9999 -9999 -9999 -9999 -9999 -9999 -9999 -9999 -9999 -9999 -9999 -9999 -9999 -9999 -9999 -9999 -9999 -9999 -9999 -9999 -9999 -9999 -9999 -9999 -9999 -9999 -9999 -9999 -9999 -9999 -9999 223 37 228 228 34 34 32 221 220 218 218 213 213 204 203 199 193 197 203 212 209 213 217 224 242 303 289 247 237 241 247 299 316 308 263 266 230 241 246 221 220 222 215 14 204 206 13 13 13 13
90 91 90 -9999 -9999 -9999 -9999 -9999 -9999 -9999 -9999 -9999 -9999 -9999 -9999 -9999 -9999 -9999 -9999 -9999 -9999 -9999 -9999 -9999 -9999 -9999 -9999 -9999 -9999 -9999 -9999 -9999 -9999 -9999 -9999 -9999 -9999 -9999 -9999 -9999 -9999 227 38 38 37 231 34 34 32 224 223 224 220 217 215 210 204 26 196 194 203 214 209 210 215 224 236 256 325 245 228 225 236 268 277 257 228 223 219 226 228 17 223 217 213 209 207 14 13 13 13 13
92 92 90 90 -9999 -9999 -9999 -9999 -9999 -9999 -9999 -9999 -9999 -9999 -9999 -9999 -9999 -9999 -9999 -9999 -9999 -9999 -9999 -9999 -9999 -9999 -9999 -9999 -9999 -9999 -9999 -9999 -9999 -9999 -9999 -9999 -9999 -9999 -9999 -9999 -9999 228 39 38 37 36 34 34 33 32 222 224 220 217 213 210 206 26 25 194 199 207 209 210 212 218 229 244 257 270 233 236 230 248 281 246 221 215 216 221 235 227 226 219 216 216 211 207 13 202 13 13
92 90 90 87 -9999 -9999 -9999 -9999 -9999 -9999 -9999 -9999 -9999 -9999 -9999 -9999 -9999 -9999 -9999 -9999 -9999 -9999 -9999 -9999 -9999 -9999 -9999 -9999 -9999 -9999 -9999 -9999 -9999 -9999 -9999 -9999 -9999 -9999 -9999 -9999 229 232 231 38 225 36 224 226 223 220 219 218 216 215 213 210 205 27 200 24 195 200 206 208 212 215 222 234 237 244 226 225 223 227 270 226 217 210 210 219 238 228 229 220 211 212 226 208 201 202 13 13
91 89 92 89 87 -9999 -9999 -9999 -9999 -9999 -9999 -9999 -9999 -9999 -9999 -9999 -9999 -9999 -9999 -9999 -9999 -9999 -9999 -9999 -9999 -9999 -9999 -9999 -9999 -9999 -9999 -9999 -9999 -9999 -9999 -9999 -9999 -9999 -9999 232 232 232 227 226 224 220 223 223 33 220 215 218 213 214 212 210 205 27 202 199 197 195 203 207 210 216 218 222 226 228 218 218 220 221 281 218 213 207 209 212 265 221 236 227 209 211 207 205 13 204 215 13
91 90 88 87 -9999 -9999 -9999 -9999 -9999 -9999 -9999 -9999 -9999 -9999 -9999 -9999 -9999 -9999 -9999 -9999 -9999 -9999 -9999 -9999 -9999 -9999 -9999 -9999 -9999 -9999 -9999 -9999 -9999 -9999 -9999 -9999 -9999 -9999 -9999 234 42 226 40 223 220 37 222 34 218 218 214 217 213 208 210 208 205 27 199 198 199 195 202 209 213 213 215 216 222 228 217 213 214 213 216 213 208 205 206 206 224 218 246 244 214 205 201 14 13 197 212 215
91 90 89 87 90 -9999 -9999 -9999 -9999 -9999 -9999 -9999 -9999 -9999 -9999 -9999 -9999 -9999 -9999 -9999 -9999 -9999 -9999 -9999 -9999 -9999 -9999 -9999 -9999 -9999 -9999 -9999 -9999 -9999 -9999 -9999 -9999 -9999 236 43 235 228 223 39 221 37 36 219 33 218 214 210 209 206 204 205 200 200 204 204 204 201 196 24 210 209 214 212 217 217 211 209 211 210 210 213 207 203 202 206 214 212 220 220 211 204 202 200 13 14 13 13
92 90 89 88 -9999 -9999 -9999 -9999 -9999 -9999 -9999 -9999 -9999 -9999 -9999 -9999 -9999 -9999 -9999 -9999 -9999 -9999 -9999 -9999 -9999 -9999 -9999 -9999 -9999 -9999 -9999 -9999 -9999 -9999 -9999 -9999 -9999 -9999 236 239 43 41 223 39 37 37 36 218 214 214 211 209 207 208 208 28 208 206 208 208 207 202 197 205 208 208 212 211 212 212 215 206 206 210 205 206 202 197 198 205 212 210 215 220 216 207 211 239 193 13 13 13
94 92 90 88 -9999 -9999 -9999 -9999 -9999 -9999 -9999 -9999 -9999 -9999 -9999 -9999 -9999 -9999 -9999 -9999 -9999 -9999 -9999 -9999 -9999 -9999 -9999 -9999 -9999 54 54 53 247 244 48 -9999 48 47 239 43 231 226 226 225 38 220 217 35 214 214 213 216 220 215 213 215 216 213 213 209 207 203 24 203 206 206 208 209 206 208 207 206 202 210 203 201 199 196 195 200 207 210 214 221 211 204 208 204 13 189 13 13
94 92 90 89 -9999 -9999 -9999 -9999 -9999 -9999 -9999 -9999 -9999 -9999 -9999 -9999 -9999 -9999 -9999 -9999 -9999 -9999 -9999 -9999 -9999 -9999 -9999 251 61 56 54 54 51 246 52 50 49 240 46 234 228 228 231 226 222 221 218 218 216 217 217 224 236 224 221 219 218 214 213 209 207 203 199 24 202 206 205 207 204 208 203 199 202 203 198 197 194 194 193 197 202 211 214 220 200 195 201 197 189 13 13 13
94 94 92 91 -9999 -9999 -9999 -9999 -9999 -9999 -9999 -9999 -9999 -9999 -9999 -9999 -9999 -9999 -9999 -9999 -9999 -9999 -9999 -9999 -9999 -9999 249 60 252 57 56 54 56 55 53 51 50 241 234 230 230 235 43 40 223 223 221 219 219 222 223 231 268 245 228 223 219 214 213 210 209 206 201 24 196 200 202 202 200 200 199 195 199 200 196 18 193 191 191 197 199 209 213 217 193 193 194 14 189 185 13 13
95 95 93 98 -9999 -9999 -9999 -9999 -9999 -9999 -9999 -9999 -9999 -9999 -9999 -9999 -9999 -9999 -9999 -9999 -9999 -9999 -9999 -9999 -9999 -9999 250 66 66 254 60 252 58 251 53 51 245 239 231 45 44 238 43 230 40 39 223 36 36 226 229 237 278 275 235 227 227 218 214 213 210 205 202 203 201 199 197 197 196 196 196 20 196 195 195 194 196 194 191 192 195 200 205 196 16 15 191 14 187 186 13 13
103 95 93 93 -9999 -9999 -9999 -9999 -9999 -9999 -9999 -9999 -9999 -9999 -9999 -9999 -9999 -9999 -9999 -9999 -9999 -9999 -9999 -9999 -9999 -9999 71 67 64 254 61 60 58 251 247 52 51 237 47 235 45 44 237 232 228 40 227 37 36 233 235 240 255 254 244 236 232 218 214 214 210 208 209 228 226 207 202 198 207 211 216 200 207 222 222 208 220 220 204 192 192 193 193 194 190 15 190 189 189 188 13 13
97 96 94 94 92 91 96 90 89 87 89 -9999 -9999 -9999 -9999 -9999 -9999 -9999 -9999 -9999 -9999 -9999 -9999 -9999 -9999 -9999 65 70 69 66 60 65 254 251 251 54 51 239 48 239 246 245 44 234 40 231 230 228 227 230 242 245 258 252 243 236 227 219 216 214 210 211 228 228 226 226 215 200 204 221 223 223 225 226 224 213 221 217 216 212 202 193 197 192 195 193 191 189 190 13 193 197
101 98 96 94 93 98 96 90 90 89 89 88 88 86 86 85 83 86 82 -9999 -9999 -9999 -9999 -9999 -9999 -9999 75 76 74 67 257 71 61 254 255 54 52 238 49 49 250 47 240 43 235 40 40 230 37 253 44 258 269 278 240 237 229 223 219 216 213 218 226 218 212 208 203 216 207 214 226 225 228 228 226 227 225 217 214 212 213 203 16 16 199 199 15 193 193 13 13 198
104 99 97 95 99 93 98 97 91 90 89 88 88 88 86 85 83 83 87 83 89 84 89 81 84 79 77 83 81 74 70 70 63 258 260 60 52 50 255 50 253 250 45 44 240 238 236 232 227 231 303 50 43 282 252 243 236 231 221 217 222 230 229 214 208 205 210 218 214 218 230 231 230 229 229 229 220 217 216 212 206 205 210 205 211 211 204 15 15 200 202 202
