invasiveSpecies/singleSpecies/data/worldclim_KE/worldclim_KE_2050_BC26_Bio2.asc
ncols         347
nrows         295
xllcorner     36.068012264173
yllcorner     0.13039239511974
cellsize      0.0083333333333333
NODATA_value  -9999
[rows 185 to 221 of 295, columns 84 to 167 of 347]
-9999 -9999 -9999 -9999 -9999 -9999 -9999 -9999 -9999 -9999 -9999 -9999 -9999 -9999 -9999 -9999 -9999 -9999 -9999 -9999 -9999 -9999 -9999 -9999 -9999 -9999 -9999 -9999 -9999 -9999 -9999 -9999 173 174 173 173 173 174 174 174 174 173 173 173 174 173 173 173 172 173 173 173 172 172 172 172 172 172 172 172 172 171 171 171 171 171 169 166 170 170 169 168 168 168 168 167 167 167 167 167 167 166 166 166
-9999 -9999 -9999 -9999 -9999 -9999 -9999 -9999 -9999 -9999 -9999 -9999 -9999 -9999 -9999 -9999 -9999 -9999 -9999 -9999 -9999 -9999 -9999 -9999 -9999 -9999 -9999 -9999 -9999 -9999 -9999 -9999 173 174 173 173 174 174 174 174 173 174 173 173 174 173 173 173 173 173 173 173 173 172 172 172 172 172 172 172 172 171 171 171 171 171 170 167 170 170 169 168 168 168 168 168 167 167 167 167 167 167 166 166
-9999 -9999 -9999 -9999 -9999 -9999 -9999 -9999 -9999 -9999 -9999 -9999 -9999 -9999 -9999 -9999 -9999 -9999 -9999 -9999 -9999 -9999 -9999 -9999 -9999 -9999 -9999 -9999 -9999 -9999 -9999 173 173 174 174 173 174 173 174 174 174 173 173 173 173 173 173 173 173 173 173 172 172 172 172 172 172 172 172 172 171 171 171 171 171 171 171 170 170 170 169 169 168 168 168 168 168 167 167 167 167 167 166 167
-9999 -9999 -9999 -9999 -9999 -9999 -9999 -9999 -9999 -9999 -9999 -9999 -9999 -9999 -9999 -9999 -9999 -9999 -9999 -9999 -9999 -9999 -9999 -9999 -9999 -9999 -9999 -9999 -9999 -9999 -9999 173 173 174 174 173 174 174 174 174 173 173 174 173 173 173 173 173 173 173 172 172 172 172 172 172 172 172 172 171 171 171 171 171 171 171 171 171 170 170 170 169 168 168 168 168 167 167 167 167 167 167 167 167
-9999 -9999 -9999 -9999 -9999 -9999 -9999 -9999 -9999 -9999 -9999 -9999 -9999 -9999 -9999 -9999 -9999 -9999 -9999 -9999 -9999 -9999 -9999 -9999 -9999 -9999 -9999 -9999 -9999 -9999 -9999 173 173 174 174 174 174 174 174 174 174 173 174 173 173 173 173 173 173 173 172 172 172 172 172 172 172 172 171 172 171 171 171 171 171 171 171 171 171 170 169 170 169 169 168 168 168 168 167 167 167 167 167 167
-9999 -9999 -9999 -9999 -9999 -9999 -9999 -9999 -9999 -9999 -9999 -9999 -9999 -9999 -9999 -9999 -9999 -9999 -9999 -9999 -9999 -9999 -9999 -9999 -9999 -9999 -9999 -9999 -9999 -9999 -9999 173 173 174 174 174 174 174 174 174 174 173 173 173 173 173 173 173 173 172 173 172 172 172 172 172 172 172 172 172 171 171 171 171 171 171 171 171 171 170 169 167 170 170 169 168 168 168 168 168 167 167 167 167
-9999 -9999 -9999 -9999 -9999 -9999 -9999 -9999 -9999 -9999 -9999 -9999 -9999 -9999 -9999 -9999 -9999 -9999 -9999 -9999 -9999 -9999 -9999 -9999 -9999 -9999 -9999 -9999 -9999 -9999 173 174 174 174 174 174 174 174 174 174 173 173 173 173 173 173 173 173 173 173 172 172 172 172 172 172 172 172 172 172 172 171 171 171 171 171 171 170 170 168 167 160 170 170 170 169 169 168 168 168 167 167 167 167
-9999 -9999 -9999 -9999 -9999 -9999 -9999 -9999 -9999 -9999 -9999 -9999 -9999 -9999 -9999 -9999 -9999 -9999 -9999 -9999 -9999 -9999 -9999 -9999 -9999 -9999 -9999 -9999 -9999 -9999 173 174 174 174 174 174 174 174 173 173 173 173 173 173 173 173 173 173 173 172 172 172 172 172 172 172 172 171 171 172 171 171 171 171 171 171 170 171 170 169 166 161 168 170 170 169 169 169 168 168 168 167 167 167
-9999 -9999 -9999 -9999 -9999 -9999 -9999 -9999 -9999 -9999 -9999 -9999 -9999 -9999 -9999 -9999 -9999 -9999 -9999 -9999 -9999 -9999 -9999 -9999 -9999 -9999 -9999 -9999 -9999 -9999 173 174 174 174 174 173 174 174 173 173 173 173 173 173 173 173 173 173 172 173 172 172 172 172 172 172 172 171 171 171 171 171 171 171 171 171 171 171 170 169 164 156 159 164 170 169 169 169 169 169 168 167 167 167
-9999 -9999 -9999 -9999 -9999 -9999 -9999 -9999 -9999 -9999 -9999 -9999 -9999 -9999 -9999 -9999 -9999 -9999 -9999 -9999 -9999 -9999 -9999 -9999 -9999 -9999 -9999 -9999 -9999 173 174 174 174 173 173 173 173 173 173 173 173 173 173 173 173 173 173 173 172 172 172 172 172 172 172 172 171 172 171 171 171 171 171 171 171 171 170 170 170 169 163 154 151 151 166 169 168 168 166 168 169 168 167 168
-9999 -9999 -9999 -9999 -9999 -9999 -9999 -9999 -9999 -9999 -9999 -9999 -9999 -9999 -9999 -9999 -9999 -9999 -9999 -9999 -9999 -9999 -9999 -9999 -9999 -9999 -9999 -9999 -9999 173 174 174 174 174 174 173 173 173 173 173 173 173 173 173 173 173 173 172 172 172 172 172 172 172 172 172 171 171 171 171 171 171 171 171 171 171 170 170 169 168 164 157 148 150 158 163 163 155 162 168 169 168 167 168
-9999 -9999 -9999 -9999 -9999 -9999 -9999 -9999 -9999 -9999 -9999 -9999 -9999 -9999 -9999 -9999 -9999 -9999 -9999 -9999 -9999 -9999 -9999 -9999 -9999 -9999 -9999 -9999 -9999 174 174 173 174 174 174 173 173 173 173 173 173 173 173 173 173 173 172 172 172 172 172 172 172 171 172 171 172 172 171 171 171 171 171 171 171 170 171 171 169 168 164 160 152 150 151 157 151 147 156 164 168 168 168 168
-9999 -9999 -9999 -9999 -9999 -9999 -9999 -9999 -9999 -9999 -9999 -9999 -9999 -9999 -9999 -9999 -9999 -9999 -9999 -9999 -9999 -9999 -9999 -9999 -9999 -9999 -9999 -9999 173 174 173 173 174 174 174 173 173 173 173 173 172 173 173 173 173 173 173 173 172 172 172 172 172 171 172 172 171 171 171 171 171 171 171 171 171 171 171 170 170 167 168 163 159 149 143 138 145 150 155 166 169 168 168 168
-9999 -9999 -9999 -9999 -9999 -9999 -9999 -9999 -9999 -9999 -9999 -9999 -9999 -9999 -9999 -9999 -9999 -9999 -9999 -9999 -9999 -9999 -9999 -9999 -9999 -9999 -9999 -9999 173 173 173 173 174 174 174 173 173 173 173 173 173 172 173 173 173 173 172 173 172 172 172 172 172 172 172 171 171 171 171 171 171 171 171 171 171 171 170 170 170 169 167 162 159 155 151 154 154 161 157 167 168 168 168 167
-9999 -9999 -9999 -9999 -9999 -9999 -9999 -9999 -9999 -9999 -9999 -9999 -9999 -9999 -9999 -9999 -9999 -9999 -9999 -9999 -9999 -9999 -9999 -9999 -9999 -9999 -9999 -9999 173 173 173 174 174 173 173 173 173 173 173 173 173 173 173 173 173 173 172 173 172 172 172 172 172 171 172 171 171 171 171 171 171 171 171 171 170 170 170 170 170 169 166 165 161 157 159 162 164 166 164 167 168 168 167 167
-9999 -9999 -9999 -9999 -9999 -9999 -9999 -9999 -9999 -9999 -9999 -9999 -9999 -9999 -9999 -9999 -9999 -9999 -9999 -9999 -9999 -9999 -9999 -9999 -9999 -9999 -9999 -9999 173 173 174 173 173 173 174 173 173 173 173 173 173 173 173 173 173 172 173 173 172 172 172 172 172 171 172 172 172 171 171 171 171 171 171 171 171 171 170 170 170 170 168 168 166 165 165 165 167 168 168 169 168 168 168 167
-9999 -9999 -9999 -9999 -9999 -9999 -9999 -9999 -9999 -9999 -9999 -9999 -9999 -9999 -9999 -9999 -9999 -9999 -9999 -9999 -9999 -9999 -9999 -9999 -9999 -9999 -9999 -9999 173 173 174 174 173 173 173 173 173 173 173 173 173 172 173 172 172 172 172 172 172 172 172 172 172 171 171 171 171 171 171 171 171 171 171 171 170 170 171 170 170 170 170 169 169 168 168 168 168 169 169 168 168 168 168 167
-9999 -9999 -9999 -9999 -9999 -9999 -9999 -9999 -9999 -9999 -9999 -9999 -9999 -9999 -9999 -9999 -9999 -9999 -9999 -9999 -9999 -9999 -9999 -9999 -9999 -9999 -9999 173 173 173 173 173 174 173 174 173 173 173 173 173 172 173 173 172 172 172 172 172 172 172 172 172 172 171 171 171 171 171 171 171 171 171 171 171 170 170 170 170 170 170 170 170 169 169 169 169 169 169 169 168 168 168 168 168
-9999 -9999 -9999 -9999 -9999 -9999 -9999 -9999 -9999 -9999 -9999 -9999 -9999 -9999 -9999 -9999 -9999 -9999 -9999 -9999 -9999 -9999 -9999 -9999 -9999 -9999 -9999 173 173 173 173 173 173 173 173 173 173 173 173 173 172 172 173 172 172 172 172 172 172 172 172 172 172 171 171 171 171 171 171 171 171 171 171 170 171 170 171 170 170 170 170 170 170 169 169 169 166 164 167 169 169 168 168 168
-9999 -9999 -9999 -9999 -9999 -9999 -9999 -9999 -9999 -9999 -9999 -9999 -9999 -9999 -9999 -9999 -9999 -9999 -9999 -9999 -9999 -9999 -9999 -9999 -9999 -9999 -9999 173 173 173 173 173 173 173 173 173 173 173 173 172 173 172 172 172 172 172 172 172 172 172 172 172 172 171 171 171 171 171 171 171 171 171 171 171 171 170 170 170 170 170 170 170 170 169 169 169 168 164 167 169 168 168 168 168
-9999 -9999 -9999 -9999 -9999 -9999 -9999 -9999 -9999 -9999 -9999 -9999 -9999 -9999 -9999 -9999 -9999 -9999 -9999 -9999 -9999 -9999 -9999 -9999 -9999 -9999 -9999 173 173 173 173 173 173 173 173 173 173 173 173 173 172 172 172 172 172 172 172 172 172 172 172 172 171 171 171 171 171 171 171 171 171 171 170 170 170 171 170 170 170 170 170 170 169 170 169 169 166 165 166 169 168 168 168 168
-9999 -9999 -9999 -9999 -9999 -9999 -9999 -9999 -9999 -9999 -9999 -9999 -9999 -9999 -9999 -9999 -9999 -9999 -9999 -9999 -9999 -9999 -9999 -9999 -9999 -9999 -9999 -9999 173 173 173 173 173 173 173 173 173 173 173 173 172 172 172 172 172 172 172 172 172 172 172 172 171 171 171 171 171 171 171 171 171 171 171 170 171 170 170 170 170 170 170 170 169 169 169 169 168 166 168 167 169 168 168 168
-9999 -9999 -9999 -9999 -9999 -9999 -9999 -9999 -9999 -9999 -9999 -9999 -9999 -9999 -9999 -9999 -9999 -9999 -9999 -9999 -9999 -9999 -9999 -9999 -9999 -9999 -9999 -9999 173 173 173 173 173 173 173 173 173 173 173 172 172 172 172 172 172 172 172 172 172 172 172 172 171 171 171 171 171 171 171 171 171 171 171 170 170 170 170 170 170 170 170 170 170 169 169 169 169 168 169 169 169 168 168 168
-9999 -9999 -9999 -9999 -9999 -9999 -9999 -9999 -9999 -9999 -9999 -9999 -9999 -9999 -9999 -9999 -9999 -9999 -9999 -9999 -9999 -9999 -9999 -9999 -9999 -9999 -9999 173 173 173 173 173 173 173 173 173 173 173 172 172 172 172 172 172 172 172 172 172 172 172 172 172 172 171 171 171 171 171 170 171 171 171 170 170 170 170 170 170 170 170 170 170 170 169 169 169 169 169 169 168 168 168 168 168
-9999 -9999 -9999 -9999 -9999 -9999 -9999 -9999 -9999 -9999 -9999 -9999 -9999 -9999 -9999 -9999 -9999 -9999 -9999 -9999 -9999 -9999 -9999 -9999 -9999 -9999 -9999 -9999 173 173 173 173 173 173 173 173 173 173 172 172 172 172 172 172 172 172 172 172 172 172 171 172 171 171 171 171 171 171 171 170 170 170 170 170 170 170 170 170 170 170 170 170 170 169 169 169 169 169 169 168 167 168 168 168
-9999 -9999 -9999 -9999 -9999 -9999 -9999 -9999 -9999 -9999 -9999 -9999 -9999 -9999 -9999 -9999 -9999 -9999 -9999 -9999 -9999 -9999 -9999 -9999 -9999 -9999 -9999 -9999 173 173 173 173 173 173 173 173 173 173 172 172 172 172 172 172 172 172 172 172 171 172 171 172 171 171 171 171 171 171 170 170 171 170 171 170 170 170 170 170 170 170 170 169 170 169 169 169 169 169 169 167 167 168 168 168
-9999 -9999 -9999 -9999 -9999 -9999 -9999 -9999 -9999 -9999 -9999 -9999 -9999 -9999 -9999 -9999 -9999 -9999 -9999 -9999 -9999 -9999 -9999 -9999 -9999 -9999 -9999 -9999 173 173 173 173 173 173 173 172 173 173 172 172 172 172 172 172 172 172 172 172 171 171 171 171 171 171 171 171 171 171 170 170 170 170 170 170 170 170 170 170 170 170 170 169 169 169 170 169 169 169 169 167 166 168 168 168
-9999 -9999 -9999 -9999 -9999 -9999 -9999 -9999 -9999 -9999 -9999 -9999 -9999 -9999 -9999 -9999 -9999 -9999 -9999 -9999 -9999 -9999 -9999 -9999 -9999 172 173 173 172 173 173 173 173 173 173 172 172 172 172 172 172 172 172 172 172 172 172 172 171 171 171 171 171 171 171 171 171 171 170 170 170 170 170 170 170 170 170 170 170 170 170 170 169 169 169 169 169 168 168 168 165 168 168 168
-9999 -9999 -9999 -9999 -9999 -9999 -9999 -9999 -9999 -9999 -9999 -9999 -9999 -9999 -9999 -9999 -9999 -9999 -9999 -9999 -9999 -9999 -9999 -9999 -9999 172 172 172 173 173 173 172 173 172 173 172 172 172 172 172 172 172 172 172 172 172 172 172 171 171 171 171 171 171 171 171 171 170 170 170 170 170 170 170 170 170 170 170 170 170 170 169 169 169 169 169 169 169 166 165 162 168 168 168
-9999 -9999 -9999 -9999 -9999 -9999 -9999 -9999 -9999 -9999 -9999 -9999 -9999 -9999 -9999 -9999 -9999 -9999 -9999 -9999 -9999 -9999 -9999 -9999 -9999 171 172 172 173 173 173 172 173 173 172 172 172 172 172 172 172 172 172 172 172 172 172 172 172 171 171 171 171 171 171 171 171 170 170 170 170 170 170 170 170 170 170 170 170 169 169 169 170 169 169 169 169 166 162 164 164 168 168 168
-9999 -9999 -9999 -9999 -9999 -9999 -9999 -9999 -9999 -9999 -9999 -9999 -9999 -9999 -9999 -9999 -9999 -9999 -9999 -9999 -9999 -9999 -9999 -9999 -9999 -9999 173 173 172 173 173 173 173 173 173 173 172 172 172 172 172 172 172 172 172 172 172 172 171 171 171 171 171 171 171 171 171 170 170 170 170 170 170 170 170 170 170 170 170 170 170 169 169 169 169 169 169 169 164 166 164 167 168 168
-9999 -9999 -9999 -9999 -9999 -9999 -9999 -9999 -9999 -9999 -9999 -9999 -9999 -9999 -9999 -9999 -9999 -9999 -9999 -9999 -9999 -9999 -9999 -9999 -9999 170 172 173 172 173 172 172 172 173 173 172 172 172 172 172 172 172 172 172 172 172 172 172 171 171 171 171 171 171 171 171 171 170 170 170 170 170 170 170 170 170 170 170 170 170 170 169 169 169 169 169 169 168 166 168 166 168 168 168
-9999 -9999 -9999 -9999 -9999 -9999 -9999 -9999 -9999 -9999 -9999 -9999 -9999 -9999 -9999 -9999 -9999 -9999 -9999 -9999 -9999 -9999 -9999 -9999 171 170 172 172 173 172 173 172 172 172 172 172 172 172 -9999 -9999 -9999 -9999 172 171 172 172 172 172 171 171 171 171 171 170 170 171 170 170 170 170 170 170 170 170 170 170 170 170 170 170 170 169 169 169 169 169 169 169 168 168 167 167 168 168
-9999 -9999 -9999 -9999 -9999 -9999 -9999 -9999 -9999 -9999 -9999 -9999 -9999 -9999 -9999 -9999 -9999 -9999 -9999 -9999 -9999 -9999 -9999 -9999 171 171 172 172 173 173 172 173 172 172 172 172 -9999 -9999 -9999 -9999 -9999 -9999 -9999 171 172 171 171 172 171 171 171 171 171 170 170 170 170 170 170 170 170 170 170 170 170 170 169 170 170 170 169 169 169 169 169 169 169 169 169 168 168 168 168 168
-9999 -9999 -9999 -9999 -9999 -9999 -9999 -9999 -9999 -9999 -9999 -9999 -9999 -9999 -9999 -9999 -9999 -9999 -9999 -9999 -9999 -9999 -9999 -9999 172 173 172 172 172 172 173 172 172 -9999 -9999 -9999 -9999 -9999 -9999 -9999 -9999 -9999 -9999 -9999 172 172 171 171 171 171 171 171 171 171 170 170 170 170 170 169 170 170 170 170 170 170 170 170 170 169 170 169 169 169 169 169 169 169 169 168 168 168 168 168
-9999 -9999 -9999 -9999 -9999 -9999 -9999 -9999 -9999 -9999 -9999 -9999 -9999 -9999 -9999 -9999 -9999 -9999 -9999 -9999 -9999 -9999 -9999 -9999 172 172 172 172 173 172 -9999 -9999 -9999 -9999 -9999 -9999 -9999 -9999 -9999 -9999 -9999 -9999 -9999 -9999 -9999 -9999 171 171 171 171 171 171 171 171 170 170 170 170 170 169 170 170 170 170 170 170 170 170 170 169 169 169 169 169 169 169 169 169 169 168 168 168 168 168
-9999 -9999 -9999 -9999 -9999 -9999 -9999 -9999 -9999 -9999 -9999 -9999 -9999 -9999 -9999 -9999 -9999 -9999 -9999 -9999 -9999 -9999 -9999 -9999 173 173 173 -9999 -9999 -9999 -9999 -9999 -9999 -9999 -9999 -9999 -9999 -9999 -9999 -9999 -9999 -9999 -9999 -9999 -9999 -9999 -9999 -9999 171 171 171 171 170 171 170 170 170 170 170 170 169 170 170 170 170 170 170 170 170 170 169 169 169 169 169 169 169 168 169 168 168 168 168 168
