invasiveSpecies/singleSpecies/data/worldclim_KE/worldclim_KE_2050_BC85_Bio9.asc
ncols         347
nrows         295
xllcorner     36.068012264173
yllcorner     0.13039239511974
cellsize      0.0083333333333333
NODATA_value  -9999
[rows 222 to 258 of 295, columns 84 to 167 of 347]
-9999 -9999 -9999 -9999 -9999 -9999 -9999 -9999 -9999 -9999 -9999 -9999 -9999 -9999 -9999 -9999 -9999 -9999 -9999 -9999 -9999 -9999 -9999 -9999 -9999 -9999 -9999 -9999 -9999 -9999 -9999 -9999 -9999 -9999 -9999 -9999 -9999 -9999 -9999 -9999 -9999 -9999 -9999 -9999 -9999 -9999 -9999 -9999 -9999 -9999 -9999 -9999 -9999 239 241 241 240 240 240 241 242 243 244 242 241 241 238 239 238 237 238 238 237 239 240 240 238 238 238 238 238 238 226 227
-9999 -9999 -9999 -9999 -9999 -9999 -9999 -9999 -9999 -9999 -9999 -9999 -9999 -9999 -9999 -9999 -9999 -9999 -9999 -9999 -9999 -9999 -9999 -9999 -9999 -9999 -9999 -9999 -9999 -9999 -9999 -9999 -9999 -9999 -9999 -9999 -9999 -9999 -9999 -9999 -9999 -9999 -9999 -9999 -9999 -9999 -9999 -9999 -9999 -9999 -9999 -9999 -9999 238 241 239 240 239 239 240 241 242 244 244 242 241 240 239 238 237 237 237 236 237 239 240 239 239 238 238 235 224 222 226
-9999 -9999 -9999 -9999 -9999 -9999 -9999 -9999 -9999 -9999 -9999 -9999 -9999 -9999 -9999 -9999 -9999 -9999 -9999 -9999 -9999 -9999 -9999 -9999 -9999 -9999 -9999 -9999 -9999 -9999 -9999 -9999 -9999 -9999 -9999 -9999 -9999 -9999 -9999 -9999 -9999 -9999 -9999 -9999 -9999 -9999 -9999 -9999 -9999 -9999 -9999 -9999 -9999 236 238 237 238 238 237 239 240 241 242 244 243 242 242 241 240 238 238 238 236 236 236 239 239 239 239 235 233 223 216 223
-9999 -9999 -9999 -9999 -9999 -9999 -9999 -9999 -9999 -9999 -9999 -9999 -9999 -9999 -9999 -9999 -9999 -9999 -9999 -9999 -9999 -9999 -9999 -9999 -9999 -9999 -9999 -9999 -9999 -9999 -9999 -9999 -9999 -9999 -9999 -9999 -9999 -9999 -9999 -9999 -9999 -9999 -9999 -9999 -9999 -9999 -9999 -9999 -9999 -9999 -9999 -9999 -9999 236 236 236 236 237 237 239 240 241 242 244 244 243 242 241 240 239 239 239 238 237 234 238 240 238 238 232 228 224 224 222
-9999 -9999 -9999 -9999 -9999 -9999 -9999 -9999 -9999 -9999 -9999 -9999 -9999 -9999 -9999 -9999 -9999 -9999 -9999 -9999 -9999 -9999 -9999 -9999 -9999 -9999 -9999 -9999 -9999 -9999 -9999 -9999 -9999 -9999 -9999 -9999 -9999 -9999 -9999 -9999 -9999 -9999 -9999 -9999 -9999 -9999 -9999 -9999 -9999 -9999 -9999 -9999 -9999 235 234 235 235 236 237 238 240 239 241 243 245 244 242 242 241 240 240 240 239 237 229 234 239 240 238 230 221 228 230 228
195 196 197 196 -9999 -9999 -9999 -9999 -9999 -9999 -9999 -9999 -9999 -9999 -9999 -9999 -9999 -9999 -9999 -9999 -9999 -9999 -9999 -9999 -9999 -9999 -9999 -9999 -9999 -9999 -9999 -9999 -9999 -9999 -9999 -9999 -9999 -9999 -9999 -9999 -9999 -9999 -9999 -9999 -9999 -9999 -9999 -9999 -9999 -9999 -9999 -9999 235 234 234 234 235 236 236 237 236 237 240 243 244 245 242 242 242 241 241 241 240 238 235 234 236 239 237 236 234 233 234 236
196 198 197 199 198 198 200 199 -9999 -9999 -9999 -9999 -9999 -9999 -9999 -9999 -9999 -9999 -9999 -9999 -9999 -9999 -9999 -9999 -9999 -9999 -9999 -9999 -9999 -9999 -9999 -9999 -9999 -9999 -9999 -9999 -9999 -9999 -9999 -9999 -9999 -9999 -9999 -9999 -9999 -9999 -9999 -9999 -9999 -9999 -9999 233 235 234 233 233 235 235 236 237 236 237 240 242 243 246 244 243 243 241 242 241 241 238 236 231 234 238 239 237 232 232 233 233
197 197 198 198 198 198 199 201 200 199 -9999 -9999 -9999 -9999 -9999 -9999 -9999 -9999 -9999 -9999 -9999 -9999 -9999 -9999 -9999 -9999 -9999 -9999 -9999 -9999 -9999 -9999 -9999 -9999 -9999 -9999 -9999 -9999 -9999 -9999 -9999 -9999 -9999 -9999 -9999 -9999 -9999 -9999 -9999 -9999 -9999 234 234 234 234 233 235 236 237 238 239 241 241 242 244 245 246 244 244 242 243 242 241 240 237 226 233 234 239 238 236 228 225 230
196 196 198 198 198 198 198 200 201 199 -9999 -9999 -9999 -9999 -9999 -9999 -9999 -9999 -9999 -9999 -9999 -9999 -9999 -9999 -9999 -9999 -9999 -9999 -9999 -9999 -9999 -9999 -9999 -9999 -9999 -9999 -9999 -9999 -9999 -9999 -9999 -9999 -9999 -9999 -9999 -9999 -9999 -9999 -9999 -9999 233 233 233 234 233 234 235 237 237 239 239 240 241 242 243 244 246 245 244 243 243 243 242 239 238 223 227 235 240 237 236 227 223 226
196 196 197 198 198 198 198 201 201 199 197 -9999 -9999 -9999 -9999 -9999 -9999 -9999 -9999 -9999 -9999 -9999 -9999 -9999 -9999 -9999 -9999 -9999 -9999 -9999 -9999 -9999 -9999 -9999 -9999 -9999 -9999 -9999 -9999 -9999 -9999 -9999 -9999 -9999 -9999 -9999 -9999 -9999 -9999 233 233 232 233 233 235 236 237 237 237 237 238 239 240 241 243 244 246 246 245 242 244 244 241 239 239 235 219 236 240 240 239 233 231 236
196 196 197 198 198 198 198 198 201 199 198 198 -9999 -9999 -9999 -9999 -9999 -9999 -9999 -9999 -9999 -9999 -9999 -9999 -9999 -9999 -9999 -9999 -9999 -9999 -9999 -9999 -9999 -9999 -9999 -9999 -9999 -9999 -9999 -9999 -9999 -9999 -9999 -9999 -9999 -9999 -9999 -9999 -9999 233 232 232 233 235 235 236 237 238 237 237 238 239 241 242 243 244 245 247 246 244 244 244 244 242 239 238 236 233 241 239 240 237 231 238
196 197 198 198 198 198 198 199 200 202 200 203 -9999 -9999 -9999 -9999 -9999 -9999 -9999 -9999 -9999 -9999 -9999 -9999 -9999 -9999 -9999 -9999 -9999 -9999 -9999 -9999 -9999 -9999 -9999 -9999 -9999 -9999 -9999 -9999 -9999 -9999 -9999 -9999 -9999 -9999 -9999 -9999 232 232 233 234 235 236 236 236 237 238 238 239 240 240 241 242 243 244 245 246 247 246 245 245 244 243 242 239 238 237 242 241 243 242 234 243
196 197 198 198 198 198 200 203 203 204 200 202 203 -9999 -9999 -9999 -9999 -9999 -9999 -9999 -9999 -9999 -9999 -9999 -9999 -9999 -9999 -9999 -9999 -9999 -9999 -9999 -9999 -9999 -9999 -9999 -9999 -9999 -9999 -9999 -9999 -9999 -9999 -9999 -9999 -9999 -9999 231 232 232 234 235 236 237 237 237 238 238 239 239 241 241 242 242 244 244 245 246 247 247 246 245 244 243 243 243 242 242 242 244 244 244 232 243
197 197 198 198 199 198 198 204 204 205 208 204 -9999 -9999 -9999 -9999 -9999 -9999 -9999 -9999 -9999 -9999 -9999 -9999 -9999 -9999 -9999 -9999 -9999 -9999 -9999 -9999 -9999 -9999 -9999 -9999 -9999 -9999 -9999 -9999 -9999 -9999 -9999 -9999 -9999 -9999 -9999 231 231 234 234 236 237 237 237 238 239 239 240 240 241 242 242 243 244 245 246 246 247 247 246 245 244 244 244 244 243 242 243 245 245 245 245 244
197 198 199 199 199 199 202 204 206 207 208 205 201 -9999 -9999 -9999 -9999 -9999 -9999 -9999 -9999 -9999 -9999 -9999 -9999 -9999 -9999 -9999 -9999 -9999 -9999 -9999 -9999 -9999 -9999 -9999 -9999 -9999 -9999 -9999 -9999 -9999 -9999 -9999 -9999 -9999 231 231 232 234 236 236 237 238 238 238 240 240 240 242 242 243 244 244 245 246 245 245 246 247 248 246 245 245 245 245 244 244 245 246 246 246 246 244
197 197 198 199 198 199 203 203 205 206 208 207 -9999 -9999 -9999 -9999 -9999 -9999 -9999 -9999 -9999 -9999 -9999 -9999 -9999 -9999 -9999 -9999 -9999 -9999 -9999 -9999 -9999 -9999 -9999 -9999 -9999 -9999 -9999 -9999 -9999 -9999 -9999 -9999 -9999 -9999 230 230 232 234 236 236 237 238 239 239 240 241 241 242 243 243 243 244 244 245 244 245 245 247 248 246 246 246 245 245 246 246 245 247 247 246 247 247
196 196 197 198 197 198 201 200 205 206 209 203 -9999 -9999 -9999 -9999 -9999 -9999 -9999 -9999 -9999 -9999 -9999 -9999 -9999 -9999 -9999 -9999 -9999 -9999 -9999 -9999 -9999 -9999 -9999 -9999 -9999 221 222 223 225 226 227 -9999 229 230 230 232 233 235 235 236 237 238 239 240 240 241 241 241 240 242 242 243 243 243 244 244 245 246 248 247 247 247 246 246 247 247 247 247 248 247 248 248
194 195 196 196 196 199 200 201 206 208 208 204 -9999 -9999 -9999 -9999 -9999 -9999 -9999 -9999 -9999 -9999 -9999 -9999 -9999 -9999 -9999 -9999 -9999 -9999 -9999 -9999 -9999 -9999 -9999 217 219 221 222 223 224 226 226 228 229 229 230 232 234 235 234 236 237 238 239 240 240 240 241 239 237 240 241 242 242 243 244 245 246 246 248 248 247 247 247 247 248 247 248 249 248 248 249 250
193 193 195 196 197 198 201 205 207 207 206 209 -9999 -9999 -9999 -9999 -9999 -9999 -9999 -9999 -9999 -9999 -9999 -9999 -9999 -9999 -9999 -9999 -9999 -9999 -9999 -9999 -9999 -9999 216 215 217 220 221 222 223 225 227 227 229 229 232 234 234 233 234 235 237 238 239 240 240 240 239 238 229 235 239 241 242 243 244 245 246 247 248 248 249 248 248 248 249 249 249 249 249 249 250 250
193 194 195 196 196 197 200 204 205 206 206 208 -9999 -9999 -9999 -9999 -9999 -9999 -9999 -9999 -9999 -9999 -9999 -9999 -9999 -9999 -9999 -9999 -9999 -9999 -9999 -9999 -9999 -9999 215 213 213 218 220 221 223 224 226 227 229 230 233 233 233 232 234 235 237 237 238 239 239 239 238 237 226 228 239 241 241 243 244 244 246 247 248 248 248 248 249 250 250 250 250 249 250 250 250 250
193 194 196 197 197 197 198 205 205 206 207 209 -9999 -9999 -9999 -9999 -9999 -9999 -9999 -9999 -9999 -9999 -9999 -9999 -9999 -9999 -9999 -9999 -9999 -9999 -9999 -9999 -9999 -9999 207 202 207 218 219 221 223 223 227 227 229 231 232 232 232 232 233 235 236 237 238 238 239 237 237 236 233 234 237 239 240 243 244 244 246 246 246 242 243 247 249 249 248 247 246 249 248 245 245 248
194 195 196 197 199 201 202 205 205 206 207 209 209 208 206 205 205 200 203 -9999 -9999 -9999 -9999 -9999 -9999 -9999 -9999 -9999 -9999 -9999 -9999 -9999 -9999 -9999 212 200 200 214 217 208 221 223 225 228 229 230 232 232 230 231 231 235 236 236 237 238 238 238 236 235 233 234 237 239 241 243 244 245 246 246 243 243 243 244 246 249 248 245 245 245 244 243 245 248
196 196 197 197 201 198 197 203 201 205 207 209 207 207 207 202 205 205 204 197 198 199 198 197 198 196 195 -9999 -9999 -9999 -9999 -9999 -9999 -9999 201 198 199 211 216 198 220 222 222 226 229 232 230 230 229 230 233 234 235 236 237 238 239 233 218 233 230 228 238 239 241 243 244 245 245 245 243 245 246 247 249 246 248 247 245 245 244 243 245 245
-9999 -9999 -9999 -9999 199 198 197 199 198 204 208 208 206 205 207 206 205 200 199 199 198 198 198 198 197 197 195 194 192 191 189 191 192 198 199 190 191 198 204 200 215 220 220 216 230 231 226 228 228 230 232 234 234 235 236 237 239 238 203 204 218 226 236 238 240 241 244 244 244 243 243 246 248 248 247 246 247 246 244 244 245 243 245 245
-9999 -9999 -9999 -9999 -9999 -9999 199 198 198 199 205 209 207 206 207 206 206 205 204 203 203 197 196 196 197 197 194 193 193 190 190 189 194 198 195 192 193 195 200 200 211 219 221 225 229 227 219 227 229 231 232 233 234 234 235 236 238 239 206 203 211 228 234 236 239 241 243 243 242 242 243 246 248 248 247 246 246 245 244 244 245 246 246 247
-9999 -9999 -9999 -9999 -9999 -9999 -9999 204 202 203 205 208 208 206 206 206 205 204 204 203 201 202 195 199 196 196 195 194 193 192 190 188 190 193 193 191 192 196 203 198 201 225 227 227 226 202 221 226 227 230 232 232 233 233 233 235 238 213 204 192 201 226 232 234 237 238 242 243 242 242 243 247 247 248 247 245 246 243 244 244 246 244 247 246
-9999 -9999 -9999 -9999 -9999 -9999 -9999 205 205 206 209 -9999 207 206 205 206 206 205 204 203 201 202 201 199 194 196 195 195 192 191 190 189 190 192 193 192 193 197 195 199 199 227 223 223 225 202 221 224 228 230 231 232 232 229 232 235 237 220 198 194 213 222 217 218 236 239 243 243 242 242 246 246 247 247 246 244 245 246 242 245 245 245 244 246
-9999 -9999 -9999 -9999 -9999 -9999 -9999 -9999 -9999 207 -9999 -9999 -9999 206 206 203 204 204 203 203 202 202 197 200 195 195 195 194 191 191 191 190 188 191 191 190 191 193 193 199 202 220 220 207 204 197 206 224 228 229 230 231 229 222 231 237 238 224 -9999 -9999 232 232 230 230 238 241 243 243 242 245 244 246 247 245 241 244 245 244 242 245 245 245 244 246
-9999 -9999 -9999 -9999 -9999 -9999 -9999 -9999 -9999 -9999 -9999 -9999 -9999 207 206 205 204 204 203 204 204 199 197 197 196 199 194 194 192 193 192 189 188 188 190 192 193 193 195 201 196 206 221 208 204 196 202 223 227 229 229 230 221 227 230 237 237 -9999 -9999 -9999 -9999 235 236 238 239 241 242 244 244 243 245 247 246 245 242 243 244 245 242 244 244 244 245 245
-9999 -9999 -9999 -9999 -9999 -9999 -9999 -9999 -9999 -9999 -9999 -9999 -9999 -9999 207 205 204 205 205 205 200 199 203 197 196 199 193 195 194 194 192 189 189 189 192 194 195 195 196 203 197 201 213 208 191 195 215 227 227 228 228 227 207 218 228 -9999 -9999 -9999 -9999 -9999 -9999 -9999 236 238 240 241 242 243 242 243 244 246 245 245 242 241 243 244 244 242 241 241 245 244
-9999 -9999 -9999 -9999 -9999 -9999 -9999 -9999 -9999 -9999 -9999 -9999 -9999 -9999 207 206 206 206 204 203 203 199 199 198 196 197 195 195 194 194 194 191 190 189 189 189 192 197 199 204 201 211 211 202 198 204 220 224 224 224 227 228 220 213 -9999 -9999 -9999 -9999 -9999 -9999 -9999 -9999 -9999 238 240 241 243 242 241 245 244 246 243 242 241 241 243 244 243 243 241 241 244 244
-9999 -9999 -9999 -9999 -9999 -9999 -9999 -9999 -9999 -9999 -9999 -9999 -9999 -9999 -9999 207 206 204 204 202 202 202 202 198 198 196 196 194 194 193 192 191 191 191 192 191 194 193 200 206 201 203 207 196 202 207 207 209 219 215 220 227 217 -9999 -9999 -9999 -9999 -9999 -9999 -9999 -9999 -9999 -9999 238 240 241 243 243 243 244 244 244 243 242 241 241 242 243 243 242 241 243 245 245
-9999 -9999 -9999 -9999 -9999 -9999 -9999 -9999 -9999 -9999 -9999 -9999 -9999 -9999 -9999 207 206 204 204 203 202 201 201 -9999 202 197 195 194 193 192 192 189 191 192 192 194 197 198 200 204 199 195 200 194 198 205 197 198 203 205 213 -9999 -9999 -9999 -9999 -9999 -9999 -9999 -9999 -9999 -9999 -9999 -9999 237 239 240 242 242 241 244 244 244 243 242 241 240 241 243 241 242 242 242 243 242
-9999 -9999 -9999 -9999 -9999 -9999 -9999 -9999 -9999 -9999 -9999 -9999 -9999 -9999 -9999 207 205 204 204 203 202 202 -9999 -9999 -9999 -9999 -9999 -9999 -9999 -9999 196 189 191 192 193 196 198 200 201 200 200 195 194 196 194 197 204 193 196 196 -9999 -9999 -9999 -9999 -9999 -9999 -9999 -9999 -9999 -9999 -9999 -9999 -9999 -9999 239 240 241 241 243 241 246 244 243 241 241 241 240 241 240 240 242 242 242 241
-9999 -9999 -9999 -9999 -9999 -9999 -9999 -9999 -9999 -9999 -9999 -9999 -9999 -9999 -9999 -9999 206 205 205 204 -9999 -9999 -9999 -9999 -9999 -9999 -9999 -9999 -9999 -9999 -9999 190 189 190 189 196 198 201 203 203 201 198 194 193 191 196 202 196 192 192 -9999 -9999 -9999 -9999 -9999 -9999 -9999 -9999 -9999 -9999 -9999 -9999 -9999 -9999 237 239 241 241 243 245 244 243 243 241 240 240 240 240 240 240 240 241 240 239
-9999 -9999 -9999 -9999 -9999 -9999 -9999 -9999 -9999 -9999 -9999 -9999 -9999 -9999 -9999 -9999 206 205 204 -9999 -9999 -9999 -9999 -9999 -9999 -9999 -9999 -9999 -9999 -9999 -9999 192 189 189 190 193 195 201 199 199 197 202 201 197 194 193 200 196 192 194 -9999 -9999 -9999 -9999 -9999 -9999 -9999 -9999 -9999 -9999 -9999 -9999 -9999 -9999 237 239 240 243 244 245 244 245 243 243 241 240 239 240 239 240 239 239 240 238
-9999 -9999 -9999 -9999 -9999 -9999 -9999 -9999 -9999 -9999 -9999 -9999 -9999 -9999 -9999 -9999 -9999 -9999 -9999 -9999 -9999 -9999 -9999 -9999 -9999 -9999 -9999 -9999 -9999 -9999 -9999 -9999 190 189 191 192 194 200 195 198 196 197 198 196 195 188 188 196 194 191 -9999 -9999 -9999 -9999 -9999 -9999 -9999 -9999 -9999 -9999 -9999 -9999 -9999 -9999 236 238 240 242 243 243 244 244 245 242 241 241 240 239 239 239 239 238 239 238
