invasiveSpecies/singleSpecies/data/worldclim_KE/worldclim_KE_2050_BC85_Bio11.asc
ncols         347
nrows         295
xllcorner     36.068012264173
yllcorner     0.13039239511974
cellsize      0.0083333333333333
NODATA_value  -9999
[rows 111 to 147 of 295, columns 168 to 251 of 347]
-9999 -9999 -9999 -9999 -9999 -9999 -9999 251 252 252 252 258 259 259 259 259 259 260 259 257 254 247 259 256 255 257 260 258 255 238 255 261 261 262 262 262 262 262 262 262 262 262 261 260 259 260 260 259 259 258 258 259 260 260 260 260 260 260 260 260 260 261 262 262 264 264 267 267 267 266 266 266 267 267 267 266 266 266 266 267 267 267 268 268
-9999 -9999 -9999 -9999 -9999 -9999 -9999 251 251 251 252 257 259 259 258 259 259 259 259 256 256 258 259 255 256 256 260 258 246 235 259 260 261 262 261 262 262 262 262 262 262 262 261 260 260 260 260 259 259 260 259 260 260 260 260 260 260 261 261 261 261 262 262 263 266 266 266 267 267 267 267 267 266 265 267 267 267 266 266 267 268 268 268 268
-9999 -9999 -9999 -9999 -9999 -9999 251 251 253 252 256 257 258 256 258 258 258 259 259 257 258 258 259 255 258 259 259 258 245 256 259 260 261 261 261 261 261 261 262 262 262 262 261 261 260 260 260 259 259 259 260 261 260 261 261 261 261 261 261 261 261 261 262 263 265 266 264 265 265 265 266 266 266 266 265 266 268 268 268 268 268 268 268 268
-9999 -9999 -9999 -9999 -9999 251 251 251 251 251 255 257 257 257 258 258 258 258 258 257 258 258 255 258 259 259 259 257 251 252 258 260 261 261 261 261 261 261 261 262 261 261 261 260 260 260 260 258 259 259 262 263 262 261 261 260 260 260 260 262 261 261 262 265 263 263 264 264 264 265 265 265 265 266 265 266 266 268 268 268 268 268 268 268
-9999 -9999 -9999 -9999 -9999 249 250 251 251 250 251 256 257 257 257 257 258 258 258 257 258 257 254 258 259 259 258 257 252 257 258 259 260 260 261 261 261 261 261 261 261 261 260 260 259 259 259 258 258 261 262 263 263 263 260 260 260 260 261 264 264 265 262 262 262 263 263 264 264 264 265 265 265 265 266 266 266 266 268 268 268 268 268 268
-9999 -9999 -9999 -9999 249 250 250 250 250 250 250 255 256 256 256 257 257 257 257 257 257 257 256 258 258 257 258 257 252 242 257 259 260 260 260 260 260 261 260 260 260 260 260 259 258 260 259 260 261 261 256 262 263 263 259 260 264 264 264 264 261 261 261 261 262 262 262 263 263 264 264 264 265 265 266 266 266 266 267 268 268 268 268 268
-9999 -9999 249 249 248 248 249 249 248 250 250 250 254 254 256 256 256 256 257 256 256 257 256 258 258 258 257 256 252 239 255 259 260 260 260 260 260 259 259 260 260 258 259 259 261 261 260 260 260 260 253 260 263 259 260 260 262 260 264 261 261 261 261 261 261 262 262 262 263 263 264 265 264 265 265 265 266 266 266 267 268 268 268 268
248 249 248 248 248 247 247 247 248 248 250 249 251 252 254 256 256 256 255 254 256 256 256 257 258 258 257 255 254 240 257 258 259 260 259 260 258 250 257 259 259 258 260 261 261 262 262 260 261 259 250 258 264 264 259 263 260 260 261 260 260 261 260 261 262 261 261 262 262 263 263 264 265 265 265 265 266 266 267 267 267 267 267 267
247 247 247 247 247 246 245 246 247 248 249 249 249 249 253 252 255 255 254 255 256 256 256 257 257 257 256 256 253 249 255 257 258 259 259 259 257 255 257 257 257 260 260 261 260 262 262 261 261 259 255 261 264 264 264 263 260 259 260 261 261 261 261 260 260 261 261 261 262 263 263 264 265 265 265 267 267 267 267 267 267 267 267 267
246 247 247 247 246 245 246 246 247 247 248 249 249 249 249 253 252 255 254 255 255 255 256 257 257 257 256 255 254 239 256 257 258 259 259 259 258 255 256 258 259 260 260 261 261 261 262 261 262 263 262 262 259 258 258 260 260 259 260 260 260 260 260 260 260 260 262 261 262 262 264 263 265 265 266 266 267 266 266 267 267 267 267 266
245 246 246 246 245 245 245 246 247 247 248 249 251 251 249 253 254 255 254 254 255 253 255 256 256 257 256 256 249 254 256 257 258 258 258 258 258 257 258 258 258 259 260 261 261 261 262 261 262 263 263 258 257 258 258 258 259 258 258 258 260 260 260 259 261 260 260 261 261 262 262 264 264 265 265 266 267 267 266 267 267 267 267 264
240 243 245 246 245 245 245 245 246 247 247 248 251 252 253 254 254 254 253 254 254 253 255 256 255 256 256 255 249 255 257 258 258 257 258 258 257 258 258 258 259 259 260 261 261 261 261 262 261 261 258 257 258 258 257 258 258 258 258 259 259 260 260 260 259 261 261 261 260 261 261 262 262 263 264 265 265 266 267 267 267 267 267 263
238 242 244 245 244 244 244 244 245 245 246 247 250 252 253 248 252 253 252 253 253 253 255 255 255 255 255 255 250 256 257 258 258 257 258 257 257 257 257 258 258 259 260 261 261 261 261 261 262 262 257 257 257 257 258 257 258 257 257 257 258 258 259 260 260 261 260 260 261 260 261 261 262 264 264 265 266 267 266 268 267 267 265 263
221 237 243 244 243 244 244 244 244 245 245 246 250 252 251 247 248 252 252 253 253 253 254 255 255 255 255 255 256 256 257 257 257 256 257 257 257 257 258 258 258 259 260 261 260 261 261 261 261 258 257 257 257 257 257 257 257 257 257 257 257 258 259 260 260 261 260 261 260 260 260 261 263 262 264 266 266 267 266 266 266 267 263 264
227 224 241 243 242 243 243 244 245 245 245 244 246 250 250 247 250 251 252 252 252 253 254 254 254 255 255 256 255 256 257 257 257 256 257 257 257 257 257 259 259 260 260 260 261 261 261 261 261 258 256 256 256 258 257 256 255 256 256 256 257 257 258 259 259 261 260 259 259 260 260 261 261 262 263 266 265 267 266 266 266 266 262 262
238 237 239 242 242 241 242 242 243 244 244 245 245 246 248 247 250 251 251 251 252 253 253 254 254 254 255 255 253 256 257 257 256 256 256 257 257 257 258 258 259 260 259 259 260 261 261 261 258 257 257 256 256 257 256 254 254 255 256 256 256 257 258 258 259 260 259 259 259 260 260 260 262 266 263 267 265 266 266 266 267 262 263 262
240 242 242 242 241 240 241 242 242 243 244 243 245 245 244 246 249 250 250 250 252 252 253 253 254 254 255 255 254 256 257 256 255 256 256 257 257 257 258 258 259 259 259 259 260 261 261 262 260 261 258 257 257 257 256 254 253 254 255 255 256 257 257 258 259 259 259 258 258 259 259 260 261 266 265 267 267 267 267 266 261 261 262 262
244 244 242 242 241 239 239 241 242 243 243 243 244 244 243 243 244 245 250 251 251 252 253 254 254 254 254 254 255 255 256 256 254 255 255 256 256 257 257 258 258 259 260 260 261 261 261 262 262 261 258 258 257 257 256 254 255 254 255 255 256 257 257 257 259 259 258 258 258 258 259 260 263 266 265 267 267 267 267 266 262 262 262 263
245 244 243 242 241 239 240 241 241 242 242 242 243 243 243 243 244 244 244 245 251 252 252 253 253 253 254 254 255 255 256 256 254 255 253 254 256 256 257 257 258 258 259 260 260 260 259 262 262 262 263 263 263 262 256 256 256 255 255 255 256 257 258 258 258 258 259 259 265 265 266 266 266 266 265 266 267 267 267 261 261 262 262 261
245 244 243 242 241 240 240 241 241 242 242 241 242 243 243 244 243 245 245 245 250 251 252 253 253 253 254 254 255 255 255 255 255 254 254 255 256 256 257 257 258 258 259 260 260 261 261 262 262 262 263 263 262 262 262 257 256 255 256 256 257 257 262 258 259 264 265 264 265 265 265 265 260 265 265 266 267 267 267 260 260 261 262 262
246 244 243 243 243 242 242 241 242 242 242 242 242 243 243 244 244 245 245 246 249 252 252 253 253 252 253 254 254 255 255 255 254 254 255 255 256 256 256 257 257 258 259 259 259 261 261 261 261 261 262 262 262 262 262 260 258 258 257 257 265 265 264 265 265 265 262 261 260 259 258 259 260 266 266 266 266 266 260 260 260 260 261 261
245 244 244 244 242 243 243 243 243 243 242 241 242 243 244 244 245 244 247 250 251 252 253 254 253 253 253 254 254 255 255 255 254 254 251 252 252 256 256 257 257 257 258 259 259 260 261 261 261 261 262 262 262 262 262 263 263 263 263 263 264 265 264 265 265 260 260 259 259 259 258 259 259 265 266 266 266 265 259 260 260 260 264 270
247 245 245 244 244 244 244 244 244 244 242 241 242 243 244 245 245 244 249 248 251 252 253 254 253 253 254 254 254 255 256 255 251 251 251 252 254 256 257 257 258 259 259 259 260 260 262 261 261 261 262 262 262 263 262 263 263 263 263 263 264 265 265 265 265 265 265 258 258 258 258 259 264 265 265 266 266 265 265 259 259 269 269 270
247 247 245 245 244 244 244 244 245 245 244 241 242 244 244 245 246 249 249 245 251 252 252 254 254 253 254 255 255 255 256 256 255 251 251 252 256 256 257 258 257 258 259 260 260 261 262 262 261 262 262 262 262 262 262 263 263 263 263 263 263 263 264 265 264 265 264 264 258 259 259 258 264 261 265 265 265 258 261 259 259 268 269 269
247 246 245 245 244 244 243 245 245 244 243 242 243 243 244 245 245 250 250 250 252 253 254 254 254 254 254 254 255 256 256 256 256 252 252 252 253 253 256 257 259 259 259 260 261 261 261 260 261 261 263 262 262 262 262 262 262 263 263 263 263 263 263 264 265 264 264 264 263 257 257 259 257 258 264 265 264 258 258 258 258 258 264 269
247 246 245 246 245 244 245 247 245 245 244 244 244 244 245 245 245 250 251 252 252 253 253 254 254 255 254 255 255 256 256 257 256 255 253 253 253 253 254 255 259 260 260 260 261 261 261 261 261 261 262 262 262 262 262 262 262 263 263 263 263 264 264 263 263 264 264 264 264 257 257 258 257 257 264 264 263 258 258 257 256 257 259 267
245 245 245 247 247 245 247 248 246 245 245 246 245 244 245 246 251 251 252 252 253 253 254 254 255 255 255 255 255 256 256 257 257 256 256 256 257 258 255 255 256 259 260 260 261 261 261 260 261 260 262 262 261 261 261 260 262 262 262 262 262 263 264 264 264 264 263 263 263 263 258 256 257 256 257 257 257 257 257 256 254 256 258 266
244 244 245 246 247 248 248 248 247 246 245 245 244 244 245 246 247 251 252 253 253 253 255 255 255 255 256 256 256 256 256 257 257 256 257 257 258 258 258 258 256 258 259 260 261 261 260 260 260 260 261 261 261 261 257 258 261 262 262 262 262 262 262 263 263 262 262 264 264 263 257 257 257 256 256 257 257 257 256 254 254 254 256 261
246 245 245 246 246 247 248 250 246 245 246 245 244 246 246 247 247 251 252 253 253 254 254 255 255 256 256 256 256 257 257 257 258 257 257 258 258 258 258 259 256 258 260 260 260 261 260 259 261 260 261 260 258 261 257 258 261 261 261 261 262 261 261 262 262 263 263 263 262 263 263 257 257 256 259 257 257 256 256 255 254 255 256 257
250 245 246 246 245 246 246 249 247 247 245 243 245 245 247 246 248 248 251 252 253 253 253 254 254 255 256 257 257 257 257 258 258 257 258 258 258 259 259 260 260 260 260 260 260 261 259 261 261 262 262 257 260 256 256 259 260 261 261 261 261 260 260 261 261 261 262 262 263 262 262 262 260 263 263 263 257 256 256 255 255 256 257 258
250 250 251 246 246 246 246 246 250 248 247 248 246 246 248 246 248 247 248 251 252 249 256 256 254 256 257 257 257 257 257 258 258 258 258 258 259 259 259 259 259 260 260 260 260 259 261 262 262 262 261 257 260 256 255 259 261 260 261 261 260 260 260 260 259 260 261 262 261 262 263 262 263 263 263 263 260 256 256 256 256 257 261 267
251 251 251 252 250 252 251 246 249 251 251 251 248 248 248 248 250 251 253 254 255 256 256 256 256 257 257 257 257 257 258 258 259 258 258 258 259 259 259 259 259 259 259 259 260 259 261 261 259 255 256 256 255 255 255 259 260 260 260 260 260 259 260 260 259 260 261 261 262 262 262 262 262 262 263 263 264 256 257 257 257 258 262 267
251 251 251 252 251 252 252 251 251 253 254 254 248 249 248 250 250 251 251 252 252 256 256 256 257 257 257 256 257 257 257 257 258 258 257 258 258 258 258 258 258 259 259 259 260 261 261 258 258 255 255 254 254 255 255 258 259 259 260 260 259 259 259 259 259 260 260 260 261 262 261 263 263 261 261 262 264 264 258 257 265 258 259 260
251 250 251 252 251 251 253 252 252 252 253 254 254 248 249 255 253 250 256 256 256 255 256 256 256 256 256 255 256 257 257 257 258 258 257 257 258 258 258 258 258 257 260 260 259 260 258 257 254 254 255 254 254 255 254 257 259 254 260 259 259 258 259 259 259 259 259 260 260 261 262 261 261 257 257 263 264 264 264 265 266 266 266 267
250 250 251 250 250 251 251 251 251 252 251 252 253 254 254 254 255 255 255 256 253 255 251 256 256 256 255 255 256 256 257 257 257 257 257 256 257 257 257 258 257 257 258 261 260 260 259 255 254 254 255 253 253 254 254 258 258 258 259 259 258 258 258 258 258 258 259 260 260 261 261 261 261 260 257 262 263 264 265 265 266 266 266 267
249 250 250 250 250 250 250 251 251 252 251 252 253 255 255 253 255 255 255 254 251 250 250 257 255 255 253 254 255 256 256 257 257 256 256 256 256 257 257 258 257 258 258 260 258 255 253 253 253 254 253 253 253 253 255 257 256 256 259 258 258 258 258 258 258 258 258 259 259 260 261 258 256 258 257 257 257 264 263 265 265 260 267 267
248 249 249 250 249 250 250 251 250 252 252 251 251 255 254 253 252 254 249 249 250 253 255 255 256 254 254 254 256 255 256 256 256 256 256 255 255 256 257 257 257 257 259 260 258 251 252 253 252 253 253 253 253 254 256 256 256 258 259 258 258 257 257 257 258 258 258 259 259 260 256 256 256 257 256 256 258 260 264 264 260 266 267 267
