invasiveSpecies/singleSpecies/data/worldclim_KE/worldclim_KE_2050_BC85_Bio5.asc
ncols         347
nrows         295
xllcorner     36.068012264173
yllcorner     0.13039239511974
cellsize      0.0083333333333333
NODATA_value  -9999
[rows 222 to 258 of 295, columns 84 to 167 of 347]
-9999 -9999 -9999 -9999 -9999 -9999 -9999 -9999 -9999 -9999 -9999 -9999 -9999 -9999 -9999 -9999 -9999 -9999 -9999 -9999 -9999 -9999 -9999 -9999 -9999 -9999 -9999 -9999 -9999 -9999 -9999 -9999 -9999 -9999 -9999 -9999 -9999 -9999 -9999 -9999 -9999 -9999 -9999 -9999 -9999 -9999 -9999 -9999 -9999 -9999 -9999 -9999 -9999 349 351 350 350 350 350 351 352 353 353 352 351 350 349 348 348 346 346 347 347 348 349 349 349 349 349 349 348 348 336 337
-9999 -9999 -9999 -9999 -9999 -9999 -9999 -9999 -9999 -9999 -9999 -9999 -9999 -9999 -9999 -9999 -9999 -9999 -9999 -9999 -9999 -9999 -9999 -9999 -9999 -9999 -9999 -9999 -9999 -9999 -9999 -9999 -9999 -9999 -9999 -9999 -9999 -9999 -9999 -9999 -9999 -9999 -9999 -9999 -9999 -9999 -9999 -9999 -9999 -9999 -9999 -9999 -9999 348 350 349 349 349 349 350 350 352 353 353 352 351 350 348 348 347 346 346 346 347 348 349 349 350 349 349 346 334 332 336
-9999 -9999 -9999 -9999 -9999 -9999 -9999 -9999 -9999 -9999 -9999 -9999 -9999 -9999 -9999 -9999 -9999 -9999 -9999 -9999 -9999 -9999 -9999 -9999 -9999 -9999 -9999 -9999 -9999 -9999 -9999 -9999 -9999 -9999 -9999 -9999 -9999 -9999 -9999 -9999 -9999 -9999 -9999 -9999 -9999 -9999 -9999 -9999 -9999 -9999 -9999 -9999 -9999 346 348 347 347 347 348 349 350 351 352 353 352 352 352 351 349 347 347 346 345 346 347 348 349 350 350 345 344 334 326 333
-9999 -9999 -9999 -9999 -9999 -9999 -9999 -9999 -9999 -9999 -9999 -9999 -9999 -9999 -9999 -9999 -9999 -9999 -9999 -9999 -9999 -9999 -9999 -9999 -9999 -9999 -9999 -9999 -9999 -9999 -9999 -9999 -9999 -9999 -9999 -9999 -9999 -9999 -9999 -9999 -9999 -9999 -9999 -9999 -9999 -9999 -9999 -9999 -9999 -9999 -9999 -9999 -9999 345 345 346 346 346 348 349 350 351 351 353 354 352 351 350 349 348 348 348 347 347 342 347 348 349 349 343 338 334 334 332
-9999 -9999 -9999 -9999 -9999 -9999 -9999 -9999 -9999 -9999 -9999 -9999 -9999 -9999 -9999 -9999 -9999 -9999 -9999 -9999 -9999 -9999 -9999 -9999 -9999 -9999 -9999 -9999 -9999 -9999 -9999 -9999 -9999 -9999 -9999 -9999 -9999 -9999 -9999 -9999 -9999 -9999 -9999 -9999 -9999 -9999 -9999 -9999 -9999 -9999 -9999 -9999 -9999 345 343 345 345 345 347 349 349 349 352 353 354 353 351 350 350 349 350 348 348 347 340 345 348 349 349 340 332 338 341 338
299 301 301 300 -9999 -9999 -9999 -9999 -9999 -9999 -9999 -9999 -9999 -9999 -9999 -9999 -9999 -9999 -9999 -9999 -9999 -9999 -9999 -9999 -9999 -9999 -9999 -9999 -9999 -9999 -9999 -9999 -9999 -9999 -9999 -9999 -9999 -9999 -9999 -9999 -9999 -9999 -9999 -9999 -9999 -9999 -9999 -9999 -9999 -9999 -9999 -9999 344 345 344 344 345 346 347 347 347 347 350 353 353 355 352 351 351 350 349 349 349 347 345 345 347 347 348 347 345 344 345 346
300 303 301 303 302 302 305 304 -9999 -9999 -9999 -9999 -9999 -9999 -9999 -9999 -9999 -9999 -9999 -9999 -9999 -9999 -9999 -9999 -9999 -9999 -9999 -9999 -9999 -9999 -9999 -9999 -9999 -9999 -9999 -9999 -9999 -9999 -9999 -9999 -9999 -9999 -9999 -9999 -9999 -9999 -9999 -9999 -9999 -9999 -9999 344 344 344 344 344 344 345 346 347 346 348 349 352 353 355 353 352 352 350 351 351 349 349 347 342 344 347 348 347 342 342 343 344
302 301 302 302 302 302 304 305 305 303 -9999 -9999 -9999 -9999 -9999 -9999 -9999 -9999 -9999 -9999 -9999 -9999 -9999 -9999 -9999 -9999 -9999 -9999 -9999 -9999 -9999 -9999 -9999 -9999 -9999 -9999 -9999 -9999 -9999 -9999 -9999 -9999 -9999 -9999 -9999 -9999 -9999 -9999 -9999 -9999 -9999 344 343 344 344 342 344 345 347 348 349 351 352 352 353 354 355 353 353 351 351 351 350 348 345 337 342 345 348 349 347 339 335 341
300 300 302 302 303 302 302 305 306 304 -9999 -9999 -9999 -9999 -9999 -9999 -9999 -9999 -9999 -9999 -9999 -9999 -9999 -9999 -9999 -9999 -9999 -9999 -9999 -9999 -9999 -9999 -9999 -9999 -9999 -9999 -9999 -9999 -9999 -9999 -9999 -9999 -9999 -9999 -9999 -9999 -9999 -9999 -9999 -9999 344 344 343 344 344 344 345 346 347 348 349 350 351 352 352 353 355 354 353 351 352 351 351 350 346 334 338 346 348 348 347 337 334 336
301 300 301 303 303 303 303 306 306 304 302 -9999 -9999 -9999 -9999 -9999 -9999 -9999 -9999 -9999 -9999 -9999 -9999 -9999 -9999 -9999 -9999 -9999 -9999 -9999 -9999 -9999 -9999 -9999 -9999 -9999 -9999 -9999 -9999 -9999 -9999 -9999 -9999 -9999 -9999 -9999 -9999 -9999 -9999 343 344 343 343 343 345 346 347 346 347 347 348 349 350 351 352 353 354 355 354 351 352 352 351 350 349 345 327 347 349 350 348 342 341 345
301 301 302 303 303 303 302 303 306 304 302 302 -9999 -9999 -9999 -9999 -9999 -9999 -9999 -9999 -9999 -9999 -9999 -9999 -9999 -9999 -9999 -9999 -9999 -9999 -9999 -9999 -9999 -9999 -9999 -9999 -9999 -9999 -9999 -9999 -9999 -9999 -9999 -9999 -9999 -9999 -9999 -9999 -9999 343 342 343 343 345 345 346 346 347 347 347 348 349 351 351 352 353 354 356 355 353 353 353 352 351 349 348 345 342 348 348 349 346 340 347
301 302 303 303 303 302 303 304 305 307 305 308 -9999 -9999 -9999 -9999 -9999 -9999 -9999 -9999 -9999 -9999 -9999 -9999 -9999 -9999 -9999 -9999 -9999 -9999 -9999 -9999 -9999 -9999 -9999 -9999 -9999 -9999 -9999 -9999 -9999 -9999 -9999 -9999 -9999 -9999 -9999 -9999 342 342 343 344 345 346 346 346 347 348 348 349 350 350 351 352 353 354 355 355 356 355 354 353 353 352 352 349 349 347 350 350 351 350 343 351
301 302 303 303 303 303 305 308 308 310 305 307 308 -9999 -9999 -9999 -9999 -9999 -9999 -9999 -9999 -9999 -9999 -9999 -9999 -9999 -9999 -9999 -9999 -9999 -9999 -9999 -9999 -9999 -9999 -9999 -9999 -9999 -9999 -9999 -9999 -9999 -9999 -9999 -9999 -9999 -9999 341 342 342 344 345 346 346 346 347 348 348 349 349 350 350 351 352 353 354 354 355 356 356 355 354 353 352 352 351 351 350 352 352 352 352 341 351
302 302 303 303 304 303 303 309 309 310 313 309 -9999 -9999 -9999 -9999 -9999 -9999 -9999 -9999 -9999 -9999 -9999 -9999 -9999 -9999 -9999 -9999 -9999 -9999 -9999 -9999 -9999 -9999 -9999 -9999 -9999 -9999 -9999 -9999 -9999 -9999 -9999 -9999 -9999 -9999 -9999 341 342 344 345 346 347 347 347 347 348 349 350 350 351 352 352 352 354 354 355 355 355 356 355 354 353 353 353 353 352 350 352 353 353 353 353 354
302 303 304 304 304 304 307 310 311 312 313 311 306 -9999 -9999 -9999 -9999 -9999 -9999 -9999 -9999 -9999 -9999 -9999 -9999 -9999 -9999 -9999 -9999 -9999 -9999 -9999 -9999 -9999 -9999 -9999 -9999 -9999 -9999 -9999 -9999 -9999 -9999 -9999 -9999 -9999 340 340 342 344 346 347 347 347 347 348 349 349 350 351 352 353 353 354 355 355 355 354 354 355 357 355 354 354 353 354 353 353 353 354 354 354 353 354
302 302 303 304 303 304 308 308 310 311 313 312 -9999 -9999 -9999 -9999 -9999 -9999 -9999 -9999 -9999 -9999 -9999 -9999 -9999 -9999 -9999 -9999 -9999 -9999 -9999 -9999 -9999 -9999 -9999 -9999 -9999 -9999 -9999 -9999 -9999 -9999 -9999 -9999 -9999 -9999 340 340 343 345 346 347 348 347 348 348 350 350 351 352 353 352 353 354 352 354 353 354 355 355 357 355 354 355 354 354 354 354 353 355 355 353 355 354
300 301 302 303 302 303 306 305 310 312 314 314 -9999 -9999 -9999 -9999 -9999 -9999 -9999 -9999 -9999 -9999 -9999 -9999 -9999 -9999 -9999 -9999 -9999 -9999 -9999 -9999 -9999 -9999 -9999 -9999 -9999 333 332 334 335 336 336 -9999 338 339 340 342 343 345 345 346 347 349 348 349 350 350 351 351 350 351 352 352 352 353 353 353 354 355 357 356 355 355 355 355 356 355 355 355 355 355 355 357
297 298 301 301 301 303 305 306 311 313 313 315 -9999 -9999 -9999 -9999 -9999 -9999 -9999 -9999 -9999 -9999 -9999 -9999 -9999 -9999 -9999 -9999 -9999 -9999 -9999 -9999 -9999 -9999 -9999 329 330 332 333 333 334 336 337 338 338 339 339 342 344 345 344 346 347 347 348 350 350 350 350 349 346 349 350 351 352 352 353 354 354 356 357 357 356 356 356 356 356 356 356 356 356 355 357 357
298 297 300 301 302 303 306 310 312 312 312 314 -9999 -9999 -9999 -9999 -9999 -9999 -9999 -9999 -9999 -9999 -9999 -9999 -9999 -9999 -9999 -9999 -9999 -9999 -9999 -9999 -9999 -9999 327 327 328 332 331 333 334 336 337 338 339 339 342 343 344 343 344 346 348 348 349 349 350 349 349 348 339 344 349 350 352 353 353 353 354 356 357 357 358 357 357 357 358 358 356 358 358 356 357 358
298 299 298 300 300 301 305 309 311 311 311 313 -9999 -9999 -9999 -9999 -9999 -9999 -9999 -9999 -9999 -9999 -9999 -9999 -9999 -9999 -9999 -9999 -9999 -9999 -9999 -9999 -9999 -9999 325 324 323 328 329 332 333 335 337 338 339 341 343 343 343 342 345 345 347 348 349 348 350 349 348 346 336 338 348 350 350 353 353 354 354 356 356 357 357 358 358 359 359 359 357 358 358 357 358 358
298 299 300 301 301 302 303 310 311 311 312 314 -9999 -9999 -9999 -9999 -9999 -9999 -9999 -9999 -9999 -9999 -9999 -9999 -9999 -9999 -9999 -9999 -9999 -9999 -9999 -9999 -9999 -9999 316 312 317 327 328 332 334 334 337 337 340 341 342 342 342 342 343 345 347 347 348 347 350 348 348 347 343 344 346 348 349 353 354 354 355 356 355 352 353 356 358 358 356 356 354 357 356 353 354 356
299 300 301 302 304 306 307 311 310 311 312 314 314 313 312 311 311 311 309 -9999 -9999 -9999 -9999 -9999 -9999 -9999 -9999 -9999 -9999 -9999 -9999 -9999 -9999 -9999 323 310 310 325 327 319 332 334 336 338 339 340 341 341 340 341 341 345 346 347 347 348 348 348 346 345 343 344 346 349 350 353 353 354 355 355 352 352 353 352 355 358 357 354 353 353 353 353 354 356
300 300 301 302 305 303 302 308 306 311 312 314 312 312 313 312 311 310 309 309 309 309 309 307 307 306 306 -9999 -9999 -9999 -9999 -9999 -9999 -9999 311 307 309 321 326 307 330 333 333 337 339 342 340 340 339 341 343 344 345 346 347 348 349 343 328 343 340 337 347 348 350 352 353 354 355 354 353 354 355 356 358 355 357 356 353 353 353 353 353 353
-9999 -9999 -9999 -9999 304 303 302 304 303 309 313 313 312 311 313 312 311 311 310 310 309 309 309 308 308 308 306 304 300 299 297 300 301 307 307 299 300 306 314 309 325 331 330 326 340 341 335 337 338 340 342 344 344 345 346 348 348 349 312 312 328 336 345 347 349 351 353 354 354 352 353 356 356 357 356 355 356 355 352 352 353 353 353 353
-9999 -9999 -9999 -9999 -9999 -9999 304 303 303 304 310 315 313 311 312 311 311 310 310 309 308 307 307 308 307 307 304 303 301 299 298 297 302 307 304 299 302 304 310 310 321 330 331 335 340 337 330 336 339 342 342 343 344 344 345 346 349 349 315 310 319 338 344 346 349 350 352 353 352 352 352 356 356 357 356 355 355 354 352 352 353 354 355 355
-9999 -9999 -9999 -9999 -9999 -9999 -9999 309 306 308 311 313 313 311 311 311 310 310 309 308 306 307 307 304 306 306 305 305 303 300 299 295 299 301 302 300 300 305 313 307 310 335 337 338 337 311 332 336 338 340 342 342 343 343 343 345 347 322 313 299 309 336 342 344 347 347 351 353 352 352 352 356 356 357 355 353 355 354 352 352 354 354 355 354
-9999 -9999 -9999 -9999 -9999 -9999 -9999 310 311 311 314 -9999 313 311 310 311 311 310 309 308 306 307 307 304 304 306 305 304 301 299 299 297 299 301 301 301 301 306 303 308 308 337 334 333 335 311 331 334 339 341 341 342 342 339 342 345 347 330 305 300 322 332 327 328 345 348 352 353 352 352 354 355 356 356 355 353 354 356 352 353 353 353 354 354
-9999 -9999 -9999 -9999 -9999 -9999 -9999 -9999 -9999 313 -9999 -9999 -9999 312 311 309 310 310 309 308 307 307 307 305 305 305 305 304 300 299 300 298 295 299 300 297 298 301 301 308 311 330 330 317 312 304 315 335 339 339 340 340 339 332 341 347 348 334 -9999 -9999 342 342 340 340 347 350 352 353 352 355 353 356 356 354 353 352 354 354 353 353 354 353 354 354
-9999 -9999 -9999 -9999 -9999 -9999 -9999 -9999 -9999 -9999 -9999 -9999 -9999 313 311 310 309 309 309 309 309 309 307 306 306 303 304 304 301 301 300 298 295 297 297 301 302 301 304 310 305 316 331 318 313 303 311 333 338 338 340 340 332 337 340 347 347 -9999 -9999 -9999 -9999 345 346 348 348 351 352 353 354 352 355 357 356 355 353 353 354 355 353 353 353 352 353 354
-9999 -9999 -9999 -9999 -9999 -9999 -9999 -9999 -9999 -9999 -9999 -9999 -9999 -9999 312 311 310 311 310 310 309 309 307 307 305 303 303 303 302 303 301 298 296 298 300 303 304 304 305 312 305 310 323 318 299 303 325 337 337 338 339 337 317 329 339 -9999 -9999 -9999 -9999 -9999 -9999 -9999 347 348 349 351 352 353 351 352 355 355 355 353 352 352 353 353 352 353 351 351 353 354
-9999 -9999 -9999 -9999 -9999 -9999 -9999 -9999 -9999 -9999 -9999 -9999 -9999 -9999 313 312 312 311 309 308 308 309 309 308 305 305 304 304 304 303 302 300 299 297 298 296 299 305 307 313 310 321 321 311 307 313 330 335 335 335 338 338 329 322 -9999 -9999 -9999 -9999 -9999 -9999 -9999 -9999 -9999 348 350 351 352 351 351 354 355 355 354 352 352 352 352 353 352 351 351 352 353 354
-9999 -9999 -9999 -9999 -9999 -9999 -9999 -9999 -9999 -9999 -9999 -9999 -9999 -9999 -9999 312 311 310 309 307 307 307 306 307 308 305 305 303 303 302 300 300 299 299 298 299 302 302 309 316 310 312 315 304 311 316 316 319 329 325 330 337 327 -9999 -9999 -9999 -9999 -9999 -9999 -9999 -9999 -9999 -9999 348 350 350 352 352 352 353 355 355 354 352 352 351 352 353 352 351 351 353 353 352
-9999 -9999 -9999 -9999 -9999 -9999 -9999 -9999 -9999 -9999 -9999 -9999 -9999 -9999 -9999 313 311 310 309 308 307 306 306 -9999 307 306 304 303 302 300 300 298 299 300 301 303 306 306 309 314 308 302 308 302 305 314 305 306 313 314 323 -9999 -9999 -9999 -9999 -9999 -9999 -9999 -9999 -9999 -9999 -9999 -9999 347 349 350 351 351 350 354 354 355 354 353 352 351 352 352 351 351 351 353 352 352
-9999 -9999 -9999 -9999 -9999 -9999 -9999 -9999 -9999 -9999 -9999 -9999 -9999 -9999 -9999 313 311 310 309 308 307 307 -9999 -9999 -9999 -9999 -9999 -9999 -9999 -9999 299 298 299 300 301 305 308 309 309 309 308 302 303 304 302 305 313 301 304 304 -9999 -9999 -9999 -9999 -9999 -9999 -9999 -9999 -9999 -9999 -9999 -9999 -9999 -9999 349 351 351 350 351 350 354 354 353 351 351 351 351 351 350 351 351 352 352 352
-9999 -9999 -9999 -9999 -9999 -9999 -9999 -9999 -9999 -9999 -9999 -9999 -9999 -9999 -9999 -9999 312 311 310 309 -9999 -9999 -9999 -9999 -9999 -9999 -9999 -9999 -9999 -9999 -9999 298 298 297 298 304 306 310 312 312 311 307 302 301 298 304 311 304 299 299 -9999 -9999 -9999 -9999 -9999 -9999 -9999 -9999 -9999 -9999 -9999 -9999 -9999 -9999 347 350 350 350 353 353 354 354 354 351 351 351 350 351 350 350 351 351 351 348
-9999 -9999 -9999 -9999 -9999 -9999 -9999 -9999 -9999 -9999 -9999 -9999 -9999 -9999 -9999 -9999 311 311 309 -9999 -9999 -9999 -9999 -9999 -9999 -9999 -9999 -9999 -9999 -9999 -9999 300 298 296 299 301 304 310 307 308 306 310 310 304 301 300 309 304 299 301 -9999 -9999 -9999 -9999 -9999 -9999 -9999 -9999 -9999 -9999 -9999 -9999 -9999 -9999 347 349 351 354 352 353 353 354 354 353 351 351 350 350 350 350 350 350 351 349
-9999 -9999 -9999 -9999 -9999 -9999 -9999 -9999 -9999 -9999 -9999 -9999 -9999 -9999 -9999 -9999 -9999 -9999 -9999 -9999 -9999 -9999 -9999 -9999 -9999 -9999 -9999 -9999 -9999 -9999 -9999 -9999 298 297 299 300 302 308 304 306 304 305 307 305 302 295 295 304 302 298 -9999 -9999 -9999 -9999 -9999 -9999 -9999 -9999 -9999 -9999 -9999 -9999 -9999 -9999 346 348 349 351 352 352 353 352 353 353 351 351 350 350 350 350 350 349 349 349
