invasiveSpecies/singleSpecies/data/worldclim_KE/worldclim_KE_2050_BC26_Bio8.asc
ncols         347
nrows         295
xllcorner     36.068012264173
yllcorner     0.13039239511974
cellsize      0.0083333333333333
NODATA_value  -9999
[rows 185 to 221 of 295, columns 168 to 251 of 347]
254 253 253 254 255 256 256 257 257 258 258 257 258 258 258 258 258 257 258 258 257 255 255 254 257 258 259 259 260 249 248 247 248 248 248 247 247 246 246 246 246 247 248 247 248 248 249 250 250 251 251 252 252 252 253 252 252 252 252 253 254 254 255 255 255 255 255 255 256 256 256 256 256 257 257 258 258 258 259 259 259 260 261 260
254 253 253 254 255 255 256 256 257 258 257 257 258 258 258 258 257 257 257 257 254 254 254 254 257 258 259 248 249 248 247 247 247 248 248 248 247 246 246 246 247 247 247 247 248 248 250 250 251 251 252 252 252 252 252 252 251 252 252 253 254 254 254 255 255 254 254 255 255 256 255 256 256 257 257 256 257 258 258 258 259 259 260 259
254 253 253 254 254 254 254 256 257 257 257 256 257 258 258 257 258 257 253 253 253 253 253 253 257 258 247 249 248 248 248 246 246 248 248 248 247 246 246 245 246 247 247 247 248 249 250 250 251 251 252 252 251 252 251 252 252 252 253 253 253 254 254 255 254 254 254 255 255 255 255 255 256 256 257 257 257 257 258 258 258 258 259 259
253 252 252 253 252 252 254 256 257 257 256 256 257 257 257 258 257 257 253 253 252 252 241 241 242 246 247 248 248 248 248 246 247 247 247 248 248 247 246 246 247 247 247 248 248 249 250 250 251 251 251 251 252 251 251 251 251 252 252 253 253 253 254 254 253 253 254 255 255 254 254 255 255 256 256 256 257 258 257 256 258 258 259 258
251 251 251 249 251 249 254 255 256 256 256 256 256 257 256 256 257 255 254 253 252 252 240 241 241 246 247 248 248 247 247 247 246 246 246 247 247 247 246 246 247 247 247 247 248 249 249 250 250 250 250 251 251 251 251 250 251 252 252 253 253 253 254 254 253 253 254 254 254 254 254 255 255 256 256 256 257 257 256 256 258 258 257 257
250 249 241 246 246 249 252 254 256 256 256 256 256 256 255 256 256 256 255 255 241 253 240 241 241 246 247 247 248 246 247 246 246 246 246 247 247 247 246 246 246 247 247 248 248 249 249 250 250 250 250 251 250 251 251 250 251 252 252 253 253 253 253 253 253 252 253 253 254 254 254 254 254 255 255 255 256 256 256 256 257 257 256 257
249 248 227 224 248 250 252 254 255 255 255 255 254 255 255 256 256 256 256 255 253 241 241 241 242 246 247 247 247 247 246 246 246 245 246 246 246 246 245 246 246 244 244 247 249 249 249 249 249 250 250 250 251 251 251 249 249 252 251 253 253 253 253 252 252 252 253 253 254 254 255 255 255 255 255 256 255 256 256 257 258 258 259 258
246 246 245 228 241 251 253 254 255 255 255 255 254 254 255 255 256 256 255 255 254 241 241 242 242 245 246 247 247 247 246 246 245 245 246 246 246 246 245 246 247 247 247 248 248 249 249 249 249 249 250 250 251 251 250 250 250 251 252 252 253 253 252 252 252 253 253 253 254 255 255 255 255 256 255 256 256 256 257 258 258 259 259 259
242 244 244 244 249 251 253 254 255 255 254 254 254 253 255 255 256 255 255 255 243 242 242 242 242 242 246 246 247 247 245 245 245 245 245 245 245 245 246 246 247 247 247 247 248 248 249 248 249 249 250 250 250 250 249 250 251 251 251 252 253 253 252 252 253 253 253 253 254 254 255 255 256 256 256 256 257 257 256 258 259 259 260 260
225 241 242 242 250 252 253 254 254 255 254 254 254 253 254 255 255 256 255 242 242 242 242 242 242 237 245 246 247 247 246 245 244 244 245 244 245 245 245 246 247 247 247 247 248 248 248 248 249 249 250 250 250 250 249 249 250 251 251 252 252 252 251 252 253 253 253 254 253 254 255 255 256 256 256 256 256 257 257 258 258 259 259 259
230 224 240 235 249 252 253 253 254 254 254 254 253 253 254 254 255 255 243 241 242 242 243 241 239 243 245 246 246 246 245 245 244 244 244 244 244 245 246 246 247 246 247 247 248 247 248 249 249 249 250 250 250 250 249 249 250 251 251 251 252 252 253 252 253 253 254 254 254 255 255 255 256 256 257 257 257 258 258 258 259 258 259 259
237 220 230 245 250 252 253 254 254 254 254 253 253 253 253 254 255 243 243 242 243 243 244 242 243 245 246 246 246 246 245 244 243 240 243 244 244 244 245 246 246 246 247 247 247 247 248 249 249 249 249 249 250 250 249 249 250 251 251 252 252 253 252 252 253 253 254 255 255 255 256 255 256 256 257 257 257 258 258 258 258 258 259 260
246 247 247 248 250 252 253 253 253 253 253 253 252 252 253 253 254 242 243 243 243 244 244 245 245 246 246 246 246 246 245 245 243 242 242 241 241 241 245 245 246 246 246 247 247 247 248 248 249 249 249 249 249 249 249 249 250 251 252 252 253 253 253 253 253 253 254 254 255 255 256 256 256 257 257 257 257 258 257 258 259 259 259 259
249 249 250 251 251 252 252 253 253 253 253 253 252 253 242 254 242 243 243 243 244 244 245 245 245 246 246 245 245 245 245 244 243 243 242 235 242 244 244 245 245 246 246 247 247 248 248 248 249 248 249 249 249 249 249 250 250 251 251 252 252 252 253 253 254 254 254 255 255 255 256 256 256 256 257 257 257 257 257 257 258 258 258 258
249 250 250 250 251 248 249 251 251 252 252 253 252 253 242 242 243 243 243 244 244 245 245 245 245 245 245 245 245 245 245 244 243 243 242 242 243 244 244 244 245 246 246 246 247 247 248 248 248 248 248 248 248 249 249 250 250 251 251 252 252 252 252 253 254 254 254 255 255 256 255 255 256 257 256 257 255 256 257 258 258 257 258 258
248 249 249 248 238 237 247 250 251 251 252 252 252 253 242 242 243 243 243 244 244 244 245 245 245 245 244 245 245 244 244 244 243 243 243 243 243 243 242 243 244 245 246 246 247 247 247 247 248 248 248 248 248 249 249 250 250 251 252 252 252 252 253 253 253 254 254 255 255 255 256 256 257 256 256 251 254 256 257 258 257 258 258 258
246 228 244 246 240 243 246 248 251 251 251 251 252 252 242 242 242 243 243 244 244 244 244 245 245 245 244 244 245 244 244 243 243 242 242 242 241 241 241 242 244 246 246 246 247 247 247 247 247 248 248 248 249 249 250 250 250 251 252 252 253 252 253 253 253 254 254 254 255 256 256 256 256 256 255 253 255 255 256 256 257 257 257 257
240 229 243 245 243 235 246 250 250 251 252 251 252 241 241 242 242 243 243 243 243 243 244 244 244 244 244 244 244 244 243 243 242 241 240 238 238 239 239 239 243 245 246 246 247 248 248 248 246 247 248 249 249 249 250 250 251 251 252 252 253 252 252 253 253 253 253 254 255 256 255 256 256 256 255 252 254 255 256 256 256 256 257 258
241 242 244 246 245 246 247 249 248 249 250 251 240 241 241 242 242 242 243 243 243 244 243 244 244 244 243 243 244 243 243 242 241 239 238 235 230 236 237 237 243 245 246 247 247 248 248 248 247 247 248 249 249 249 250 250 251 251 252 252 252 252 252 252 253 253 253 254 255 255 255 255 255 255 256 254 254 255 256 256 257 257 257 257
245 245 247 247 248 248 247 247 245 248 236 238 239 241 241 241 242 242 242 242 242 243 244 244 244 244 244 244 243 243 242 241 241 239 237 227 215 235 236 234 243 245 246 247 248 248 248 249 248 248 249 248 249 249 250 250 251 251 251 251 251 252 252 252 253 253 253 254 254 255 255 254 255 255 255 254 255 255 256 257 257 257 258 258
245 246 247 248 247 246 244 219 214 221 234 236 238 240 241 242 242 242 242 242 242 243 244 244 244 244 244 243 244 242 242 240 239 237 236 218 208 211 236 237 243 244 245 247 247 248 248 249 249 249 249 248 249 249 250 250 250 251 251 251 252 252 252 252 252 252 253 253 254 254 254 253 254 255 254 255 255 256 256 257 257 258 258 259
244 246 247 247 245 243 219 213 208 210 233 234 236 239 239 241 242 241 241 241 242 243 243 243 244 244 243 243 243 242 241 241 238 237 235 217 206 226 237 237 242 244 246 247 247 248 249 249 249 250 250 249 249 250 250 250 250 250 250 251 251 251 252 252 252 253 253 253 253 253 253 254 254 254 254 255 256 256 256 257 258 258 259 259
245 245 247 245 244 226 204 202 219 220 224 233 237 238 237 240 241 241 241 241 243 242 242 243 243 244 243 242 242 242 241 240 238 236 233 222 209 219 238 240 242 244 245 247 247 248 248 249 249 249 250 250 249 250 250 251 251 250 250 251 251 252 251 252 252 252 252 252 252 253 254 253 254 254 254 256 255 257 256 257 258 258 258 259
245 246 247 245 243 212 194 192 209 228 218 216 235 238 238 239 241 240 241 242 243 243 243 243 244 244 242 243 242 242 241 241 238 233 233 224 216 225 237 241 242 244 246 248 247 249 249 249 249 249 249 250 250 250 251 251 251 251 251 251 251 251 252 252 252 252 252 253 254 254 254 254 255 255 254 254 255 255 256 258 257 258 257 258
245 247 248 246 231 229 185 189 195 213 230 234 235 237 238 238 239 240 241 241 241 242 243 242 243 243 242 243 241 241 241 240 238 227 220 224 227 236 240 241 243 244 246 247 248 247 248 249 249 248 249 250 250 250 250 251 252 252 252 252 252 252 252 251 252 251 252 253 253 254 255 255 256 256 255 255 256 256 257 256 257 257 258 259
245 247 249 247 245 222 183 184 189 191 226 234 237 236 238 239 240 240 240 241 240 241 242 242 242 242 243 242 241 241 241 240 239 231 222 227 230 240 240 243 244 245 246 247 247 248 248 248 249 248 249 250 250 250 251 251 252 252 252 252 252 252 252 252 251 252 252 253 253 253 253 254 255 256 255 255 255 257 256 258 258 258 258 259
246 248 248 248 246 233 209 181 187 207 234 236 237 238 238 239 239 240 240 240 240 240 241 241 242 243 242 243 241 241 241 240 238 236 233 237 237 240 242 244 245 246 247 247 248 247 247 248 249 249 249 250 250 250 251 252 252 252 252 253 252 253 253 252 252 252 253 253 254 255 254 254 255 256 255 256 256 256 256 257 257 258 258 259
247 248 249 250 247 234 227 216 206 222 232 236 238 239 240 240 240 241 240 241 241 240 242 242 242 243 242 242 243 241 241 240 241 237 238 240 240 242 244 245 246 246 246 247 248 248 247 247 249 249 249 249 250 251 251 252 252 252 252 253 253 252 253 253 252 253 253 253 253 254 255 255 256 256 256 256 257 257 258 258 258 259 258 260
247 249 250 250 249 236 234 230 225 228 235 237 239 240 239 240 240 241 241 241 241 241 241 243 243 242 243 242 242 242 242 241 240 241 238 242 244 243 244 245 246 247 247 247 248 248 248 248 248 248 249 250 250 251 251 251 252 252 252 253 253 253 253 253 253 254 254 252 253 253 252 253 256 256 257 257 257 258 258 258 258 258 259 257
247 248 250 238 239 237 236 236 233 235 238 239 240 240 240 240 241 241 242 241 241 241 242 242 243 243 243 242 242 242 242 241 240 240 242 243 244 243 243 246 246 247 247 248 248 249 249 247 248 249 249 249 250 250 250 251 252 252 252 253 253 253 253 253 254 254 254 252 250 239 244 253 255 256 256 258 257 257 257 258 258 259 257 257
248 249 250 250 239 239 239 237 238 239 240 241 241 240 241 241 241 241 242 242 242 242 243 242 243 244 243 243 242 243 241 241 240 242 243 244 242 243 242 246 247 247 247 249 248 249 249 248 249 249 248 249 248 248 249 251 251 252 252 252 253 253 253 253 254 253 253 254 249 245 246 252 253 256 256 256 256 257 256 256 257 257 257 257
247 250 250 239 239 240 240 240 240 240 241 241 241 242 241 241 241 241 242 242 242 243 243 243 243 243 244 243 243 242 241 239 238 239 238 243 241 242 244 246 247 248 248 249 248 249 250 249 249 248 240 237 245 246 245 251 251 252 252 252 253 252 252 253 254 253 253 254 254 255 252 253 254 256 256 256 256 255 255 256 256 256 256 259
247 249 238 239 239 240 240 241 241 241 242 242 242 241 242 242 243 242 242 243 243 243 243 243 243 243 244 244 243 242 239 237 236 238 241 240 236 243 245 246 247 248 248 249 249 250 249 249 249 248 245 220 234 244 247 250 251 252 252 252 253 253 253 254 252 253 253 253 253 254 254 254 254 255 254 254 254 255 255 255 256 256 256 257
247 249 238 240 239 240 240 241 242 241 241 242 242 242 242 243 242 242 243 244 244 244 244 244 244 243 244 243 243 241 242 242 242 241 241 237 235 242 245 246 247 247 248 249 250 250 250 250 249 249 247 215 224 243 248 251 251 252 252 252 252 253 253 253 252 252 252 253 253 253 254 255 255 254 254 254 254 254 255 255 256 256 257 258
237 249 239 239 239 240 241 241 241 242 241 242 242 242 243 243 242 243 243 243 244 243 244 244 243 243 244 244 243 242 242 242 242 242 241 238 238 243 244 245 247 248 248 249 250 250 250 250 249 249 247 219 225 243 248 251 252 252 253 252 253 252 253 252 249 251 252 253 253 254 254 254 254 254 254 254 255 254 255 254 254 256 256 257
236 237 238 239 240 240 240 240 240 240 240 241 241 242 243 243 243 243 242 243 243 244 243 244 243 242 244 244 244 243 243 242 241 241 240 240 241 243 245 245 246 247 247 249 249 250 250 251 250 250 248 221 242 244 248 251 252 252 253 253 252 253 252 251 249 251 252 252 253 254 253 253 253 254 254 254 254 254 254 254 254 255 256 256
235 237 237 238 239 239 240 240 238 237 239 240 241 241 242 244 244 244 243 244 243 245 245 245 244 245 245 244 244 244 242 241 241 239 234 235 238 243 243 245 245 247 247 248 249 250 251 251 250 250 249 244 237 245 248 250 252 252 253 252 252 252 253 247 252 251 251 252 253 253 253 253 254 253 253 254 254 254 254 254 254 255 256 257
