invasiveSpecies/singleSpecies/data/worldclim_KE/worldclim_KE_2050_BC85_Bio10.asc
ncols         347
nrows         295
xllcorner     36.068012264173
yllcorner     0.13039239511974
cellsize      0.0083333333333333
NODATA_value  -9999
[rows 222 to 258 of 295, columns 84 to 167 of 347]
-9999 -9999 -9999 -9999 -9999 -9999 -9999 -9999 -9999 -9999 -9999 -9999 -9999 -9999 -9999 -9999 -9999 -9999 -9999 -9999 -9999 -9999 -9999 -9999 -9999 -9999 -9999 -9999 -9999 -9999 -9999 -9999 -9999 -9999 -9999 -9999 -9999 -9999 -9999 -9999 -9999 -9999 -9999 -9999 -9999 -9999 -9999 -9999 -9999 -9999 -9999 -9999 -9999 254 257 256 256 255 255 257 257 259 259 258 257 256 254 254 253 251 252 253 253 254 254 254 255 255 254 254 253 253 242 242
-9999 -9999 -9999 -9999 -9999 -9999 -9999 -9999 -9999 -9999 -9999 -9999 -9999 -9999 -9999 -9999 -9999 -9999 -9999 -9999 -9999 -9999 -9999 -9999 -9999 -9999 -9999 -9999 -9999 -9999 -9999 -9999 -9999 -9999 -9999 -9999 -9999 -9999 -9999 -9999 -9999 -9999 -9999 -9999 -9999 -9999 -9999 -9999 -9999 -9999 -9999 -9999 -9999 253 256 254 254 254 254 255 256 258 259 259 257 257 256 254 254 252 252 252 252 253 254 254 255 255 255 254 251 240 237 242
-9999 -9999 -9999 -9999 -9999 -9999 -9999 -9999 -9999 -9999 -9999 -9999 -9999 -9999 -9999 -9999 -9999 -9999 -9999 -9999 -9999 -9999 -9999 -9999 -9999 -9999 -9999 -9999 -9999 -9999 -9999 -9999 -9999 -9999 -9999 -9999 -9999 -9999 -9999 -9999 -9999 -9999 -9999 -9999 -9999 -9999 -9999 -9999 -9999 -9999 -9999 -9999 -9999 251 253 252 253 252 252 254 255 257 258 259 258 258 257 256 255 253 253 252 250 252 252 254 255 255 255 251 249 239 232 239
-9999 -9999 -9999 -9999 -9999 -9999 -9999 -9999 -9999 -9999 -9999 -9999 -9999 -9999 -9999 -9999 -9999 -9999 -9999 -9999 -9999 -9999 -9999 -9999 -9999 -9999 -9999 -9999 -9999 -9999 -9999 -9999 -9999 -9999 -9999 -9999 -9999 -9999 -9999 -9999 -9999 -9999 -9999 -9999 -9999 -9999 -9999 -9999 -9999 -9999 -9999 -9999 -9999 250 250 251 251 251 253 254 255 256 257 259 260 258 257 256 255 254 254 253 252 251 248 252 254 254 254 248 243 240 240 238
-9999 -9999 -9999 -9999 -9999 -9999 -9999 -9999 -9999 -9999 -9999 -9999 -9999 -9999 -9999 -9999 -9999 -9999 -9999 -9999 -9999 -9999 -9999 -9999 -9999 -9999 -9999 -9999 -9999 -9999 -9999 -9999 -9999 -9999 -9999 -9999 -9999 -9999 -9999 -9999 -9999 -9999 -9999 -9999 -9999 -9999 -9999 -9999 -9999 -9999 -9999 -9999 -9999 250 249 250 250 250 252 253 254 254 257 258 260 259 257 256 256 255 255 254 253 251 245 250 253 254 254 246 237 244 246 244
204 205 206 205 -9999 -9999 -9999 -9999 -9999 -9999 -9999 -9999 -9999 -9999 -9999 -9999 -9999 -9999 -9999 -9999 -9999 -9999 -9999 -9999 -9999 -9999 -9999 -9999 -9999 -9999 -9999 -9999 -9999 -9999 -9999 -9999 -9999 -9999 -9999 -9999 -9999 -9999 -9999 -9999 -9999 -9999 -9999 -9999 -9999 -9999 -9999 -9999 249 249 248 249 249 251 252 252 251 252 255 258 259 260 257 257 257 255 255 255 254 253 251 250 252 253 253 252 250 249 250 251
205 207 206 207 206 207 209 208 -9999 -9999 -9999 -9999 -9999 -9999 -9999 -9999 -9999 -9999 -9999 -9999 -9999 -9999 -9999 -9999 -9999 -9999 -9999 -9999 -9999 -9999 -9999 -9999 -9999 -9999 -9999 -9999 -9999 -9999 -9999 -9999 -9999 -9999 -9999 -9999 -9999 -9999 -9999 -9999 -9999 -9999 -9999 248 250 249 248 248 249 250 251 252 251 252 255 257 258 260 259 258 257 256 256 256 255 253 252 247 250 252 253 252 248 247 249 249
206 206 207 207 207 207 208 209 209 208 -9999 -9999 -9999 -9999 -9999 -9999 -9999 -9999 -9999 -9999 -9999 -9999 -9999 -9999 -9999 -9999 -9999 -9999 -9999 -9999 -9999 -9999 -9999 -9999 -9999 -9999 -9999 -9999 -9999 -9999 -9999 -9999 -9999 -9999 -9999 -9999 -9999 -9999 -9999 -9999 -9999 249 248 248 248 247 250 250 252 253 254 256 257 257 259 259 261 259 258 256 257 256 255 254 251 241 247 249 253 254 252 244 241 246
205 206 206 207 207 207 207 209 210 208 -9999 -9999 -9999 -9999 -9999 -9999 -9999 -9999 -9999 -9999 -9999 -9999 -9999 -9999 -9999 -9999 -9999 -9999 -9999 -9999 -9999 -9999 -9999 -9999 -9999 -9999 -9999 -9999 -9999 -9999 -9999 -9999 -9999 -9999 -9999 -9999 -9999 -9999 -9999 -9999 248 248 247 248 248 249 250 252 252 253 253 255 255 257 258 259 261 260 259 257 257 257 256 255 251 238 242 251 254 253 252 242 239 241
205 205 206 207 207 207 207 210 210 208 206 -9999 -9999 -9999 -9999 -9999 -9999 -9999 -9999 -9999 -9999 -9999 -9999 -9999 -9999 -9999 -9999 -9999 -9999 -9999 -9999 -9999 -9999 -9999 -9999 -9999 -9999 -9999 -9999 -9999 -9999 -9999 -9999 -9999 -9999 -9999 -9999 -9999 -9999 247 248 247 247 248 249 250 251 251 252 252 253 254 255 256 258 259 260 261 259 257 258 258 257 255 253 249 233 252 255 256 254 248 247 251
205 206 206 207 207 207 207 207 210 208 207 207 -9999 -9999 -9999 -9999 -9999 -9999 -9999 -9999 -9999 -9999 -9999 -9999 -9999 -9999 -9999 -9999 -9999 -9999 -9999 -9999 -9999 -9999 -9999 -9999 -9999 -9999 -9999 -9999 -9999 -9999 -9999 -9999 -9999 -9999 -9999 -9999 -9999 247 246 247 247 249 250 250 251 252 252 252 253 254 255 256 257 259 260 261 260 258 258 258 258 256 255 252 249 247 254 254 255 252 246 253
205 206 207 207 207 207 207 208 209 211 209 212 -9999 -9999 -9999 -9999 -9999 -9999 -9999 -9999 -9999 -9999 -9999 -9999 -9999 -9999 -9999 -9999 -9999 -9999 -9999 -9999 -9999 -9999 -9999 -9999 -9999 -9999 -9999 -9999 -9999 -9999 -9999 -9999 -9999 -9999 -9999 -9999 246 246 247 248 249 250 250 251 252 253 253 254 254 255 256 256 258 259 259 261 261 260 259 259 258 257 256 254 253 253 256 256 257 256 249 257
206 206 207 207 207 207 209 212 211 213 209 211 212 -9999 -9999 -9999 -9999 -9999 -9999 -9999 -9999 -9999 -9999 -9999 -9999 -9999 -9999 -9999 -9999 -9999 -9999 -9999 -9999 -9999 -9999 -9999 -9999 -9999 -9999 -9999 -9999 -9999 -9999 -9999 -9999 -9999 -9999 246 246 246 248 249 250 251 251 252 253 253 254 254 255 255 256 257 258 259 259 260 261 262 260 259 258 257 257 256 256 255 258 258 258 258 247 258
206 206 207 207 208 207 207 213 213 214 217 213 -9999 -9999 -9999 -9999 -9999 -9999 -9999 -9999 -9999 -9999 -9999 -9999 -9999 -9999 -9999 -9999 -9999 -9999 -9999 -9999 -9999 -9999 -9999 -9999 -9999 -9999 -9999 -9999 -9999 -9999 -9999 -9999 -9999 -9999 -9999 245 246 248 249 250 251 252 252 252 253 254 255 254 255 257 257 257 258 260 260 261 261 262 260 259 258 258 258 258 257 255 258 259 259 260 259 260
206 207 208 208 208 208 211 214 215 216 217 214 210 -9999 -9999 -9999 -9999 -9999 -9999 -9999 -9999 -9999 -9999 -9999 -9999 -9999 -9999 -9999 -9999 -9999 -9999 -9999 -9999 -9999 -9999 -9999 -9999 -9999 -9999 -9999 -9999 -9999 -9999 -9999 -9999 -9999 244 245 246 248 250 251 251 252 252 253 254 254 255 256 257 258 259 258 260 260 259 259 260 261 262 261 259 259 259 259 258 258 260 261 260 260 260 260
206 206 207 208 207 208 211 212 214 215 216 215 -9999 -9999 -9999 -9999 -9999 -9999 -9999 -9999 -9999 -9999 -9999 -9999 -9999 -9999 -9999 -9999 -9999 -9999 -9999 -9999 -9999 -9999 -9999 -9999 -9999 -9999 -9999 -9999 -9999 -9999 -9999 -9999 -9999 -9999 244 244 247 249 250 251 252 253 253 253 255 255 256 257 257 257 257 258 258 259 258 258 259 261 262 260 259 260 259 260 260 260 259 261 261 260 262 261
204 205 207 207 206 207 210 208 214 215 218 217 -9999 -9999 -9999 -9999 -9999 -9999 -9999 -9999 -9999 -9999 -9999 -9999 -9999 -9999 -9999 -9999 -9999 -9999 -9999 -9999 -9999 -9999 -9999 -9999 -9999 236 237 238 239 240 241 -9999 243 244 244 246 247 249 249 250 251 253 253 254 255 255 256 255 255 256 257 257 257 257 258 258 259 260 262 261 260 260 261 260 261 261 261 262 262 261 262 263
202 203 205 205 205 207 209 210 215 216 217 218 -9999 -9999 -9999 -9999 -9999 -9999 -9999 -9999 -9999 -9999 -9999 -9999 -9999 -9999 -9999 -9999 -9999 -9999 -9999 -9999 -9999 -9999 -9999 232 233 236 237 237 238 240 241 242 243 243 244 246 248 249 249 250 252 253 254 254 255 255 255 254 251 254 255 256 256 257 257 259 259 260 262 263 261 261 261 261 262 261 262 263 263 262 263 263
202 203 204 205 206 207 210 214 216 216 215 217 -9999 -9999 -9999 -9999 -9999 -9999 -9999 -9999 -9999 -9999 -9999 -9999 -9999 -9999 -9999 -9999 -9999 -9999 -9999 -9999 -9999 -9999 231 230 231 235 235 237 238 239 241 242 243 243 246 247 248 247 248 250 252 252 253 254 254 254 254 252 243 249 253 255 256 257 258 259 260 260 262 263 263 262 262 262 263 263 263 264 264 262 263 265
202 202 203 204 204 205 209 213 214 215 215 216 -9999 -9999 -9999 -9999 -9999 -9999 -9999 -9999 -9999 -9999 -9999 -9999 -9999 -9999 -9999 -9999 -9999 -9999 -9999 -9999 -9999 -9999 229 228 228 232 233 235 237 238 240 241 242 244 247 248 247 246 249 249 251 252 253 253 254 253 253 251 240 242 252 254 254 257 258 258 260 261 261 262 262 263 264 264 264 264 263 264 264 264 264 264
202 202 204 205 204 206 206 213 214 215 216 217 -9999 -9999 -9999 -9999 -9999 -9999 -9999 -9999 -9999 -9999 -9999 -9999 -9999 -9999 -9999 -9999 -9999 -9999 -9999 -9999 -9999 -9999 221 217 221 232 232 235 237 238 240 242 243 245 246 246 246 246 247 249 251 251 252 253 254 252 252 250 247 248 250 252 254 257 258 258 259 260 260 256 257 261 263 264 262 261 260 263 261 259 260 262
203 203 204 206 208 210 210 214 214 215 215 218 217 217 215 214 214 214 212 -9999 -9999 -9999 -9999 -9999 -9999 -9999 -9999 -9999 -9999 -9999 -9999 -9999 -9999 -9999 226 214 214 229 231 223 235 237 239 241 243 244 245 245 244 245 245 249 250 251 252 252 252 252 249 249 247 248 251 253 255 257 258 259 259 260 257 257 257 258 260 264 263 259 258 258 259 258 259 262
204 204 204 206 209 206 206 212 210 214 216 217 216 215 216 215 214 213 213 212 212 213 212 211 211 210 210 -9999 -9999 -9999 -9999 -9999 -9999 -9999 216 212 213 225 230 212 234 236 237 240 242 245 243 243 243 244 247 248 249 250 251 252 253 247 232 247 243 241 252 253 255 256 258 258 259 258 257 259 260 261 263 260 262 261 258 258 258 258 259 259
-9999 -9999 -9999 -9999 207 206 206 207 207 213 217 217 215 214 216 215 214 214 213 213 212 213 213 212 211 212 209 209 206 205 203 205 206 211 213 204 205 211 218 214 229 234 233 230 243 244 240 241 242 244 246 248 248 249 250 252 253 253 217 218 231 240 249 252 254 255 257 258 258 256 257 260 262 263 261 260 261 260 257 257 258 259 258 259
-9999 -9999 -9999 -9999 -9999 -9999 207 207 207 208 213 217 216 214 215 214 214 213 213 212 212 211 211 211 211 211 208 208 207 205 204 203 208 212 209 206 207 209 214 214 225 233 234 239 243 241 233 241 243 245 246 247 247 248 249 250 252 253 220 217 224 241 248 250 252 254 257 257 256 256 256 260 262 262 261 260 260 259 257 258 259 259 260 261
-9999 -9999 -9999 -9999 -9999 -9999 -9999 213 210 212 213 217 217 214 215 214 213 213 212 212 210 211 210 208 209 210 209 209 208 206 204 202 205 207 207 205 206 211 217 212 215 239 241 241 240 216 235 239 241 244 245 246 246 247 247 249 252 226 218 206 215 239 245 248 251 252 255 257 256 256 257 260 261 262 260 258 260 258 257 258 259 260 261 260
-9999 -9999 -9999 -9999 -9999 -9999 -9999 213 214 215 217 -9999 216 215 214 214 214 213 212 212 210 211 210 208 208 210 209 208 206 205 204 203 204 207 207 206 207 211 208 213 213 240 237 236 238 216 235 238 242 244 245 245 246 243 246 249 251 234 212 208 227 236 231 232 249 253 256 257 256 256 260 260 261 261 260 258 259 260 257 258 259 259 259 259
-9999 -9999 -9999 -9999 -9999 -9999 -9999 -9999 -9999 216 -9999 -9999 -9999 215 214 212 213 213 212 212 211 211 211 209 209 209 209 208 206 205 206 204 202 205 206 204 205 206 206 213 216 234 234 221 218 210 220 238 242 244 244 244 243 236 245 251 252 238 -9999 -9999 245 246 244 244 252 254 256 257 256 259 257 260 262 259 257 257 259 258 258 258 259 259 259 259
-9999 -9999 -9999 -9999 -9999 -9999 -9999 -9999 -9999 -9999 -9999 -9999 -9999 216 214 213 213 212 212 213 212 213 211 210 210 208 208 208 206 207 206 204 202 203 204 206 207 206 209 214 210 220 234 222 218 209 216 236 241 242 243 244 236 241 244 251 250 -9999 -9999 -9999 -9999 248 250 251 253 254 256 258 258 257 259 261 260 259 257 257 258 259 258 258 258 257 258 259
-9999 -9999 -9999 -9999 -9999 -9999 -9999 -9999 -9999 -9999 -9999 -9999 -9999 -9999 215 214 213 214 214 214 213 213 211 211 210 207 207 207 207 207 206 204 203 204 205 208 209 209 210 217 211 215 227 222 205 209 229 240 240 241 242 241 221 231 242 -9999 -9999 -9999 -9999 -9999 -9999 -9999 250 252 254 255 256 257 255 257 260 260 260 259 257 257 258 258 257 257 256 256 258 259
-9999 -9999 -9999 -9999 -9999 -9999 -9999 -9999 -9999 -9999 -9999 -9999 -9999 -9999 216 215 215 214 213 212 212 213 212 212 210 209 209 209 209 208 207 205 204 203 204 203 205 210 212 217 215 225 225 216 212 218 234 238 239 237 241 242 234 226 -9999 -9999 -9999 -9999 -9999 -9999 -9999 -9999 -9999 251 253 255 257 255 256 259 260 261 259 257 257 257 257 258 257 256 256 256 258 259
-9999 -9999 -9999 -9999 -9999 -9999 -9999 -9999 -9999 -9999 -9999 -9999 -9999 -9999 -9999 215 214 213 213 211 211 211 211 212 212 210 209 207 207 207 206 205 204 205 204 205 207 207 214 220 215 216 220 209 216 220 220 222 233 229 233 240 232 -9999 -9999 -9999 -9999 -9999 -9999 -9999 -9999 -9999 -9999 252 253 254 256 256 257 258 260 260 259 257 257 256 257 258 257 256 256 258 258 258
-9999 -9999 -9999 -9999 -9999 -9999 -9999 -9999 -9999 -9999 -9999 -9999 -9999 -9999 -9999 216 214 213 213 212 211 210 210 -9999 210 210 209 208 207 205 206 203 205 205 207 208 211 211 214 218 213 208 213 208 211 219 210 212 217 219 227 -9999 -9999 -9999 -9999 -9999 -9999 -9999 -9999 -9999 -9999 -9999 -9999 250 252 254 255 255 254 259 260 260 259 258 257 256 257 257 256 256 256 257 257 257
-9999 -9999 -9999 -9999 -9999 -9999 -9999 -9999 -9999 -9999 -9999 -9999 -9999 -9999 -9999 215 214 213 213 212 211 211 -9999 -9999 -9999 -9999 -9999 -9999 -9999 -9999 204 203 204 205 207 210 212 214 214 214 213 208 208 209 208 211 218 207 210 210 -9999 -9999 -9999 -9999 -9999 -9999 -9999 -9999 -9999 -9999 -9999 -9999 -9999 -9999 252 254 255 254 256 255 259 259 258 256 256 256 256 256 255 255 255 256 257 256
-9999 -9999 -9999 -9999 -9999 -9999 -9999 -9999 -9999 -9999 -9999 -9999 -9999 -9999 -9999 -9999 214 214 214 212 -9999 -9999 -9999 -9999 -9999 -9999 -9999 -9999 -9999 -9999 -9999 203 204 203 204 209 211 214 216 216 215 212 208 207 205 210 216 210 206 206 -9999 -9999 -9999 -9999 -9999 -9999 -9999 -9999 -9999 -9999 -9999 -9999 -9999 -9999 251 253 254 254 257 258 259 259 259 256 256 256 255 256 255 255 255 256 255 253
-9999 -9999 -9999 -9999 -9999 -9999 -9999 -9999 -9999 -9999 -9999 -9999 -9999 -9999 -9999 -9999 214 214 213 -9999 -9999 -9999 -9999 -9999 -9999 -9999 -9999 -9999 -9999 -9999 -9999 205 204 202 204 206 209 214 212 212 211 215 215 210 207 206 214 210 206 207 -9999 -9999 -9999 -9999 -9999 -9999 -9999 -9999 -9999 -9999 -9999 -9999 -9999 -9999 250 253 254 257 257 259 258 259 259 258 256 256 255 255 254 254 254 254 255 253
-9999 -9999 -9999 -9999 -9999 -9999 -9999 -9999 -9999 -9999 -9999 -9999 -9999 -9999 -9999 -9999 -9999 -9999 -9999 -9999 -9999 -9999 -9999 -9999 -9999 -9999 -9999 -9999 -9999 -9999 -9999 -9999 204 203 205 206 207 213 209 212 209 210 212 210 208 202 202 210 207 205 -9999 -9999 -9999 -9999 -9999 -9999 -9999 -9999 -9999 -9999 -9999 -9999 -9999 -9999 249 251 253 255 256 257 257 257 258 258 256 256 255 254 254 254 254 253 253 253
