invasiveSpecies/singleSpecies/data/worldclim_KE/worldclim_KE_2050_BC85_Bio8.asc
ncols         347
nrows         295
xllcorner     36.068012264173
yllcorner     0.13039239511974
cellsize      0.0083333333333333
NODATA_value  -9999
[rows 148 to 184 of 295, columns 84 to 167 of 347]
-9999 -9999 -9999 -9999 -9999 -9999 -9999 -9999 -9999 -9999 -9999 -9999 -9999 -9999 -9999 -9999 -9999 -9999 -9999 -9999 -9999 -9999 -9999 -9999 -9999 -9999 -9999 -9999 -9999 -9999 -9999 -9999 -9999 -9999 -9999 -9999 -9999 -9999 -9999 -9999 -9999 262 261 257 255 253 246 242 236 235 239 243 240 230 219 216 205 210 225 237 244 247 250 255 257 260 262 263 264 265 265 266 265 265 266 264 265 267 266 266 265 265 267 266
-9999 -9999 -9999 -9999 -9999 -9999 -9999 -9999 -9999 -9999 -9999 -9999 -9999 -9999 -9999 -9999 -9999 -9999 -9999 -9999 -9999 -9999 -9999 -9999 -9999 -9999 -9999 -9999 -9999 -9999 -9999 -9999 -9999 -9999 -9999 -9999 -9999 -9999 -9999 -9999 -9999 261 259 257 255 248 244 240 234 230 235 242 239 234 226 225 216 221 214 230 239 247 250 252 256 259 261 262 263 265 264 265 265 264 265 265 266 265 265 266 265 267 266 266
-9999 -9999 -9999 -9999 -9999 -9999 -9999 -9999 -9999 -9999 -9999 -9999 -9999 -9999 -9999 -9999 -9999 -9999 -9999 -9999 -9999 -9999 -9999 -9999 -9999 -9999 -9999 -9999 -9999 -9999 -9999 -9999 -9999 -9999 -9999 -9999 -9999 -9999 -9999 -9999 -9999 261 254 255 252 246 240 233 233 231 237 240 241 241 237 232 232 226 217 222 234 240 241 242 248 246 256 261 264 264 265 264 264 264 264 264 264 264 264 265 266 266 266 266
-9999 -9999 -9999 -9999 -9999 -9999 -9999 -9999 -9999 -9999 -9999 -9999 -9999 -9999 -9999 -9999 -9999 -9999 -9999 -9999 -9999 -9999 -9999 -9999 -9999 -9999 -9999 -9999 -9999 -9999 -9999 -9999 -9999 -9999 -9999 -9999 -9999 -9999 -9999 -9999 -9999 261 253 253 249 244 244 228 231 226 233 240 238 236 237 235 230 224 217 211 229 227 230 231 243 240 251 260 263 263 264 263 263 264 263 264 263 264 264 264 264 266 266 266
-9999 -9999 -9999 -9999 -9999 -9999 -9999 -9999 -9999 -9999 -9999 -9999 -9999 -9999 -9999 -9999 -9999 -9999 -9999 -9999 -9999 -9999 -9999 -9999 -9999 -9999 -9999 -9999 -9999 -9999 -9999 -9999 -9999 -9999 -9999 -9999 -9999 -9999 -9999 -9999 -9999 261 254 254 245 240 238 234 234 232 229 235 237 235 229 223 229 206 206 199 221 212 219 223 235 233 245 257 261 263 263 263 263 262 262 264 264 264 263 264 264 266 266 267
-9999 -9999 -9999 -9999 -9999 -9999 -9999 -9999 -9999 -9999 -9999 -9999 -9999 -9999 -9999 -9999 -9999 -9999 -9999 -9999 -9999 -9999 -9999 -9999 -9999 -9999 -9999 -9999 -9999 -9999 -9999 -9999 -9999 -9999 -9999 -9999 -9999 -9999 -9999 -9999 -9999 260 259 256 248 240 230 230 233 227 222 230 221 230 223 216 220 210 194 184 199 194 211 209 221 225 238 253 260 262 260 261 261 258 260 262 263 263 263 264 264 266 266 267
-9999 -9999 -9999 -9999 -9999 -9999 -9999 -9999 -9999 -9999 -9999 -9999 -9999 -9999 -9999 -9999 -9999 -9999 -9999 -9999 -9999 -9999 -9999 -9999 -9999 -9999 -9999 -9999 -9999 -9999 -9999 -9999 -9999 -9999 -9999 -9999 -9999 -9999 -9999 -9999 -9999 -9999 259 257 251 241 236 231 231 226 219 223 231 232 225 212 208 186 184 186 199 199 188 194 207 228 247 255 259 260 259 259 259 258 260 261 262 262 263 263 264 266 266 267
-9999 -9999 -9999 -9999 -9999 -9999 -9999 -9999 -9999 -9999 -9999 -9999 -9999 -9999 -9999 -9999 -9999 -9999 -9999 -9999 -9999 -9999 -9999 -9999 -9999 -9999 -9999 -9999 -9999 -9999 -9999 -9999 -9999 -9999 -9999 -9999 -9999 -9999 -9999 -9999 -9999 -9999 259 256 254 238 228 229 230 229 213 213 222 216 222 217 197 182 181 192 210 210 199 213 228 236 245 251 256 258 258 255 257 259 260 260 260 261 262 263 264 265 266 266
-9999 -9999 -9999 -9999 -9999 -9999 -9999 -9999 -9999 -9999 -9999 -9999 -9999 -9999 -9999 -9999 -9999 -9999 -9999 -9999 -9999 -9999 -9999 -9999 -9999 -9999 -9999 -9999 -9999 -9999 -9999 -9999 -9999 -9999 -9999 -9999 -9999 -9999 -9999 -9999 -9999 -9999 258 255 251 239 228 231 231 227 218 212 219 211 214 205 191 181 180 193 206 218 204 202 206 228 237 246 251 256 254 252 256 253 256 256 259 260 262 263 264 265 265 265
-9999 -9999 -9999 -9999 -9999 -9999 -9999 -9999 -9999 -9999 -9999 -9999 -9999 -9999 -9999 -9999 -9999 -9999 -9999 -9999 -9999 -9999 -9999 -9999 -9999 -9999 -9999 -9999 -9999 -9999 -9999 -9999 -9999 -9999 -9999 -9999 -9999 -9999 -9999 -9999 -9999 -9999 259 255 247 236 228 234 233 226 223 218 225 217 210 188 181 181 179 179 195 218 219 209 189 213 230 239 246 248 248 245 242 233 243 252 254 254 260 263 263 264 265 264
-9999 -9999 -9999 -9999 -9999 -9999 -9999 -9999 -9999 -9999 -9999 -9999 -9999 -9999 -9999 -9999 -9999 -9999 -9999 -9999 -9999 -9999 -9999 -9999 -9999 -9999 -9999 -9999 -9999 -9999 -9999 -9999 -9999 -9999 -9999 -9999 -9999 -9999 -9999 -9999 -9999 259 259 250 247 236 229 234 233 233 231 228 228 222 206 190 180 179 178 180 195 216 222 212 196 190 218 229 242 243 244 239 239 236 233 236 235 244 259 263 262 264 263 264
-9999 -9999 -9999 -9999 -9999 -9999 -9999 -9999 -9999 -9999 -9999 -9999 -9999 -9999 -9999 -9999 -9999 -9999 -9999 -9999 -9999 -9999 -9999 -9999 -9999 -9999 -9999 -9999 -9999 -9999 -9999 -9999 -9999 -9999 -9999 -9999 -9999 -9999 -9999 -9999 -9999 259 258 252 248 238 230 236 236 236 236 233 230 221 203 189 178 186 180 180 190 219 225 220 212 201 210 220 232 236 237 229 236 249 254 256 242 255 259 262 262 262 263 264
-9999 -9999 -9999 -9999 -9999 -9999 -9999 -9999 -9999 -9999 -9999 -9999 -9999 -9999 -9999 -9999 -9999 -9999 -9999 -9999 -9999 -9999 -9999 -9999 -9999 -9999 -9999 -9999 -9999 -9999 -9999 -9999 -9999 -9999 -9999 -9999 -9999 -9999 -9999 -9999 259 258 258 253 246 239 242 240 241 236 234 229 222 220 205 191 184 193 193 179 189 208 224 223 211 198 187 190 207 221 224 232 241 250 256 257 255 258 261 263 262 264 263 265
-9999 -9999 -9999 -9999 -9999 -9999 -9999 -9999 -9999 -9999 -9999 -9999 -9999 -9999 -9999 -9999 -9999 -9999 -9999 -9999 -9999 -9999 -9999 -9999 -9999 -9999 -9999 -9999 -9999 -9999 -9999 -9999 -9999 -9999 -9999 -9999 -9999 -9999 -9999 -9999 259 257 257 252 248 243 245 242 241 234 231 230 221 219 201 196 187 192 198 186 188 192 221 228 216 200 188 193 206 218 234 243 244 253 258 258 259 261 262 262 263 263 263 265
-9999 -9999 -9999 -9999 -9999 -9999 -9999 -9999 -9999 -9999 -9999 -9999 -9999 -9999 -9999 -9999 -9999 -9999 -9999 -9999 -9999 -9999 -9999 -9999 -9999 -9999 -9999 -9999 -9999 -9999 -9999 -9999 -9999 -9999 -9999 -9999 -9999 -9999 -9999 -9999 258 256 256 256 249 244 241 237 236 235 233 231 225 221 215 198 195 199 208 196 191 210 220 228 222 210 200 201 204 229 239 244 252 256 258 258 259 261 262 262 262 262 263 263
-9999 -9999 -9999 -9999 -9999 -9999 -9999 -9999 -9999 -9999 -9999 -9999 -9999 -9999 -9999 -9999 -9999 -9999 -9999 -9999 -9999 -9999 -9999 -9999 -9999 -9999 -9999 -9999 -9999 -9999 -9999 -9999 -9999 -9999 -9999 -9999 -9999 -9999 -9999 -9999 -9999 257 255 251 248 239 227 233 234 233 232 230 218 215 211 199 207 199 212 202 195 202 217 230 225 216 213 206 205 229 241 241 248 251 256 258 258 259 261 261 261 262 262 263
-9999 -9999 -9999 -9999 -9999 -9999 -9999 -9999 -9999 -9999 -9999 -9999 -9999 -9999 -9999 -9999 -9999 -9999 -9999 -9999 -9999 -9999 -9999 -9999 -9999 -9999 -9999 -9999 -9999 -9999 -9999 -9999 -9999 -9999 -9999 -9999 -9999 -9999 -9999 -9999 -9999 252 252 248 242 238 223 230 233 231 227 223 211 221 219 201 214 208 207 214 196 204 216 229 232 227 220 215 213 213 227 231 240 247 253 255 257 259 260 261 262 262 262 262
-9999 -9999 -9999 -9999 -9999 -9999 -9999 -9999 -9999 -9999 -9999 -9999 -9999 -9999 -9999 -9999 -9999 -9999 -9999 -9999 -9999 -9999 -9999 -9999 -9999 -9999 -9999 -9999 -9999 -9999 -9999 -9999 -9999 -9999 -9999 -9999 -9999 -9999 -9999 -9999 -9999 257 252 248 240 236 236 233 233 232 228 218 210 220 225 212 223 217 213 224 212 204 216 225 232 228 221 219 217 218 229 235 233 249 255 256 257 256 259 261 261 262 262 262
-9999 -9999 -9999 -9999 -9999 -9999 -9999 -9999 -9999 -9999 -9999 -9999 -9999 -9999 -9999 -9999 -9999 -9999 -9999 -9999 -9999 -9999 -9999 -9999 -9999 -9999 -9999 -9999 -9999 -9999 -9999 -9999 -9999 -9999 -9999 -9999 -9999 -9999 -9999 -9999 -9999 255 253 252 244 240 239 238 236 233 230 227 213 224 228 222 217 225 220 228 213 210 211 223 233 233 227 222 218 216 231 243 251 251 252 251 253 256 257 260 261 262 262 262
-9999 -9999 -9999 -9999 -9999 -9999 -9999 -9999 -9999 -9999 -9999 -9999 -9999 -9999 -9999 -9999 -9999 -9999 -9999 -9999 -9999 -9999 -9999 -9999 -9999 -9999 -9999 -9999 -9999 -9999 -9999 -9999 -9999 -9999 -9999 -9999 -9999 -9999 -9999 -9999 -9999 257 255 252 244 239 236 234 234 232 230 227 220 225 229 229 223 229 224 233 232 223 220 224 233 233 223 215 210 221 233 236 249 247 254 255 257 258 257 259 259 260 261 261
-9999 -9999 -9999 -9999 -9999 -9999 -9999 -9999 -9999 -9999 -9999 -9999 -9999 -9999 -9999 -9999 -9999 -9999 -9999 -9999 -9999 -9999 -9999 -9999 -9999 -9999 -9999 -9999 -9999 -9999 -9999 -9999 -9999 -9999 -9999 -9999 -9999 -9999 -9999 -9999 -9999 -9999 252 251 242 237 235 231 232 231 230 228 226 225 229 232 220 227 230 231 233 231 230 227 233 232 224 220 221 226 226 236 240 247 253 252 254 246 239 246 256 259 260 261
-9999 -9999 -9999 -9999 -9999 -9999 -9999 -9999 -9999 -9999 -9999 -9999 -9999 -9999 -9999 -9999 -9999 -9999 -9999 -9999 -9999 -9999 -9999 -9999 -9999 -9999 -9999 -9999 -9999 -9999 -9999 -9999 -9999 -9999 -9999 -9999 -9999 -9999 -9999 -9999 -9999 -9999 251 248 243 236 234 235 233 231 231 229 227 224 227 232 225 231 231 232 234 233 235 235 234 232 232 228 229 228 229 231 228 236 245 243 247 240 236 235 244 248 257 259
-9999 -9999 -9999 -9999 -9999 -9999 -9999 -9999 -9999 -9999 -9999 -9999 -9999 -9999 -9999 -9999 -9999 -9999 -9999 -9999 -9999 -9999 -9999 -9999 -9999 -9999 -9999 -9999 -9999 -9999 -9999 -9999 -9999 -9999 -9999 -9999 -9999 -9999 -9999 -9999 -9999 254 254 250 245 239 238 234 231 230 230 229 227 230 230 233 231 230 233 234 235 235 234 231 223 226 227 226 228 224 219 216 205 221 236 233 233 225 228 247 247 247 254 256
-9999 -9999 -9999 -9999 -9999 -9999 -9999 -9999 -9999 -9999 -9999 -9999 -9999 -9999 -9999 -9999 -9999 -9999 -9999 -9999 -9999 -9999 -9999 -9999 -9999 -9999 -9999 -9999 -9999 -9999 -9999 -9999 -9999 -9999 -9999 -9999 -9999 -9999 -9999 -9999 -9999 250 249 247 242 239 237 235 228 227 227 229 232 231 232 234 233 233 234 235 235 234 231 225 218 217 219 218 224 211 202 210 199 205 210 216 223 223 230 239 238 234 239 255
-9999 -9999 -9999 -9999 -9999 -9999 -9999 -9999 -9999 -9999 -9999 -9999 -9999 -9999 -9999 -9999 -9999 -9999 -9999 -9999 -9999 -9999 -9999 -9999 -9999 -9999 -9999 -9999 -9999 -9999 -9999 -9999 -9999 -9999 -9999 -9999 -9999 -9999 -9999 -9999 -9999 250 249 247 240 238 236 234 232 222 228 230 233 232 233 235 237 237 236 236 234 233 230 223 212 205 212 204 218 214 198 206 199 209 226 227 226 238 232 225 223 228 232 254
-9999 -9999 -9999 -9999 -9999 -9999 -9999 -9999 -9999 -9999 -9999 -9999 -9999 -9999 -9999 -9999 -9999 -9999 -9999 -9999 -9999 -9999 -9999 -9999 -9999 -9999 -9999 -9999 -9999 -9999 -9999 -9999 -9999 -9999 -9999 -9999 -9999 -9999 -9999 -9999 250 251 248 247 243 237 236 234 234 231 231 233 234 237 234 237 236 235 231 232 234 232 228 222 197 200 206 200 202 209 194 202 202 218 232 240 236 251 251 245 236 232 238 253
-9999 -9999 -9999 -9999 -9999 -9999 -9999 -9999 -9999 -9999 -9999 -9999 -9999 -9999 -9999 -9999 -9999 -9999 -9999 -9999 -9999 -9999 -9999 -9999 -9999 -9999 -9999 -9999 -9999 -9999 -9999 -9999 -9999 -9999 -9999 -9999 -9999 -9999 -9999 -9999 249 250 248 246 244 240 238 237 236 235 234 233 235 237 238 239 236 234 232 227 231 232 227 221 211 196 194 194 191 203 193 198 208 227 242 247 246 254 255 253 235 219 222 245
-9999 -9999 -9999 -9999 -9999 -9999 -9999 -9999 -9999 -9999 -9999 -9999 -9999 -9999 -9999 -9999 -9999 -9999 -9999 -9999 -9999 -9999 -9999 -9999 -9999 -9999 -9999 -9999 -9999 -9999 -9999 -9999 -9999 -9999 -9999 -9999 -9999 -9999 -9999 -9999 247 248 249 246 243 239 240 239 238 239 237 234 236 236 238 236 235 233 225 218 224 229 229 222 214 206 197 194 186 196 209 206 220 231 242 251 254 255 256 256 247 230 247 259
-9999 -9999 -9999 -9999 -9999 -9999 -9999 -9999 -9999 -9999 -9999 -9999 -9999 -9999 -9999 -9999 -9999 -9999 -9999 -9999 -9999 -9999 -9999 -9999 -9999 -9999 -9999 -9999 -9999 -9999 -9999 -9999 -9999 -9999 -9999 -9999 -9999 -9999 -9999 -9999 -9999 246 250 246 242 241 242 241 240 241 239 238 239 238 239 235 231 232 226 213 224 223 227 224 221 217 206 192 191 209 220 224 224 230 242 252 256 256 258 259 258 254 253 260
-9999 -9999 -9999 -9999 -9999 -9999 -9999 -9999 -9999 -9999 -9999 -9999 -9999 -9999 -9999 -9999 -9999 -9999 -9999 -9999 -9999 -9999 -9999 -9999 -9999 -9999 -9999 -9999 -9999 -9999 -9999 -9999 -9999 -9999 -9999 -9999 -9999 -9999 -9999 -9999 -9999 245 247 247 246 246 244 243 242 242 241 242 241 240 239 236 234 233 231 226 218 218 222 226 223 218 210 204 193 208 222 236 238 233 241 250 257 258 260 260 261 261 261 261
-9999 -9999 -9999 -9999 -9999 -9999 -9999 -9999 -9999 -9999 -9999 -9999 -9999 -9999 -9999 -9999 -9999 -9999 -9999 -9999 -9999 -9999 -9999 -9999 -9999 -9999 -9999 -9999 -9999 -9999 -9999 -9999 -9999 -9999 248 246 -9999 -9999 -9999 -9999 -9999 243 244 246 246 247 247 246 244 244 243 242 239 239 238 236 235 234 232 230 226 225 223 214 218 220 219 211 200 217 229 237 247 250 237 244 256 259 260 261 262 263 262 263
-9999 -9999 -9999 -9999 -9999 -9999 -9999 -9999 -9999 -9999 -9999 -9999 -9999 -9999 -9999 -9999 -9999 -9999 -9999 -9999 -9999 -9999 -9999 -9999 -9999 -9999 -9999 -9999 -9999 -9999 -9999 -9999 -9999 248 247 245 244 -9999 -9999 -9999 -9999 242 243 243 244 246 246 244 243 242 241 241 239 237 237 237 236 234 233 232 230 230 227 221 215 218 216 212 213 228 233 237 249 254 255 244 257 258 261 261 262 262 262 263
-9999 -9999 -9999 -9999 -9999 -9999 -9999 -9999 -9999 -9999 -9999 -9999 -9999 -9999 -9999 -9999 -9999 -9999 -9999 -9999 -9999 -9999 -9999 -9999 -9999 -9999 -9999 -9999 -9999 -9999 -9999 -9999 -9999 246 244 244 243 241 -9999 -9999 -9999 240 241 241 242 243 243 243 242 240 239 239 238 236 236 237 235 234 234 233 232 231 230 223 218 213 214 214 232 233 243 241 255 257 255 245 256 260 260 262 262 262 263 263
-9999 -9999 -9999 -9999 -9999 -9999 -9999 -9999 -9999 -9999 -9999 -9999 -9999 -9999 -9999 -9999 -9999 -9999 -9999 -9999 -9999 -9999 -9999 -9999 -9999 -9999 -9999 -9999 -9999 -9999 -9999 -9999 -9999 245 241 243 243 240 -9999 -9999 241 240 240 240 240 242 242 241 241 240 238 236 236 234 235 234 234 233 233 232 231 229 230 226 218 212 213 223 236 243 251 252 255 257 257 242 256 259 261 262 263 263 263 264
-9999 -9999 -9999 -9999 -9999 -9999 -9999 -9999 -9999 -9999 -9999 -9999 -9999 -9999 -9999 -9999 -9999 -9999 -9999 -9999 -9999 -9999 -9999 -9999 -9999 -9999 -9999 -9999 -9999 -9999 -9999 -9999 -9999 245 242 240 242 241 238 -9999 -9999 239 238 238 239 238 241 240 239 239 237 234 234 234 233 232 233 232 232 231 224 223 220 219 224 210 206 220 232 245 253 255 256 258 258 258 260 260 261 262 262 263 263 262
-9999 -9999 -9999 -9999 -9999 -9999 -9999 -9999 -9999 -9999 -9999 -9999 -9999 -9999 -9999 -9999 -9999 -9999 -9999 -9999 -9999 -9999 -9999 -9999 -9999 -9999 -9999 -9999 -9999 -9999 -9999 -9999 -9999 246 241 241 240 239 239 -9999 240 239 237 238 237 237 239 239 237 238 238 236 233 233 233 232 233 232 233 232 228 229 229 220 221 217 207 216 230 251 255 256 258 258 259 260 261 261 261 262 262 262 263 263
-9999 -9999 -9999 -9999 -9999 -9999 -9999 -9999 -9999 -9999 -9999 -9999 -9999 -9999 -9999 -9999 -9999 -9999 -9999 -9999 -9999 -9999 -9999 -9999 -9999 -9999 -9999 -9999 -9999 -9999 -9999 -9999 -9999 244 243 241 239 237 238 237 238 239 238 236 234 236 237 238 237 236 237 236 234 234 233 232 233 232 233 234 232 231 231 232 231 230 221 216 232 236 253 257 258 258 259 260 261 261 261 261 262 262 262 262
