invasiveSpecies/singleSpecies/data/worldclim_KE/worldclim_KE_2050_BC26_Bio19.asc
ncols         347
nrows         295
xllcorner     36.068012264173
yllcorner     0.13039239511974
cellsize      0.0083333333333333
NODATA_value  -9999
[rows 41 to 81 of 295, columns 184 to 275 of 347]
-9999 -9999 -9999 -9999 -9999 -9999 -9999 -9999 -9999 -9999 -9999 -9999 -9999 -9999 -9999 -9999 -9999 -9999 -9999 -9999 16 17 17 19 19 20 20 20 23 23 23 25 26 27 28 30 32 33 32 32 33 -9999 -9999 -9999 -9999 -9999 -9999 -9999 23 21 20 20 20 19 18 18 16 15 14 14 14 12 12 12 12 12 10 12 10 12 9 9 9 9 9 9 8 7 7 7 7 7 7 7 7 8 8 7 8 8 8 6
-9999 -9999 -9999 -9999 -9999 -9999 -9999 -9999 -9999 -9999 -9999 -9999 -9999 -9999 -9999 -9999 -9999 -9999 -9999 -9999 16 17 17 19 20 20 20 22 23 23 24 24 24 26 27 28 28 30 29 30 30 -9999 -9999 -9999 -9999 -9999 -9999 -9999 20 20 20 18 18 18 17 16 15 14 14 14 12 12 12 12 12 10 11 9 9 9 9 9 9 9 9 9 8 8 7 7 7 7 7 7 8 8 8 7 8 7 7 7
-9999 -9999 -9999 -9999 -9999 -9999 -9999 -9999 -9999 -9999 -9999 -9999 -9999 -9999 -9999 -9999 -9999 -9999 -9999 -9999 16 17 17 19 20 20 20 20 23 23 23 24 23 26 27 27 27 28 27 27 26 -9999 -9999 -9999 -9999 -9999 21 20 19 19 20 18 17 17 16 15 15 14 13 12 12 12 12 12 12 11 9 9 9 9 9 9 9 9 8 7 8 7 7 7 7 8 7 8 7 8 6 7 7 7 7 6
-9999 -9999 -9999 -9999 -9999 -9999 -9999 -9999 -9999 -9999 -9999 -9999 -9999 -9999 -9999 -9999 -9999 -9999 -9999 -9999 16 17 17 18 20 20 20 20 20 23 23 23 23 26 26 26 27 26 27 26 26 23 23 23 23 20 20 19 18 18 18 18 17 16 15 15 14 14 13 12 12 12 12 12 11 9 9 9 9 9 9 9 9 9 7 8 8 7 7 7 7 8 7 8 8 7 8 7 7 7 7 6
-9999 -9999 -9999 -9999 -9999 -9999 -9999 -9999 -9999 -9999 -9999 -9999 -9999 -9999 -9999 -9999 -9999 -9999 -9999 -9999 16 17 17 18 19 20 20 20 20 21 23 23 23 24 24 24 24 24 23 17 23 23 21 21 20 20 18 18 18 17 17 17 16 16 15 14 13 12 12 12 12 12 12 12 11 10 9 9 9 9 9 9 9 9 8 7 7 7 7 8 7 8 8 7 8 7 7 7 7 7 7 6
-9999 -9999 -9999 -9999 -9999 -9999 -9999 -9999 -9999 -9999 -9999 -9999 -9999 -9999 -9999 -9999 -9999 -9999 -9999 16 16 16 17 18 18 19 20 20 20 21 22 22 23 23 23 23 23 23 17 17 20 21 20 20 19 19 18 18 17 17 17 16 15 15 15 14 13 12 12 12 12 12 12 12 11 9 9 9 9 9 9 9 9 9 8 8 7 7 7 8 7 7 7 8 7 7 7 7 7 7 6 7
-9999 -9999 -9999 -9999 -9999 -9999 -9999 -9999 -9999 -9999 -9999 -9999 -9999 -9999 -9999 -9999 -9999 -9999 -9999 15 16 16 16 17 18 19 20 20 20 21 21 21 21 23 23 23 23 21 20 20 20 20 20 18 18 18 17 17 16 16 15 15 15 14 14 13 12 12 12 12 12 12 11 9 9 9 9 9 8 9 9 8 8 7 8 7 7 8 7 7 8 7 7 8 7 7 7 7 7 6 6 7
-9999 -9999 -9999 -9999 -9999 -9999 -9999 -9999 -9999 -9999 -9999 -9999 -9999 -9999 -9999 -9999 -9999 -9999 -9999 15 12 12 16 17 18 18 19 20 20 20 21 21 21 21 23 23 21 20 20 20 19 18 18 18 18 17 16 16 15 16 15 15 14 14 12 12 12 12 12 12 12 11 9 9 9 9 9 9 9 9 8 7 8 7 7 8 7 7 7 7 6 6 8 6 7 7 7 7 6 7 7 7
-9999 -9999 -9999 -9999 -9999 -9999 -9999 -9999 -9999 -9999 -9999 -9999 -9999 -9999 -9999 -9999 -9999 -9999 -9999 14 14 15 16 17 18 18 19 19 20 20 20 20 21 20 20 20 20 20 19 19 18 18 18 18 17 17 16 15 15 14 14 14 13 12 12 12 12 12 12 12 10 9 8 8 9 8 9 8 9 8 8 8 8 7 7 7 7 6 7 7 7 6 6 6 7 7 7 7 7 7 6 7
-9999 -9999 -9999 -9999 -9999 -9999 -9999 -9999 -9999 -9999 -9999 -9999 -9999 -9999 -9999 -9999 -9999 -9999 -9999 15 15 16 16 16 18 18 18 19 20 20 20 20 21 20 20 19 18 18 18 18 18 17 17 17 17 16 16 15 14 12 13 12 12 12 12 12 12 12 12 11 9 9 8 9 9 9 9 8 9 8 7 8 7 7 7 7 7 7 6 7 7 6 7 7 7 7 7 7 7 7 6 7
-9999 -9999 -9999 -9999 -9999 -9999 -9999 -9999 -9999 -9999 -9999 -9999 -9999 -9999 -9999 -9999 -9999 -9999 -9999 15 16 17 17 17 17 17 18 18 18 19 20 20 19 19 18 18 18 18 18 17 17 17 16 16 16 15 15 15 13 12 12 12 12 12 12 12 12 10 9 9 9 9 9 9 9 9 8 9 8 8 8 8 8 7 7 7 7 7 7 7 7 7 7 7 7 6 6 6 6 6 6 6
-9999 -9999 -9999 -9999 -9999 -9999 -9999 -9999 -9999 -9999 -9999 -9999 -9999 -9999 -9999 -9999 -9999 -9999 -9999 15 16 16 17 17 17 17 17 18 18 18 19 19 18 18 18 17 18 17 17 17 17 16 16 16 15 15 15 14 13 12 12 12 12 12 12 12 12 11 9 9 9 9 9 9 9 8 8 8 8 8 8 8 8 7 7 7 7 7 7 7 7 7 6 6 6 6 6 6 5 5 5 5
-9999 -9999 -9999 -9999 -9999 -9999 -9999 -9999 -9999 -9999 -9999 -9999 -9999 -9999 -9999 -9999 -9999 -9999 -9999 15 15 16 16 17 17 17 17 17 18 18 19 18 18 18 17 17 17 17 17 16 16 16 15 15 14 14 12 13 12 12 12 12 12 12 11 12 12 11 9 9 9 9 9 9 8 8 8 7 8 8 8 7 7 7 7 7 7 7 7 6 6 6 6 6 6 6 5 5 5 5 5 5
-9999 -9999 -9999 -9999 -9999 -9999 -9999 -9999 -9999 -9999 -9999 -9999 -9999 -9999 -9999 -9999 -9999 -9999 -9999 15 15 16 16 16 17 17 17 17 17 17 17 17 17 17 17 16 16 16 15 16 15 15 15 15 14 14 12 12 12 12 12 12 12 12 12 9 11 8 9 9 9 8 8 8 8 8 7 8 8 8 8 8 7 7 7 7 6 7 6 6 6 6 6 6 6 5 5 5 5 5 5 5
-9999 -9999 -9999 -9999 -9999 -9999 -9999 -9999 -9999 -9999 -9999 -9999 -9999 -9999 -9999 -9999 -9999 -9999 -9999 15 15 15 15 15 16 16 16 17 17 17 17 17 16 16 16 15 15 15 15 15 15 15 15 14 13 12 12 12 12 12 12 12 12 10 9 9 9 9 9 9 9 9 9 8 7 8 8 7 8 7 7 7 7 7 6 6 6 6 6 6 6 6 5 5 5 5 5 5 5 5 5 5
-9999 -9999 -9999 -9999 -9999 -9999 -9999 -9999 -9999 -9999 -9999 -9999 -9999 -9999 -9999 -9999 -9999 -9999 -9999 15 15 15 15 15 15 15 16 16 16 16 16 16 16 16 15 15 15 14 15 15 15 14 14 12 12 12 9 12 12 12 12 11 10 8 9 9 9 9 9 9 9 9 9 8 8 7 8 7 7 7 7 6 6 6 6 6 6 6 6 6 6 5 5 5 5 5 5 5 5 5 5 5
-9999 -9999 -9999 -9999 -9999 -9999 -9999 -9999 -9999 -9999 -9999 -9999 -9999 -9999 -9999 -9999 -9999 -9999 14 14 14 15 15 15 15 15 15 15 16 16 16 15 15 15 15 15 15 14 13 14 14 13 13 12 12 12 12 12 12 11 12 9 9 9 8 9 9 8 8 9 8 7 8 7 8 7 7 6 7 7 6 6 6 6 6 6 6 6 6 6 5 5 5 5 5 5 5 5 5 5 5 5
-9999 -9999 -9999 -9999 -9999 -9999 -9999 -9999 -9999 -9999 -9999 -9999 -9999 -9999 -9999 -9999 -9999 -9999 14 14 14 14 15 15 15 15 15 15 15 15 15 15 15 15 15 15 14 13 13 12 12 12 12 12 12 12 12 12 12 12 9 9 8 9 9 7 9 9 9 8 8 8 8 8 8 7 6 7 7 6 6 6 6 6 6 6 6 6 5 5 5 5 5 5 5 5 5 5 5 5 5 5
-9999 -9999 -9999 -9999 -9999 -9999 -9999 -9999 -9999 -9999 -9999 -9999 -9999 -9999 -9999 -9999 -9999 -9999 12 12 14 14 14 14 15 15 15 15 15 14 14 15 15 15 15 14 14 12 12 12 12 12 12 12 12 12 12 12 12 9 9 8 7 7 7 8 9 8 8 8 7 8 8 8 7 7 6 7 6 6 6 6 6 6 6 6 5 5 5 5 5 5 5 5 5 5 5 5 5 5 5 5
-9999 -9999 -9999 -9999 -9999 -9999 -9999 -9999 -9999 -9999 -9999 -9999 -9999 -9999 -9999 -9999 -9999 -9999 12 12 12 12 12 13 14 14 14 15 14 14 13 14 14 14 13 12 13 12 12 12 12 12 12 12 12 12 12 12 11 11 9 8 8 8 8 7 8 7 8 8 7 8 6 7 7 7 6 7 6 6 6 6 6 6 6 5 5 5 5 5 5 5 5 5 5 5 5 5 5 5 5 5
-9999 -9999 -9999 -9999 -9999 -9999 -9999 -9999 -9999 -9999 -9999 -9999 -9999 -9999 -9999 -9999 -9999 12 12 12 12 12 12 12 12 14 14 14 14 12 12 12 12 12 12 12 12 12 12 12 12 11 12 12 12 12 11 11 9 9 8 8 7 7 7 7 6 8 7 8 7 7 7 7 7 7 7 6 6 6 6 6 6 5 5 5 5 5 5 5 5 5 5 5 5 5 5 5 5 5 5 5
-9999 -9999 -9999 -9999 -9999 -9999 -9999 -9999 -9999 -9999 -9999 -9999 -9999 -9999 -9999 -9999 -9999 12 12 12 12 12 12 12 12 12 12 12 12 12 12 12 12 12 12 12 12 12 12 11 11 9 9 12 12 11 11 11 8 7 8 8 7 7 7 7 7 7 7 6 7 7 6 7 6 6 6 6 6 6 6 6 5 5 5 5 5 5 5 5 5 5 5 5 5 5 5 5 5 5 5 5
-9999 -9999 -9999 -9999 -9999 -9999 -9999 -9999 -9999 -9999 -9999 -9999 -9999 -9999 -9999 -9999 -9999 12 12 12 12 12 12 12 12 12 12 12 12 12 12 12 12 12 12 12 12 9 11 11 9 9 9 9 9 8 8 7 8 8 7 7 7 7 7 7 7 7 7 7 7 6 7 6 6 6 6 6 6 6 6 5 5 5 5 5 5 5 5 5 5 5 5 5 5 5 5 5 5 5 5 5
-9999 -9999 -9999 -9999 -9999 -9999 -9999 -9999 -9999 -9999 -9999 -9999 -9999 -9999 -9999 -9999 -9999 12 12 12 12 12 12 12 12 12 12 12 12 12 12 12 12 12 12 11 11 9 9 9 9 9 9 9 9 8 8 8 6 6 6 7 6 6 6 6 6 6 7 8 6 7 7 6 6 6 6 6 5 5 5 5 5 5 5 5 5 5 5 5 5 5 5 5 5 5 5 5 5 5 5 5
-9999 -9999 -9999 -9999 -9999 -9999 -9999 -9999 -9999 -9999 -9999 -9999 -9999 -9999 -9999 -9999 -9999 10 10 11 10 10 10 11 12 12 12 12 12 11 11 11 11 11 11 9 9 9 9 8 9 9 9 8 8 8 7 7 6 7 7 7 7 7 7 7 6 6 6 8 7 7 6 7 6 6 6 5 5 5 5 5 5 5 5 5 5 5 5 5 5 5 5 5 5 5 5 5 5 5 5 5
-9999 -9999 -9999 -9999 -9999 -9999 -9999 -9999 -9999 -9999 -9999 -9999 -9999 -9999 -9999 -9999 -9999 10 10 10 10 10 10 10 11 11 11 11 10 10 9 9 9 9 9 8 8 8 9 9 9 8 9 8 8 8 7 7 6 7 7 7 7 7 6 6 6 7 7 8 8 6 7 6 6 5 5 5 5 5 5 5 5 5 5 5 5 5 5 5 5 5 5 5 5 5 5 5 5 5 5 5
-9999 -9999 -9999 -9999 -9999 -9999 -9999 -9999 -9999 -9999 -9999 -9999 -9999 -9999 -9999 -9999 10 10 10 9 9 9 9 9 9 9 9 10 8 9 8 8 9 9 8 8 9 9 9 9 9 9 8 8 8 8 7 7 7 7 6 6 6 6 6 6 6 6 7 8 8 6 6 6 6 5 5 5 5 5 5 5 5 5 5 5 5 5 5 5 5 5 5 5 5 5 5 5 5 5 5 5
-9999 -9999 -9999 -9999 -9999 -9999 -9999 -9999 -9999 -9999 -9999 -9999 -9999 -9999 -9999 -9999 10 9 9 9 9 9 9 9 9 9 9 9 9 9 8 9 9 9 9 9 8 9 9 8 8 8 8 8 7 7 7 7 6 6 6 6 6 6 6 6 6 6 7 7 8 8 7 6 6 5 5 5 5 5 5 5 5 5 5 5 5 5 5 5 5 5 5 5 5 5 5 5 5 5 5 5
-9999 -9999 -9999 -9999 -9999 -9999 -9999 -9999 -9999 -9999 -9999 -9999 -9999 -9999 -9999 -9999 9 9 9 9 9 9 9 9 9 9 9 9 9 9 9 9 9 8 7 8 8 8 8 8 8 8 8 8 7 7 7 6 6 6 6 6 6 6 6 6 6 6 6 7 8 7 7 6 6 5 5 5 5 5 5 5 5 5 5 5 5 5 5 5 5 5 5 5 5 5 5 5 5 5 5 5
-9999 -9999 -9999 -9999 -9999 -9999 -9999 -9999 -9999 -9999 -9999 -9999 -9999 -9999 -9999 9 9 9 9 9 9 9 9 9 9 9 9 9 7 7 8 9 8 8 7 8 8 8 8 8 8 8 8 8 7 7 6 6 6 6 6 6 6 6 6 6 6 6 6 8 6 6 6 6 5 5 5 5 5 5 5 5 5 5 5 5 5 5 5 5 5 5 5 5 5 5 5 5 5 5 5 5
-9999 -9999 -9999 -9999 -9999 -9999 -9999 -9999 -9999 -9999 -9999 -9999 -9999 -9999 -9999 9 9 9 9 9 9 9 9 9 9 9 9 9 8 8 8 8 7 8 8 8 8 8 8 8 7 8 7 7 7 7 6 6 6 6 6 6 6 6 6 6 6 6 8 8 7 7 6 6 5 5 5 5 5 5 5 5 5 5 5 5 5 5 5 5 5 5 5 5 5 5 5 5 5 5 5 4
-9999 -9999 -9999 -9999 -9999 -9999 -9999 -9999 -9999 -9999 -9999 -9999 -9999 -9999 9 9 9 9 9 9 9 9 9 9 9 9 8 7 8 8 8 7 7 8 7 7 8 7 8 7 8 6 7 7 7 6 6 6 6 6 6 6 6 6 6 6 6 8 8 7 7 7 6 5 5 5 5 5 5 5 5 5 5 5 5 5 5 5 5 5 5 5 5 5 5 5 5 5 5 5 5 4
-9999 -9999 -9999 -9999 -9999 -9999 -9999 -9999 -9999 -9999 -9999 -9999 -9999 -9999 8 9 9 9 9 9 9 8 8 8 8 8 8 8 8 7 7 7 7 7 8 7 7 7 7 7 7 7 7 7 7 6 6 6 6 6 6 6 6 6 6 6 5 5 7 6 7 7 7 5 5 5 5 5 5 5 5 5 5 5 5 5 5 5 5 5 5 5 5 5 5 5 5 5 5 5 5 4
-9999 -9999 -9999 -9999 -9999 -9999 -9999 -9999 -9999 -9999 -9999 -9999 -9999 -9999 9 9 9 8 9 7 8 8 8 8 8 8 7 7 8 8 7 8 8 8 8 7 6 6 7 6 6 6 7 7 6 6 6 6 6 6 6 6 6 6 5 5 5 5 5 5 5 5 5 5 5 5 5 5 5 5 5 5 5 5 5 5 5 5 5 5 5 5 5 5 5 5 5 4 5 5 5 4
-9999 -9999 -9999 -9999 -9999 -9999 -9999 -9999 -9999 -9999 -9999 -9999 -9999 9 8 8 7 8 8 8 8 8 8 7 7 8 8 8 7 8 8 8 8 7 7 7 6 6 6 6 6 6 6 6 6 6 6 6 6 6 6 6 6 6 5 5 5 5 5 5 5 5 5 5 5 5 5 5 5 5 5 5 5 5 5 5 5 5 5 5 5 5 5 5 5 5 5 4 5 5 5 4
-9999 -9999 -9999 -9999 -9999 -9999 -9999 -9999 -9999 -9999 -9999 -9999 -9999 9 8 7 8 7 8 8 7 8 8 8 8 8 8 7 7 7 8 8 8 7 7 7 6 6 6 6 6 6 6 6 6 6 6 6 6 6 6 6 5 5 5 5 5 5 5 5 5 5 5 5 5 5 5 5 5 5 5 5 5 5 5 5 5 5 5 5 5 5 5 5 5 5 4 4 4 4 5 5
-9999 -9999 -9999 -9999 -9999 -9999 -9999 -9999 -9999 -9999 -9999 -9999 -9999 9 8 8 7 8 8 8 8 8 8 8 8 8 8 8 7 7 7 7 7 7 7 7 6 6 6 6 6 6 6 6 6 6 6 6 6 6 6 5 5 5 5 5 5 5 5 5 5 5 5 5 5 5 5 5 5 5 5 5 5 5 5 5 5 5 5 5 5 5 5 5 5 5 4 4 4 4 5 5
-9999 -9999 -9999 -9999 -9999 -9999 -9999 -9999 -9999 -9999 -9999 -9999 9 9 8 8 7 8 7 8 8 8 8 8 8 8 8 8 8 7 7 7 7 7 7 7 6 6 6 6 6 6 6 6 6 6 6 6 6 6 5 5 5 5 5 5 5 5 5 5 5 5 5 5 5 5 5 5 5 5 5 5 5 5 5 5 5 5 5 5 5 5 5 5 5 4 4 4 4 4 4 5
-9999 -9999 -9999 -9999 -9999 -9999 -9999 -9999 -9999 -9999 -9999 -9999 9 9 8 7 8 8 8 8 8 8 8 7 8 8 8 8 8 7 7 7 7 7 7 7 6 6 6 6 6 6 6 6 6 6 6 6 6 5 5 5 5 5 5 5 5 5 5 5 5 5 5 5 5 5 5 5 5 5 5 5 5 5 5 5 5 5 5 5 5 5 5 5 5 5 5 5 5 5 5 4
-9999 -9999 -9999 -9999 -9999 -9999 -9999 -9999 -9999 -9999 -9999 9 9 9 8 8 7 8 8 8 8 8 7 8 8 8 8 8 8 8 6 6 7 7 7 7 7 6 6 6 6 6 6 6 6 6 6 5 5 5 5 5 5 5 5 5 5 5 5 5 5 5 5 5 5 5 5 5 5 5 5 5 5 5 5 5 5 5 5 5 5 5 5 5 5 5 5 5 5 5 5 5
-9999 -9999 -9999 -9999 -9999 -9999 -9999 -9999 -9999 -9999 -9999 9 8 8 7 7 8 8 8 8 8 8 7 8 8 8 8 8 8 7 7 6 7 7 7 7 7 7 6 6 6 6 6 6 6 6 5 5 5 5 5 5 5 5 5 5 5 5 5 5 5 5 5 5 5 5 5 5 5 5 5 5 5 5 5 5 5 5 5 5 5 5 5 5 5 4 5 5 5 5 5 5
