invasiveSpecies/singleSpecies/data/worldclim_KE/worldclim_KE_2050_BC26_Bio13.asc
ncols         347
nrows         295
xllcorner     36.068012264173
yllcorner     0.13039239511974
cellsize      0.0083333333333333
NODATA_value  -9999
[rows 222 to 258 of 295, columns 84 to 167 of 347]
-9999 -9999 -9999 -9999 -9999 -9999 -9999 -9999 -9999 -9999 -9999 -9999 -9999 -9999 -9999 -9999 -9999 -9999 -9999 -9999 -9999 -9999 -9999 -9999 -9999 -9999 -9999 -9999 -9999 -9999 -9999 -9999 -9999 -9999 -9999 -9999 -9999 -9999 -9999 -9999 -9999 -9999 -9999 -9999 -9999 -9999 -9999 -9999 -9999 -9999 -9999 -9999 -9999 155 149 150 150 152 150 146 144 138 137 141 144 146 149 150 154 156 154 153 151 147 145 144 143 142 142 144 146 148 184 181
-9999 -9999 -9999 -9999 -9999 -9999 -9999 -9999 -9999 -9999 -9999 -9999 -9999 -9999 -9999 -9999 -9999 -9999 -9999 -9999 -9999 -9999 -9999 -9999 -9999 -9999 -9999 -9999 -9999 -9999 -9999 -9999 -9999 -9999 -9999 -9999 -9999 -9999 -9999 -9999 -9999 -9999 -9999 -9999 -9999 -9999 -9999 -9999 -9999 -9999 -9999 -9999 -9999 159 150 157 154 155 154 151 147 142 137 137 141 143 146 149 152 155 155 154 154 151 147 144 142 142 142 144 152 189 195 184
-9999 -9999 -9999 -9999 -9999 -9999 -9999 -9999 -9999 -9999 -9999 -9999 -9999 -9999 -9999 -9999 -9999 -9999 -9999 -9999 -9999 -9999 -9999 -9999 -9999 -9999 -9999 -9999 -9999 -9999 -9999 -9999 -9999 -9999 -9999 -9999 -9999 -9999 -9999 -9999 -9999 -9999 -9999 -9999 -9999 -9999 -9999 -9999 -9999 -9999 -9999 -9999 -9999 166 161 164 161 161 159 153 149 146 142 137 139 141 144 146 149 153 153 154 160 154 152 147 143 142 141 155 160 190 208 194
-9999 -9999 -9999 -9999 -9999 -9999 -9999 -9999 -9999 -9999 -9999 -9999 -9999 -9999 -9999 -9999 -9999 -9999 -9999 -9999 -9999 -9999 -9999 -9999 -9999 -9999 -9999 -9999 -9999 -9999 -9999 -9999 -9999 -9999 -9999 -9999 -9999 -9999 -9999 -9999 -9999 -9999 -9999 -9999 -9999 -9999 -9999 -9999 -9999 -9999 -9999 -9999 -9999 168 168 168 167 164 159 153 150 147 143 138 136 139 142 144 148 150 150 151 154 156 166 151 146 143 145 162 180 189 191 197
-9999 -9999 -9999 -9999 -9999 -9999 -9999 -9999 -9999 -9999 -9999 -9999 -9999 -9999 -9999 -9999 -9999 -9999 -9999 -9999 -9999 -9999 -9999 -9999 -9999 -9999 -9999 -9999 -9999 -9999 -9999 -9999 -9999 -9999 -9999 -9999 -9999 -9999 -9999 -9999 -9999 -9999 -9999 -9999 -9999 -9999 -9999 -9999 -9999 -9999 -9999 -9999 -9999 172 175 170 169 168 161 156 153 153 146 140 134 137 142 144 145 147 148 149 150 155 176 158 149 145 145 171 196 179 173 181
94 95 98 98 -9999 -9999 -9999 -9999 -9999 -9999 -9999 -9999 -9999 -9999 -9999 -9999 -9999 -9999 -9999 -9999 -9999 -9999 -9999 -9999 -9999 -9999 -9999 -9999 -9999 -9999 -9999 -9999 -9999 -9999 -9999 -9999 -9999 -9999 -9999 -9999 -9999 -9999 -9999 -9999 -9999 -9999 -9999 -9999 -9999 -9999 -9999 -9999 173 174 176 174 171 168 164 161 163 161 149 142 138 133 142 141 143 146 146 146 148 153 156 160 152 149 148 152 159 163 161 157
95 98 98 100 99 102 110 108 -9999 -9999 -9999 -9999 -9999 -9999 -9999 -9999 -9999 -9999 -9999 -9999 -9999 -9999 -9999 -9999 -9999 -9999 -9999 -9999 -9999 -9999 -9999 -9999 -9999 -9999 -9999 -9999 -9999 -9999 -9999 -9999 -9999 -9999 -9999 -9999 -9999 -9999 -9999 -9999 -9999 -9999 -9999 179 173 175 179 177 173 170 167 162 163 159 151 145 140 133 136 139 140 144 142 143 145 150 152 170 159 153 149 152 167 169 166 165
96 97 98 98 100 102 107 113 113 108 -9999 -9999 -9999 -9999 -9999 -9999 -9999 -9999 -9999 -9999 -9999 -9999 -9999 -9999 -9999 -9999 -9999 -9999 -9999 -9999 -9999 -9999 -9999 -9999 -9999 -9999 -9999 -9999 -9999 -9999 -9999 -9999 -9999 -9999 -9999 -9999 -9999 -9999 -9999 -9999 -9999 176 178 177 178 179 172 169 164 158 155 148 147 143 139 135 132 136 137 143 140 142 143 148 158 185 170 160 149 148 154 181 191 177
94 95 96 98 99 101 102 109 116 107 -9999 -9999 -9999 -9999 -9999 -9999 -9999 -9999 -9999 -9999 -9999 -9999 -9999 -9999 -9999 -9999 -9999 -9999 -9999 -9999 -9999 -9999 -9999 -9999 -9999 -9999 -9999 -9999 -9999 -9999 -9999 -9999 -9999 -9999 -9999 -9999 -9999 -9999 -9999 -9999 181 180 182 179 179 175 170 166 162 159 157 151 149 144 141 137 131 133 136 141 138 139 141 144 154 192 182 155 149 151 155 186 197 192
93 94 95 98 100 100 102 115 117 107 105 -9999 -9999 -9999 -9999 -9999 -9999 -9999 -9999 -9999 -9999 -9999 -9999 -9999 -9999 -9999 -9999 -9999 -9999 -9999 -9999 -9999 -9999 -9999 -9999 -9999 -9999 -9999 -9999 -9999 -9999 -9999 -9999 -9999 -9999 -9999 -9999 -9999 -9999 185 182 186 183 181 175 171 168 167 165 165 160 156 152 148 141 138 134 131 136 142 138 137 140 144 151 162 204 154 144 143 149 168 174 162
92 93 95 97 99 99 100 103 113 107 107 107 -9999 -9999 -9999 -9999 -9999 -9999 -9999 -9999 -9999 -9999 -9999 -9999 -9999 -9999 -9999 -9999 -9999 -9999 -9999 -9999 -9999 -9999 -9999 -9999 -9999 -9999 -9999 -9999 -9999 -9999 -9999 -9999 -9999 -9999 -9999 -9999 -9999 185 186 186 184 177 174 171 167 164 165 164 160 155 151 147 143 138 135 131 132 137 137 137 137 141 145 154 162 169 147 149 146 157 176 156
91 93 96 97 98 98 101 104 109 120 113 127 -9999 -9999 -9999 -9999 -9999 -9999 -9999 -9999 -9999 -9999 -9999 -9999 -9999 -9999 -9999 -9999 -9999 -9999 -9999 -9999 -9999 -9999 -9999 -9999 -9999 -9999 -9999 -9999 -9999 -9999 -9999 -9999 -9999 -9999 -9999 -9999 188 189 186 181 176 172 171 171 166 163 161 159 155 153 150 147 142 139 135 132 129 132 134 135 137 138 142 147 149 153 143 143 142 144 170 144
91 93 95 97 98 99 107 123 122 133 110 122 129 -9999 -9999 -9999 -9999 -9999 -9999 -9999 -9999 -9999 -9999 -9999 -9999 -9999 -9999 -9999 -9999 -9999 -9999 -9999 -9999 -9999 -9999 -9999 -9999 -9999 -9999 -9999 -9999 -9999 -9999 -9999 -9999 -9999 -9999 192 190 188 182 178 174 168 169 168 163 162 158 158 152 152 149 146 141 139 136 134 130 128 132 134 135 138 138 141 144 145 139 139 140 141 176 140
91 93 95 97 100 100 100 127 126 136 149 132 -9999 -9999 -9999 -9999 -9999 -9999 -9999 -9999 -9999 -9999 -9999 -9999 -9999 -9999 -9999 -9999 -9999 -9999 -9999 -9999 -9999 -9999 -9999 -9999 -9999 -9999 -9999 -9999 -9999 -9999 -9999 -9999 -9999 -9999 -9999 194 191 182 179 174 169 168 168 166 160 159 156 156 152 147 147 145 140 136 134 133 132 128 131 134 136 135 137 138 141 145 138 136 137 136 138 137
91 95 98 101 101 103 115 130 137 145 152 140 118 -9999 -9999 -9999 -9999 -9999 -9999 -9999 -9999 -9999 -9999 -9999 -9999 -9999 -9999 -9999 -9999 -9999 -9999 -9999 -9999 -9999 -9999 -9999 -9999 -9999 -9999 -9999 -9999 -9999 -9999 -9999 -9999 -9999 198 195 190 183 176 173 170 167 167 163 159 158 155 151 148 144 141 141 137 135 137 136 134 131 127 130 134 133 136 135 138 138 135 134 135 135 135 137
89 91 96 98 97 101 118 122 134 141 148 146 -9999 -9999 -9999 -9999 -9999 -9999 -9999 -9999 -9999 -9999 -9999 -9999 -9999 -9999 -9999 -9999 -9999 -9999 -9999 -9999 -9999 -9999 -9999 -9999 -9999 -9999 -9999 -9999 -9999 -9999 -9999 -9999 -9999 -9999 198 197 187 180 175 172 169 167 163 161 158 155 152 149 147 147 145 142 142 139 140 138 136 131 127 131 132 132 135 134 135 135 137 132 132 135 132 133
89 90 92 94 93 97 110 106 133 142 156 158 -9999 -9999 -9999 -9999 -9999 -9999 -9999 -9999 -9999 -9999 -9999 -9999 -9999 -9999 -9999 -9999 -9999 -9999 -9999 -9999 -9999 -9999 -9999 -9999 -9999 231 229 224 220 216 210 -9999 205 200 198 191 186 179 178 174 171 165 162 159 157 155 153 154 156 150 148 147 146 143 142 139 136 132 127 129 131 131 132 133 132 133 132 132 130 135 131 130
89 90 91 91 93 100 107 111 138 148 153 160 -9999 -9999 -9999 -9999 -9999 -9999 -9999 -9999 -9999 -9999 -9999 -9999 -9999 -9999 -9999 -9999 -9999 -9999 -9999 -9999 -9999 -9999 -9999 236 234 229 227 224 221 215 212 206 204 201 199 190 183 180 181 175 169 166 162 160 158 157 155 159 167 156 153 150 147 145 142 137 136 132 128 126 129 131 131 132 130 133 130 128 130 131 128 128
90 90 91 92 95 99 112 134 143 144 143 157 -9999 -9999 -9999 -9999 -9999 -9999 -9999 -9999 -9999 -9999 -9999 -9999 -9999 -9999 -9999 -9999 -9999 -9999 -9999 -9999 -9999 -9999 234 233 233 230 228 225 221 216 211 207 204 202 192 186 184 186 184 176 170 167 164 160 158 160 160 165 190 171 158 153 148 144 142 138 136 132 128 126 125 127 129 129 128 128 128 126 128 129 127 126
90 91 91 92 94 95 110 128 134 140 143 151 -9999 -9999 -9999 -9999 -9999 -9999 -9999 -9999 -9999 -9999 -9999 -9999 -9999 -9999 -9999 -9999 -9999 -9999 -9999 -9999 -9999 -9999 231 227 225 231 230 226 222 219 212 208 205 199 189 186 188 188 181 178 173 170 166 164 162 163 164 169 197 193 161 155 154 145 143 140 136 131 129 129 128 127 126 126 126 126 126 126 127 126 126 127
91 91 93 94 95 97 100 130 137 142 147 156 -9999 -9999 -9999 -9999 -9999 -9999 -9999 -9999 -9999 -9999 -9999 -9999 -9999 -9999 -9999 -9999 -9999 -9999 -9999 -9999 -9999 -9999 194 173 196 229 229 225 221 219 212 207 202 196 192 190 191 189 185 178 174 172 169 166 162 168 167 170 180 177 168 161 155 146 142 141 136 133 133 143 143 132 129 127 133 135 139 129 133 143 143 135
92 92 94 98 103 114 119 136 136 142 145 157 154 155 148 145 146 145 136 -9999 -9999 -9999 -9999 -9999 -9999 -9999 -9999 -9999 -9999 -9999 -9999 -9999 -9999 -9999 219 159 158 224 227 201 224 218 214 208 200 198 193 193 196 193 193 179 176 174 171 168 166 166 173 174 180 175 167 160 153 146 144 140 136 135 144 143 143 143 137 128 131 141 143 143 144 145 144 138
94 95 96 99 111 101 101 125 115 137 146 156 149 147 152 150 146 142 139 138 138 145 141 135 137 134 132 -9999 -9999 -9999 -9999 -9999 -9999 -9999 166 146 155 213 224 149 224 220 218 208 203 195 199 198 198 196 186 180 178 176 172 167 164 182 207 181 189 193 164 160 154 148 144 141 138 139 143 138 135 133 130 138 133 137 144 144 146 146 145 146
-9999 -9999 -9999 -9999 105 102 102 106 106 130 151 153 146 143 151 149 145 146 144 142 137 138 140 139 139 138 130 126 119 117 110 118 123 144 151 120 123 145 179 158 219 221 220 218 199 196 208 203 200 195 189 183 180 178 174 170 164 165 184 186 204 195 172 163 156 153 145 141 142 146 144 136 133 131 134 139 137 139 147 148 147 147 147 147
-9999 -9999 -9999 -9999 -9999 -9999 106 106 107 110 134 154 149 141 149 146 146 143 140 136 134 133 132 133 134 137 125 123 122 115 114 112 128 144 133 122 127 134 160 159 205 220 218 211 200 206 215 204 199 192 188 184 182 180 178 175 166 165 186 186 196 191 176 168 160 154 147 146 148 146 145 136 133 132 136 140 139 143 149 148 146 144 142 142
-9999 -9999 -9999 -9999 -9999 -9999 -9999 130 119 127 135 152 153 142 146 146 141 140 138 134 128 131 129 125 131 133 129 126 124 119 114 111 117 124 127 121 124 140 170 149 165 211 207 205 207 167 213 206 202 195 189 187 185 183 182 178 166 200 185 175 188 195 182 175 165 162 150 146 148 147 146 136 135 134 138 145 142 147 149 149 145 144 143 147
-9999 -9999 -9999 -9999 -9999 -9999 -9999 135 137 141 152 -9999 150 145 141 143 146 142 139 134 128 131 129 125 125 132 129 125 120 115 115 112 115 123 124 123 126 143 133 153 150 206 213 213 209 167 212 208 199 193 191 188 187 195 185 177 170 204 180 178 199 200 201 200 170 160 149 146 148 147 139 137 135 136 140 147 145 143 149 148 148 149 148 148
-9999 -9999 -9999 -9999 -9999 -9999 -9999 -9999 -9999 146 -9999 -9999 -9999 147 143 136 140 141 138 134 130 134 134 126 128 126 127 123 116 116 117 113 112 118 121 120 123 127 128 152 165 215 215 188 171 148 180 207 198 196 193 191 193 205 188 173 169 200 -9999 -9999 183 181 185 185 163 154 149 147 148 140 145 139 136 143 150 150 146 149 151 149 150 149 149 148
-9999 -9999 -9999 -9999 -9999 -9999 -9999 -9999 -9999 -9999 -9999 -9999 -9999 152 145 141 138 139 139 138 139 139 134 132 132 122 125 123 119 120 118 113 112 115 118 124 126 127 134 158 138 182 213 191 172 146 166 208 200 197 195 192 206 198 191 172 172 -9999 -9999 -9999 -9999 174 170 165 159 154 150 145 144 147 141 137 139 144 150 151 149 148 151 151 152 154 152 149
-9999 -9999 -9999 -9999 -9999 -9999 -9999 -9999 -9999 -9999 -9999 -9999 -9999 -9999 150 145 140 144 147 147 145 144 139 138 134 123 123 125 125 124 121 113 114 116 120 128 133 135 137 168 141 161 204 189 140 147 206 202 202 199 197 199 186 206 196 -9999 -9999 -9999 -9999 -9999 -9999 -9999 169 165 158 153 149 147 150 145 140 139 142 145 150 152 150 150 153 155 158 159 155 152
-9999 -9999 -9999 -9999 -9999 -9999 -9999 -9999 -9999 -9999 -9999 -9999 -9999 -9999 154 149 150 148 142 139 140 143 142 141 134 131 129 130 128 125 123 118 115 116 118 118 123 137 148 170 160 198 198 165 150 172 209 205 205 205 199 197 206 199 -9999 -9999 -9999 -9999 -9999 -9999 -9999 -9999 -9999 166 159 153 149 151 150 142 141 140 144 150 152 153 153 152 155 158 161 161 156 153
-9999 -9999 -9999 -9999 -9999 -9999 -9999 -9999 -9999 -9999 -9999 -9999 -9999 -9999 -9999 152 148 141 143 136 136 135 136 140 139 133 131 125 124 122 119 117 116 117 120 121 127 129 155 179 158 165 182 144 164 181 183 190 207 204 206 199 204 -9999 -9999 -9999 -9999 -9999 -9999 -9999 -9999 -9999 -9999 165 160 155 150 149 147 144 141 141 146 152 154 156 155 154 157 160 162 157 157 158
-9999 -9999 -9999 -9999 -9999 -9999 -9999 -9999 -9999 -9999 -9999 -9999 -9999 -9999 -9999 153 147 143 141 140 137 133 131 -9999 136 136 129 125 122 117 119 113 116 120 123 129 140 143 155 174 149 139 153 142 149 174 152 156 169 176 199 -9999 -9999 -9999 -9999 -9999 -9999 -9999 -9999 -9999 -9999 -9999 -9999 168 163 157 153 152 153 144 143 143 146 149 155 158 156 156 160 162 163 159 159 162
-9999 -9999 -9999 -9999 -9999 -9999 -9999 -9999 -9999 -9999 -9999 -9999 -9999 -9999 -9999 151 146 141 142 141 137 136 -9999 -9999 -9999 -9999 -9999 -9999 -9999 -9999 114 113 116 120 123 137 145 151 156 155 151 139 141 145 144 150 171 149 156 158 -9999 -9999 -9999 -9999 -9999 -9999 -9999 -9999 -9999 -9999 -9999 -9999 -9999 -9999 163 158 154 154 150 154 144 144 148 156 157 157 161 159 164 164 165 163 162 165
-9999 -9999 -9999 -9999 -9999 -9999 -9999 -9999 -9999 -9999 -9999 -9999 -9999 -9999 -9999 -9999 149 146 146 141 -9999 -9999 -9999 -9999 -9999 -9999 -9999 -9999 -9999 -9999 -9999 114 115 117 118 134 143 155 163 164 158 144 141 140 140 149 163 153 149 152 -9999 -9999 -9999 -9999 -9999 -9999 -9999 -9999 -9999 -9999 -9999 -9999 -9999 -9999 167 160 156 155 147 145 145 146 147 156 159 160 162 162 166 166 166 165 168 176
-9999 -9999 -9999 -9999 -9999 -9999 -9999 -9999 -9999 -9999 -9999 -9999 -9999 -9999 -9999 -9999 148 147 144 -9999 -9999 -9999 -9999 -9999 -9999 -9999 -9999 -9999 -9999 -9999 -9999 117 115 115 119 125 132 155 147 148 142 158 157 146 143 144 157 154 150 154 -9999 -9999 -9999 -9999 -9999 -9999 -9999 -9999 -9999 -9999 -9999 -9999 -9999 -9999 168 162 157 149 148 146 147 147 148 150 158 161 164 165 168 168 170 172 171 178
-9999 -9999 -9999 -9999 -9999 -9999 -9999 -9999 -9999 -9999 -9999 -9999 -9999 -9999 -9999 -9999 -9999 -9999 -9999 -9999 -9999 -9999 -9999 -9999 -9999 -9999 -9999 -9999 -9999 -9999 -9999 -9999 116 115 120 123 128 150 135 143 139 143 146 146 145 138 139 153 153 150 -9999 -9999 -9999 -9999 -9999 -9999 -9999 -9999 -9999 -9999 -9999 -9999 -9999 -9999 169 164 160 153 150 150 149 153 150 152 158 160 165 167 170 171 172 175 176 179
